book_title,chapter_number,chapter_title,sentence_number,sentence_text
El Filibusterismo,1,SA IBABAW NG KUBYERTA,1,Sic itur ad astra.
El Filibusterismo,1,SA IBABAW NG KUBYERTA,2,"Isang umaga ng Disiembre ay hirap na sumasalunga sa palikolikong linalakaran ng ilog Pasig ang bapor Tabo, na may lulang maraming tao, na tungo sa Lalaguna."
El Filibusterismo,1,SA IBABAW NG KUBYERTA,3,"Ang bapor ay may anyong bagol, halos bilog na wari’y tabo na siyang pinanggalingan ng kaniyang pangalan; napakarumi kahit na may nasa siyang maging maputi, malumanay at waring nagmamalaki dahil sa kaniyang banayad na lakad."
El Filibusterismo,1,SA IBABAW NG KUBYERTA,4,"Gayon man, siya’y kinagigiliwan sa dakong iyon, sanhi marahil sa pangalan niyang tagalog o dahil sa taglay niya ang sadyang ugali ng mga bagay-bagay ng bayan, isang wari’y tagumpay na laban sa pagkakasulong, isang bapor na hindi tunay na bapor ang kabuoan, isang sangkap na hindi nagbabago, hindi ayos ngunit hindi mapag-aalinlanganan, na, kung ibig mag-anyong makabago ay nasisiyahan na ng buong kalakhan sa isang pahid ng pintura."
El Filibusterismo,1,SA IBABAW NG KUBYERTA,5,Na ang bapor na ito’y tunay na pilipino!
El Filibusterismo,1,SA IBABAW NG KUBYERTA,6,"Kaunting pagpapaumanhin lamang ang gamiti’t pagkakamanlang siya ang daong ng Pamahalaan, na nayari sa ilalim ng pagsisiyasat ng mga Reberendo at mga Ilustrisimo!"
El Filibusterismo,1,SA IBABAW NG KUBYERTA,7,"Balot ng liwanag sa umaga, hayo na ang maputi niyang katawan (na iniwawasiwas ang maitim na usok) na nagpapagalaw sa alon ng ilog at nagpapaawit sa hangin sa mga maigkas na kawayang nasa sa magkabilang pangpang; may nagsasabing nag-uumusok din ang daong ng Pamahalaan!..."
El Filibusterismo,1,SA IBABAW NG KUBYERTA,8,"Sa bawa’t sandali’y tumitili ang pasuit na paos at mapagbala na wari’y isang manggagahis na ibig makapanaig sa tulong ng sigaw, kaya’t sa loob ng bapor ay hindi magkarinigan, ang lahat ng makatagpo’y pinagbabalaan; minsa’y waring ibig durugin ang mga salambaw, (mga yayat na kagamitan sa pangingisda) na ang galaw ay waring kalansay ng gigante na yumuyuko sa isang pagong na nabuhay sa kapanahunang dako pa roon ng pag-apaw ng tubig sa buong mundo; minsa’y tumatakbong tungo sa mga kakawayanan o kaya’y sa mga karihan, na napapalamutihan ng gumamela at iba pang bulaklak, na waring mga magsisipaligong nakalubog na sa tubig ang mga paa’y ayaw pang maglublob... minsa’y sa pagsunod sa daang itinuturo ng ilang kawayang nakatirik sa ilog ay lumalakad ng buong kasiyahang loob ang bapor; ngunit ang isang biglang pagkakabagok ay kaunti nang ikinabuwal ng mga sakay; napadumog sa isang burak na mababaw na hindi hinihinala nino man......"
El Filibusterismo,1,SA IBABAW NG KUBYERTA,9,"At kung ang pagkakawangki sa daong ng Pamahalaan ay hindi pa lubos, ay tingnan ang pagkakalagay ng mga lulan."
El Filibusterismo,1,SA IBABAW NG KUBYERTA,10,"Sa ilalim ng cubierta ay nangagdungaw ang mga mukhang kayumanggi at maiitim ng mga taga rito, mga insik at mestiso na nagkakasiksikang kasama ng mga lulang kalakal at mga kaban, samantalang sa itaas, sa ibabaw ng cubierta at sa lilim ng isang panambil na nagtatanggol sa kanila sa init ng araw, ay nangakaupo sa maginhawang luklukan ang ilang sakay na suot taga Europa, mga prayle at mga kawani, na humihitit ng malalaking tabako, samantalang tinatanaw ang mga dinadaanan, na hindi man napupuna ang mga pagsusumakit ng kapitan na maiwasan ang mga balakid sa ilog."
El Filibusterismo,1,SA IBABAW NG KUBYERTA,11,"Ang kapitan ay isang ginoo na may magiliw na anyo, lubha ng matanda, dating maglalayag na noong kabataan niya ay namahala sa lalong matuling daong at sa lalong malawak na karagatan at ngayong tumanda’y ginagamit ang lalong malaking pag-iisip, pagiingat at pagbabantay upang maiwasan ang maliliit na kapanganiban...."
El Filibusterismo,1,SA IBABAW NG KUBYERTA,12,"At yaon din ang balakid sa araw araw, ang dati ring mabababaw na burak, ang dati ring laki ng bapor na nasasadsad sa mga liko ring yaon, na wari’y isang matabang babai sa gitna ng siksikan ng tao, kaya’t ang mabait na kapitan ay humihinto sa bawa’t sandali, umuurong, pinagkakalahati lamang ang tulin, pinagpapalipatlipat sa kaliwa’t sa kanan ang limang marinerong may hawak na tikin upang ipanibulos ang likong itinuturo ng timon."
El Filibusterismo,1,SA IBABAW NG KUBYERTA,13,"Waring isang matandang kawal, na matapos mamuno sa mga tao sa isang maligalig na himagsikan, ay naging taga pag-alaga, ng tumanda, ng batang masumpungin, matigas ang ulo at tamad."
El Filibusterismo,1,SA IBABAW NG KUBYERTA,14,"At si aling Victorina na siyang tanging babaing nakiupo sa lipon ng mga europeo ay siyang makapagsasabi kung ang bapor Tabo ay tamad, masuwayin at masumpungin; si aling Victorina, na gaya ng karaniwan ay napakamasindakin, ay nagtutungayaw sa mga kasko, banka, balsa ng niyog, mga indio na namamangka at sampung mga naglalaba at nagsisipaligo na kinayayamutan niya dahil sa pagkakatuwa at kaingayan!"
El Filibusterismo,1,SA IBABAW NG KUBYERTA,15,"Siya nga naman, kung walang mga indio sa ilog at sa bayan ay bubuti ang lakad ng Tabo, oo!"
El Filibusterismo,1,SA IBABAW NG KUBYERTA,16,"kung walang isa mang indio, sa mundo; hindi niya napupunang ang mga tumitimon ay pawang indio, indio ang mga marinero, indio ang mga makinista, indio ang siyam na pu’t siyam sa bawa’t isang daang sakay at siya man ay india rin kung kakayurin ang kaniyang pulbos at huhubaran siya ng ipinagmamalaking bata."
El Filibusterismo,1,SA IBABAW NG KUBYERTA,17,"Nang umagang iyon ay lalo pang namumuhi si aling Victorina dahil sa hindi siya pinapansin ng mga kalipon, at dapat nga namang magkagayon, sapagka’t tignan nga naman ninyo: magkalipon doon ang tatlong prayleng nananalig na ang buong mundo’y lalakad ng patiwarik sa araw na sila’y lumakad ng matuwid; isang walang pagal na D. Custodio na payapang natutulog, na siyangsiya ang loob sa kaniyang mga munakala; isang walang pagod na manunulat na gaya ni Ben-Zayb (katimbang ng Ibañez) na nag-aakalang kung kaya’t may nag-iisip sa Maynila ay sa dahilang siya’y nag-iisip; isang canonigo na gaya ni P. Irene na nagbibigay dangal sa mga pari dahil sa mabuti ang pagkakaahit ng kaniyang mukhang kinatatayuan ng isang ilong hudio at dahil sa kaniyang sotanang sutla na mainam ang tabas at maraming botones; at isang mayamang mag-aalahas na gaya ni Simoun na siya manding tanungan at nag-uudyok sa mga galaw ng Capitan General; akalain nga ba namang magkatatagpo ang mga haliging ito na sine quibus non ng bayan, magkapipisan doon at maligayang nag-uusap, na hindi nabibighaning malugod sa isang tumakwil sa pagkapilipina, na nagpapula ng buhok, ¡bagay ng sukat makabugnot sa isang Joba!"
El Filibusterismo,1,SA IBABAW NG KUBYERTA,18,", pangalang ikinakapit sa sarili ni aling Victorina kailan ma’t may katungo."
El Filibusterismo,1,SA IBABAW NG KUBYERTA,19,At ang pagkayamot ng babai’y nararagdagan sa bawa’t pagsigaw ng Kapitan ng: baborp!
El Filibusterismo,1,SA IBABAW NG KUBYERTA,20,estriborp!
El Filibusterismo,1,SA IBABAW NG KUBYERTA,21,", bubunutin ng mga marino ang kanilang mahahabang tikin at isasaksak sa isa’t isang gilid at pinipigil sa tulong ng kanilang mga hita’t balikat na masadsad sa dakong iyon ang bapor."
El Filibusterismo,1,SA IBABAW NG KUBYERTA,22,Kung susukatin sa gayong anyo ang daong ng Pamahalaan ay masasabing nawawala ang pagkapagong at nagiging alimango sa tuwing malalapit ang isang panganib.
El Filibusterismo,1,SA IBABAW NG KUBYERTA,23,"—Ngunit kapitan, ¿bakit tumutungo sa dakong iyan ang inyong mga mangmang na timonel?"
El Filibusterismo,1,SA IBABAW NG KUBYERTA,24,—ang tanong na pagalit ng babai.
El Filibusterismo,1,SA IBABAW NG KUBYERTA,25,"—Sapagka’t doon ay napakababaw, ali—ang sagot na malumanay ng Kapitan at ikinindat ang mata."
El Filibusterismo,1,SA IBABAW NG KUBYERTA,26,"Naugali na ang ganito ng Kapitan upang sabihin wari sa kaniyang mga salita, na dahandahang lumabas: marahan, marahang marahan!"
El Filibusterismo,1,SA IBABAW NG KUBYERTA,27,"—Kalahating tulin ng makina, ba, kalahating tulin!"
El Filibusterismo,1,SA IBABAW NG KUBYERTA,28,—ang paalipustang tutol ni aling Victorina—¿bakit hindi buong tulin?
El Filibusterismo,1,SA IBABAW NG KUBYERTA,29,"—Sapagka’t maglalayag tayo sa mga palayang iyan, ali,—ang walang katinagtinag na sagot ng Kapitan na sabay ang paglabi upang ituro ang bukid; makalawang kumindat."
El Filibusterismo,1,SA IBABAW NG KUBYERTA,30,Ang aling Victorinang ito ay kilala dahil sa kaniyang mga kasagwaan at mga himaling.
El Filibusterismo,1,SA IBABAW NG KUBYERTA,31,"Dumadalong palagi sa mga lipunan at siya’y tinitiis doon kailan ma’t kasama ang kaniyang pamangkin, si Paulita Gomez, maganda at mayamang binibini, ulila sa ama’t ina, na kinukupkop ni aling Victorina."
El Filibusterismo,1,SA IBABAW NG KUBYERTA,32,"Nang tumanda na ang aling Victorinang ito ay nag-asawa sa isang kulang-palad na ang pangalan ay D. Tiburcio de Espadaña, at sa mga sandaling ito na nakikita natin siya ay may labing limang taon nang kasal, ang buhok ay postiso at ang kalahati ng kagayakan ay ayos taga Europa."
El Filibusterismo,1,SA IBABAW NG KUBYERTA,33,"Sa dahilang ang kaniyang buong hangad sapol ng magkaasawa ay ang mag-anyong europea, sa tulong ng ilang mahalay na kaparaanan, ay nahulog ding unti-unti ang kaniyang ayos sa isang anyong, sa kasalukuyan, kahi’t na magtulong si Quatrefages at si Virchow ay hindi mawawatasan kung sa aling lahing mga kilala siya maihahalo."
El Filibusterismo,1,SA IBABAW NG KUBYERTA,34,"Makaraan ang ilang taong pagkakasal, ang kaniyang asawang nagtiis, na wari’y fakir na umalinsunod sa lahat ng kaniyang maibigan, ay dinalaw ng isang masamang sandali, isang araw, at hinambalos siya ng tinutungkod sa pagkapilay."
El Filibusterismo,1,SA IBABAW NG KUBYERTA,35,"Dahil sa pagkakabigla ni aling Joba, sa gayong pagbabagong ugali, ay hindi naalumana ang magiging kasunod ng pangyayari, at ng makaraan ang pagkakagitla at ng ang kaniyang asawa ay makatanan, ay saka pa lamang naramdaman ang sakit at nahigang ilang araw, sa gitna ng pagkagalak ni Paulita na mahilig sa pagtatawa at pagbibiro sa kaniyang ali."
El Filibusterismo,1,SA IBABAW NG KUBYERTA,36,"Ngunit ang asawa, sindak sa nagawang kasalanan, na sa kaniya’y waring isang kakilakilabot na pagpatay sa kabiyak ng puso ang gayong nagawa, habol ng mga furia sa tahanan (ang dalawang aso at isang loro sa bahay), ay nagtatakbo ng buong tuling ipinahintulot ng kaniyang pilay, lumulan sa unang sasakyang natagpuan, sumakay sa unang bangkang nakita sa isang ilog, at, Ulises na pilipino, nagpagalagala sa mga bayan-bayan, sa isa’t isang lalawigan, sa isa’t isang pulo, na pinamumuntutan ng kaniyang Calipso, na naka quevedo, na nakayayamot sa bawa’t makasama sa paglalakbay."
El Filibusterismo,1,SA IBABAW NG KUBYERTA,37,"Tumanggap ng balita na ang lalaki’y nagtatago sa isang bayan ng Laguna, kaya’t yaon na siya upang akitin sa tulong ng kaniyang buhok na tinina."
El Filibusterismo,1,SA IBABAW NG KUBYERTA,38,Ang mga kasabay ay nagkaisang magsanggalang sa kaniyang pakikitungo sa pamagitan ng isang walang hintong pagsasalitaang ang balang bagay ay pinagtalunan.
El Filibusterismo,1,SA IBABAW NG KUBYERTA,39,"Sa mga sandaling iyon, dahil sa palikoliko ng ilog, ay pinag-uusapan ang pagtutuwid sa kaniya at ang ukol sa mga gawain ng Obras del Puerto."
El Filibusterismo,1,SA IBABAW NG KUBYERTA,40,"Si Ben-Zayb, ang manunulat na mukhang prayle, ay nakikipagtalo sa isang paring bata na mukha namang artillero."
El Filibusterismo,1,SA IBABAW NG KUBYERTA,41,"Kapwa nagsisigawang ang anyo ng mukha ay iniaayos sa sinasabi, itinataas ang mga bisig, inilalahad ang mga kamay, nagsisitadyak, nag-uusap ng ukol sa patitis, mga palaisdaan, ilog San Mateo, mga indio at ibp."
El Filibusterismo,1,SA IBABAW NG KUBYERTA,42,"sa gitna ng kasiyahang loob ng mga nakikinig at sa gitna rin naman ng buong pagkainip ng isang matandang paring pransiskano, na lubhang napakapayat at nangangalirang, at ng isang dominiko na maganda ang tindig na nagbabakas.... nagbabakas sa kaniyang mga labi ng isang ngiting pakutya."
El Filibusterismo,1,SA IBABAW NG KUBYERTA,43,"Ang payat na pransiskano, na nakapuna sa ngiti ng dominiko, ay nagnasang makilahok sa usapan, upang maputol."
El Filibusterismo,1,SA IBABAW NG KUBYERTA,44,"Iginagalang siya marahil, kaya’t sa isang kilos lamang ng kamay ay napigil ang pag-uusap ng dalawa, nang ang paring-artillero ay tumukoy ng ukol sa kinatutuhan at ang manunulat na prayle ay ng ukol naman sa karunungan."
El Filibusterismo,1,SA IBABAW NG KUBYERTA,45,"—¿Alam baga ninyo kung ano ang mga taong marurunong, Ben-Zayb?"
El Filibusterismo,1,SA IBABAW NG KUBYERTA,46,"—anang pransiskano na ang boses ay malalim, na hindi man lamang halos gumalaw sa kaniyang uupan, at ang mga nangangalirang na kamay ay bahagya nang ikilos—Nariyan sa lalawigan ang Puente del Capricho, na gawa ng isang kapatid namin, at hindi nayari, sapagka’t pinintasang mahina at mapanganib ng mga marurunong, sa panunulay sa kanilang mga sapantaha, ngunit tignan ninyo’t nariyan ang tulay na naglalaban sa lahat ng baha at lindol."
El Filibusterismo,1,SA IBABAW NG KUBYERTA,47,"—Iyan, puñales, iyang talaga, iyan nga sana ang sasabihin ko!"
El Filibusterismo,1,SA IBABAW NG KUBYERTA,48,"—ang wika ng paring artillero na kasabay ang suntok sa gabay ng kaniyang luklukang kawayan;—iyan, ang Puente del Capricho at ang mga marurunong; iyan sana ang sasabihin ko, P. Salvi, puñales."
El Filibusterismo,1,SA IBABAW NG KUBYERTA,49,"Napahintong nakangiti si Ben-Zayb, marahil sa paggalang o kaya’y dahil sa sadyang walang maalamang isagot; kahit gayong ¡siya ang tanging nag-iisip dito sa Pilipinas!"
El Filibusterismo,1,SA IBABAW NG KUBYERTA,50,"—Si P. Irene ay sumasang-ayon sa tulong ng ulo, samantalang pinapahidpahiran ang kaniyang mahabang ilong."
El Filibusterismo,1,SA IBABAW NG KUBYERTA,51,"Si P. Salvi, iyong paring payat at nangangalirang, ay nagpatuloy, na waring nasiyahan sa gayong pangangayupapa, sa gitna ng katahimikan:"
El Filibusterismo,1,SA IBABAW NG KUBYERTA,52,—Datapwa’y hindi ibig sabihin ng ganito na kayo’y wala sa katwiran at gayon din naman si P. Camorra (ito ang pangalan ng paring artillero); ang kasamaan ay nasa lawa.....
El Filibusterismo,1,SA IBABAW NG KUBYERTA,53,"—Sadya namang walang mabuting lawa sa lupaing ito—ang patlang ni aling Victorina, na muhing muhi na at humanda upang lusubing muli ang kuta."
El Filibusterismo,1,SA IBABAW NG KUBYERTA,54,"Ang mga binabakod ay sindak na nagtinginan, ngunit, gaya ng katalasan ng isang general, dumulog ang mag-aalahas na si Simoun:"
El Filibusterismo,1,SA IBABAW NG KUBYERTA,55,"—Ang kagamutan ay napakadali,—anya na ang pagbigkas ng salita ay katangitangi, kalahating ingles at kalahating amerikano sa Timog—at hindi ko nga maalaman kung bakit hindi pa naiisip ng kahit sino."
El Filibusterismo,1,SA IBABAW NG KUBYERTA,56,"Ang lahat ay lumingon, sampu ng dominiko, at pinakinggan siyang mabuti."
El Filibusterismo,1,SA IBABAW NG KUBYERTA,57,"Ang mag-aalahas ay isang taong yayat, mataas, malitid, napakakayumanggi, suot ingles at ang ginagamit ay waring salakot na timsim."
El Filibusterismo,1,SA IBABAW NG KUBYERTA,58,"Katangitangi sa kaniya ang mahabang buhok na puting puti na natitiwali sa misay na itim, madalang, na nagpapakilala ng kaniyang pagkamestiso."
El Filibusterismo,1,SA IBABAW NG KUBYERTA,59,"Upang iwasan ang sinag ng araw ay palaging gumagamit ng salaming asul na de rejillas, na tumatakip sa kaniyang mga mata at bahagi ng mga pisngi, na siyang nagbibigay sa kaniya ng anyong bulag o may sakit sa mata."
El Filibusterismo,1,SA IBABAW NG KUBYERTA,60,"Nakatayong ang paa’y nakabikaka upang makapanimbang wari, ang mga kamay ay nakapasok sa mga alapot ng kaniyang chaqueta."
El Filibusterismo,1,SA IBABAW NG KUBYERTA,61,—Ang kagamutan ay lubhang madali—ang ulit—at walang magugugol.
El Filibusterismo,1,SA IBABAW NG KUBYERTA,62,Ang pakikingig na mabuti ay nag-ibayo.
El Filibusterismo,1,SA IBABAW NG KUBYERTA,63,"Nasasabisabi sa mga lipunan sa Maynila na ang taong iyon ay siyang sinusunod ng General, kaya’t nakikinikinita na ng lahat na ang kagamutan ay magagawa."
El Filibusterismo,1,SA IBABAW NG KUBYERTA,64,Pati si D. Custodio ay napalingon.
El Filibusterismo,1,SA IBABAW NG KUBYERTA,65,"—Magbukas ng isang ludlod na tuwid, mula sa pagpasok ng ilog hangang sa paglabas, na dadaan sa Maynila, ito nga, gumawa ng isang bagong ilog na ludlod at tabunan ang dating ilog Pasig."
El Filibusterismo,1,SA IBABAW NG KUBYERTA,66,"Hindi mag-aaksaya ng lupa at iikli ang paglalakbay, mapipigil ang pagkakaroon ng dakong mababaw."
El Filibusterismo,1,SA IBABAW NG KUBYERTA,67,"Ang panukalang ito’y nakalito sa lahat halos, na nahirati sa mga paraang tapaltapal."
El Filibusterismo,1,SA IBABAW NG KUBYERTA,68,"—Isang munakalang yankee—ani Ben-Zayb, na ibig kalugdan ni Simoun—Ang mag-aalahas ay malaong naninirahan sa Amerika, sa Hilaga."
El Filibusterismo,1,SA IBABAW NG KUBYERTA,69,Inari ng lahat na malaki ang palagay at ang gayon ay ipinakilala sa mga galaw ng ulo.
El Filibusterismo,1,SA IBABAW NG KUBYERTA,70,"Tangi si D. Custodio, ang may magandang loob na si D. Custodio, na dahil sa kaniyang malayang kalagayan at matataas na katungkulang ginaganap, ay nag-akalang nararapat na bakahin niya ang isang panukala na hindi sa kaniya buhat—¡iyon ay isang pangungunang bait!"
El Filibusterismo,1,SA IBABAW NG KUBYERTA,71,"—umubo, hinaplos ang kaniyang misay at sa tulong ng kaniyang matigas na boses at waring nasa sa isang sadyang pagpupulong ng Ayuntamiento, ay nagwikang:"
El Filibusterismo,1,SA IBABAW NG KUBYERTA,72,"—Patawarin ako ni G. Simoun, na aking kagalanggalang na kaibigan, kung sabihin kong hindi niya ako kasang-ayon; maraming salapi ang magugugol at marahil ay sisira tayo ng mga bayanan."
El Filibusterismo,1,SA IBABAW NG KUBYERTA,73,—Sumira!
El Filibusterismo,1,SA IBABAW NG KUBYERTA,74,—ang mahinahong sagot ng mag-aalahas.
El Filibusterismo,1,SA IBABAW NG KUBYERTA,75,—¿At ang salaping ibabayad sa mga manggagawa?......
El Filibusterismo,1,SA IBABAW NG KUBYERTA,76,—Huwag bayaran.
El Filibusterismo,1,SA IBABAW NG KUBYERTA,77,Sa mga bilanggo at presidiario......
El Filibusterismo,1,SA IBABAW NG KUBYERTA,78,"—Hindi makasasapat, ginoong Simoun!"
El Filibusterismo,1,SA IBABAW NG KUBYERTA,79,"—Kung hindi sasapat, ang lahat ng bayan, ang mga matatanda, ang mga binata, ang mga bata, ay gumawa, at palitan ang labing limang araw na sapilitang paggawa, ng tatlo, apat o limang buwang paggawa na ukol sa Pamahalaan, na may katungkulan pang ang bawa’t isa ay magdala ng kaniyang pagkain at kasangkapan."
El Filibusterismo,1,SA IBABAW NG KUBYERTA,80,Si D. Custodio ay sindak na lumingon upang tanawin kung sa kalapit ay may isang indio na nakakadingig sa kanila.
El Filibusterismo,1,SA IBABAW NG KUBYERTA,81,"Salamat na lamang at ang nangaroroon ay pawang taga bukid, at ang dalawang timonel ay waring walang pinapansin kun di ang mga liko ng ilog."
El Filibusterismo,1,SA IBABAW NG KUBYERTA,82,"—Ngunit, ginoong Simoun....."
El Filibusterismo,1,SA IBABAW NG KUBYERTA,83,"—Manalig kayo, D. Custodio—ang matigas na patuloy ni Simoun—sa ganiyang paraan lamang nayayari ang malalaking gawain, sa munting gugol."
El Filibusterismo,1,SA IBABAW NG KUBYERTA,84,"Sa ganiyang paraan nayari ang mga Piramide, ang lawang Mœris at ang Coliseo sa Roma."
El Filibusterismo,1,SA IBABAW NG KUBYERTA,85,"Booboong lalawigan ay nanggagaling sa mga kaparangan na daladala ang kanilang mga sibuyas upang may makain; ang mga matatanda, mga binata at mga bata ay nangaghahakot ng bato, tinatapyas nila at pinapasan sa pamamahala ng pamalo ng nakapangyayari; at pagkatapos ay bumabalik sa kanikanilang bayan ang nangalabi, o nangamamatay sa buhanginan ng kalawakan."
El Filibusterismo,1,SA IBABAW NG KUBYERTA,86,"Makaraan yaon ay dumadating ang ibang lalawigan, pagkatapos ay iba naman, sunod sunod sa paggawa sa loob ng mga taon; ang gawain ay natatapos at ngayo’y hinahangaan natin, naglalakbay tayo, napaparoon tayo sa Egipto o sa Roma, pinupuri natin ang mga Faraon, ang mga mag-aanak na Antonina......"
El Filibusterismo,1,SA IBABAW NG KUBYERTA,87,Maniwala kayo D. Custodio; ang mga patay ay naiiwang patay at ang malakas lamang ang binibigyan ng katwiran ng mga kapanahunang susunod.
El Filibusterismo,1,SA IBABAW NG KUBYERTA,88,"—Ngunit ang mga ganiyang kaparaanan, ginoong Simoun, ay mangyayaring maging sanhi ng kaguluhan—ang sabi ni D. Custodio na hindi mapalagay dahil sa masamang tungo ng salitaan."
El Filibusterismo,1,SA IBABAW NG KUBYERTA,89,"—Kaguluhan; ha, ha!"
El Filibusterismo,1,SA IBABAW NG KUBYERTA,90,"¿Naghimagsik baga ang bayang ehipsio minsan man, naghimagsik ang mga piit na hudio ng laban sa maawaing si Tito?"
El Filibusterismo,1,SA IBABAW NG KUBYERTA,91,¡Hindi ko akalaing mahina pala kayo sa mga bagay na nasasabi sa kasaysayan!
El Filibusterismo,1,SA IBABAW NG KUBYERTA,92,Napagkikilala na ang Simoung yaon ay napakamapagmalaki o walang pinagaralan.
El Filibusterismo,1,SA IBABAW NG KUBYERTA,93,"¡Ipamukha kay D. Custodio na hindi nakababatid ng kasaysayan, ay isang bagay na makagagalit sa kahit kanino!"
El Filibusterismo,1,SA IBABAW NG KUBYERTA,94,"At gayon nga ang nangyari, nakalimot si D. Custodio sa dating hilig at sumagot ng:"
El Filibusterismo,1,SA IBABAW NG KUBYERTA,95,"—Ang bagay, ay sa dahilang hindi ehipsio ni hudio ang inyong mga kakaharapin!"
El Filibusterismo,1,SA IBABAW NG KUBYERTA,96,"—At ang bayang ito’y hindi miminsang naghimagsik na—ang dugtong na may munting takot ng dominiko—noong kapanahunang pinahihila ng malalaking kahoy upang gawing mga daong, kung hindi dahil sa mga pari......"
El Filibusterismo,1,SA IBABAW NG KUBYERTA,97,—Ang kapanahunang iyon ay malayo na;—ang sagot ni Simoun na ang tawa’y lalo pa manding matigas kay sa karaniwan—ang mga pulong ito’y hindi muling maghihimagsik ng dahil sa mga gawain at buwis......
El Filibusterismo,1,SA IBABAW NG KUBYERTA,98,"¿Hindi baga pinupuri ninyo P. Salvi—ang dugtong, na, ang hinarap ay ang payat na pransiskano—ang bahay at pagamutan sa Los Baños na kinaroroonan ng General?"
El Filibusterismo,1,SA IBABAW NG KUBYERTA,99,Iginalaw ni P. Salvi ang ulo at tuminging may pagkakamangha sa tanong.
El Filibusterismo,1,SA IBABAW NG KUBYERTA,100,"—¿Hindi baga sinabi ninyo sa aking ang dalawang bahay na iyon ay naitayo sa tulong ng pagpilit sa mga bayan na gumawa doon, sa ilalim ng kapangyarihan ng isang uldog?"
El Filibusterismo,1,SA IBABAW NG KUBYERTA,101,"Marahil, ang Puente del Capricho, ay nayari din sa gayong kaparaanan."
El Filibusterismo,1,SA IBABAW NG KUBYERTA,102,At sabihin ninyo ¿naghimagsik baga ang mga bayang ito?
El Filibusterismo,1,SA IBABAW NG KUBYERTA,103,—Ngunit.... naghimagsik na noong araw—ang sabi ng dominiko—at ab actu ad posse valet illatio.
El Filibusterismo,1,SA IBABAW NG KUBYERTA,104,"—Wala, wala, wala!"
El Filibusterismo,1,SA IBABAW NG KUBYERTA,105,—ang patuloy ni Simoun na humandang dumaan sa escotilla upang pumanaog sa kamara—ang nasabi ay nasabi na.
El Filibusterismo,1,SA IBABAW NG KUBYERTA,106,At kayo P. Sibyla ay huwag bumanggit ng mga wikang latin at ng mga katunggakan.
El Filibusterismo,1,SA IBABAW NG KUBYERTA,107,¿Sa ano’t naririto kayong mga prayle kung maaaring maghimagsik ang mga bayan?
El Filibusterismo,1,SA IBABAW NG KUBYERTA,108,"Si Simoun ay pumanaog sa munting hagdanan, na hindi pinansin ang mga tutol at sagot, at inuulit ulit ang salitang: Vaya, vaya!"
El Filibusterismo,1,SA IBABAW NG KUBYERTA,109,"Si P. Sibyla ay namutla; noon lamang siya, Vice-Rector sa Universidad, napagsabihang may katunggakan; si D. Custodio ay kulay berde; sa alin mang pulong na kanyang kinaroonan ay hindi nakatagpo ng isang katunggaling kagaya niyon."
El Filibusterismo,1,SA IBABAW NG KUBYERTA,110,Ang gayon ay napakalabis.
El Filibusterismo,1,SA IBABAW NG KUBYERTA,111,—Isang mulato amerikano!
El Filibusterismo,1,SA IBABAW NG KUBYERTA,112,—ang pabulalas na ungol.
El Filibusterismo,1,SA IBABAW NG KUBYERTA,113,—Indio-ingles!
El Filibusterismo,1,SA IBABAW NG KUBYERTA,114,—ang marahang sabi ni Ben-Zayb.
El Filibusterismo,1,SA IBABAW NG KUBYERTA,115,"—Sinasabi ko sa inyong amerikano, ¿hindi ko malalaman?"
El Filibusterismo,1,SA IBABAW NG KUBYERTA,116,"—ang tugong nayayamot ni D. Custodio—sinabi sa akin ng General; iya’y isang mag-aalahas na nakilala niya sa Habana at ayon sa hinala ko’y siyang nagbigay sa kaniya ng katungkulan, sapagka’t pinautang siya ng salapi."
El Filibusterismo,1,SA IBABAW NG KUBYERTA,117,"Kaya nga, upang mabayaran, ay pinaparito at ng gawin ang bala na, dagdagan ang kaniyang kayamanan sa pagbibili ng mga brillanteng.... hindi totoo, ¡ano ang malay natin!"
El Filibusterismo,1,SA IBABAW NG KUBYERTA,118,"At napakawalang lingap, na, matapos kunan ng salapi ang mga indio ay ibig pang..!"
El Filibusterismo,1,SA IBABAW NG KUBYERTA,119,¡Pf!
El Filibusterismo,1,SA IBABAW NG KUBYERTA,120,At tinapos ang salita sa isang makahulugang kilos ng kamay.
El Filibusterismo,1,SA IBABAW NG KUBYERTA,121,"Walang makapangahas na makisali sa gayong mga pag-alimura; si D. Custodio ay mangyayaring makipagsira sa Capitan General kung ibig niya, ngunit ni si Ben-Zayb, ni si P. Irene, ni si P. Salvi, ni ang hinalay na si P. Sibyla ay walang katiwala sa paglilihim ng iba."
El Filibusterismo,1,SA IBABAW NG KUBYERTA,122,"—Ang taong iyan, sapagka’t amerikano, ay nag-aakalang ang kakaharapin natin ay ang mga “pieles rojas”...."
El Filibusterismo,1,SA IBABAW NG KUBYERTA,123,¡Magsalita ng mga bagay na iyan sa loob ng isang bapor!
El Filibusterismo,1,SA IBABAW NG KUBYERTA,124,"Ipag-utos, pilitin ang tao!...."
El Filibusterismo,1,SA IBABAW NG KUBYERTA,125,"At iyan ang nag-udyok ng pagsalakay sa Carolinas, ng pagdigma sa Mindanaw na pupulubi ng kalaitlait sa atin...."
El Filibusterismo,1,SA IBABAW NG KUBYERTA,126,"At siya ang humandog na mamagitna sa paggawa ng “crucero”, ngunit ang tanong ko naman: ¿ano ang muwang ng isang mag-aalahas, kahit na napakayaman at napakabihasa, sa pagpapagawa ng mga daong?"
El Filibusterismo,1,SA IBABAW NG KUBYERTA,127,"Ang lahat ng ito’y sinasabing pinalalaki ang boses ni D. Custodio, kay Ben-Zayb, na sabay ang kumpay, higit ng balikat, maminsanminsang tumatanong sa tingin sa ibang iginagalaw naman ang ulo nang walang ibig turan."
El Filibusterismo,1,SA IBABAW NG KUBYERTA,128,"Ang kanonigong si P. Irene ay napapangiting walang ibig sabihin, na tinatakpan ng kamay sa tulong ng paghaplos sa kaniyang ilong."
El Filibusterismo,1,SA IBABAW NG KUBYERTA,129,"—Sinasabi ko sa inyo, Ben-Zayb—ang patuloy ni D. Custodio na inaalog ang bisig ng manunulat—ang lahat ng kasamaang nangyayari ay sanhi ng hindi pagtatatanong sa mga taong may malaong paninirahan dito."
El Filibusterismo,1,SA IBABAW NG KUBYERTA,130,"Isang panukalang may malalaking salita at malaking gugol, isang guguling malaking halaga ay nakabubulag at tinatanggap agad.... dahil dito!"
El Filibusterismo,1,SA IBABAW NG KUBYERTA,131,"Pinagkiskis ni D. Custodio ang kaniyang mga daliring hinglalaki, hintuturo at panggitna."
El Filibusterismo,1,SA IBABAW NG KUBYERTA,132,"—Mayroon ngang kaunti niyan, kaunti niyan—ang akala ni Ben-Zayb na dapat niyang isagot, dahil sa kaniyang pagkamamamahayag ay dapat makaalam ng lahat."
El Filibusterismo,1,SA IBABAW NG KUBYERTA,133,"—Tignan ninyo, una diyan sa mga gawain ng Obras del Puerto, ay nagharap ako ng isang munakala, bago, malinaw, mapakikinabangan, munting gugol at magagawa upang luminis ang wawa ng dagat na tabang, at hindi tinanggap dahil sa hindi nagbibigay ng ganito!"
El Filibusterismo,1,SA IBABAW NG KUBYERTA,134,"At inulit ang kiskis ng mga daliri, kinibit ang balikat at ang lahat ay tinignan na waring ang ibig sabihin ay: ¿Nakakita na kayo ng ganiyang kasawian?"
El Filibusterismo,1,SA IBABAW NG KUBYERTA,135,—At ¿maari bagang mabatid ang palagay?
El Filibusterismo,1,SA IBABAW NG KUBYERTA,136,—At..
El Filibusterismo,1,SA IBABAW NG KUBYERTA,137,—Aba!
El Filibusterismo,1,SA IBABAW NG KUBYERTA,138,—ang pamangha ng isa’t isa na nangaglapitan at nagkagipitan sa pakikingig.
El Filibusterismo,1,SA IBABAW NG KUBYERTA,139,Ang mga munakala ni D. Custodio ay pawang bantog na kagaya ng mga yaring lunas ng mga manggagamot.
El Filibusterismo,1,SA IBABAW NG KUBYERTA,140,"Kaunti ng hindi sabihin ni D. Custodio ang bagay, sapagka’t nagdamdam dahil sa hindi siya sinang-ayunan noong dinudusta si Simoun."
El Filibusterismo,1,SA IBABAW NG KUBYERTA,141,"“Pag walang panganib ay ibig ninyong ako’y magsalita, ha?"
El Filibusterismo,1,SA IBABAW NG KUBYERTA,142,"at pag mayroon ay wala kayong imik”, ang sasabihin sana; ngunit ang gayon ay isang pagpapakawala ng isang mabuting pagkakataon at yayamang hindi na maisasagawa ang panukala ay makilala man lamang at hangaan."
El Filibusterismo,1,SA IBABAW NG KUBYERTA,143,"Matapos ang dalawa o tatlong buga ng aso, umubo at lumura ng patagilid, ay tinanong si Ben-Zayb, na sabay ang tampal sa hita nito."
El Filibusterismo,1,SA IBABAW NG KUBYERTA,144,—¿Nakakita na ba kayo ng pato?
El Filibusterismo,1,SA IBABAW NG KUBYERTA,145,—Tila... nakahuli kami sa lawa—ang tugong pahanga ni Ben-Zayb.
El Filibusterismo,1,SA IBABAW NG KUBYERTA,146,"—Hindi, hindi ko tinutukoy ang patong bukid, ang tinutukoy ko’y ang mga maamo na inaalagaan sa Pateros at sa Pasig."
El Filibusterismo,1,SA IBABAW NG KUBYERTA,147,At ¿alam ninyo kung ano ang kanilang kinakain?
El Filibusterismo,1,SA IBABAW NG KUBYERTA,148,"Si Ben-Zayb, ang tanging ulong nag-iisip, ay hindi nakaaalam niyon; hindi niya napanghihimasukan ang hanap-buhay na iyon."
El Filibusterismo,1,SA IBABAW NG KUBYERTA,149,"—Mga susong maliliit, tao kayo, mga susong maliliit!"
El Filibusterismo,1,SA IBABAW NG KUBYERTA,150,"—ang sagot ni P. Camorra—hindi kailangang maging indio upang makabatid ng bagay na iyan, sukat na ang magkaroon ng paningin!"
El Filibusterismo,1,SA IBABAW NG KUBYERTA,151,"—Iyan nga, mga susong maliliit!"
El Filibusterismo,1,SA IBABAW NG KUBYERTA,152,—ang ulit ni D. Custodio na iginagalaw ang hintuturo—at alam ninyo kung saan kinukuha?
El Filibusterismo,1,SA IBABAW NG KUBYERTA,153,Hindi rin batid ng ulong mapag-isip.
El Filibusterismo,1,SA IBABAW NG KUBYERTA,154,"—Kung kayo’y nanirahan na sa lupaing ito ng kagaya ng haba ng aking paninirahan, ay mababatid ninyong nakukuha sa wawa at doon ay marami na kahalo ng buhangin."
El Filibusterismo,1,SA IBABAW NG KUBYERTA,155,—¿At ang inyong munakala?
El Filibusterismo,1,SA IBABAW NG KUBYERTA,156,—Iyan nga ang tungo ko.
El Filibusterismo,1,SA IBABAW NG KUBYERTA,157,"Pipilitin ko ang lahat ng bayang kalapit ng wawa na mag-alaga ng pato, at makikita ninyo na sila, sa kanilang sarili, ay palalalimin nila ang wawa sa panghuhuli ng suso..."
El Filibusterismo,1,SA IBABAW NG KUBYERTA,158,Ganiyang ganiyan.
El Filibusterismo,1,SA IBABAW NG KUBYERTA,159,Binuksan ni D. Custodio ang kaniyang dalawang bisig at malugod na tinanawtanaw ang pagkakagulilat ng mga nakikingig sa kaniya; walang isa mang nakaisip ng gayong kainam na panukala.
El Filibusterismo,1,SA IBABAW NG KUBYERTA,160,—¿Pinahihintulutan baga ninyong makasulat ako ng isang articulo ukol sa bagay na iyan?
El Filibusterismo,1,SA IBABAW NG KUBYERTA,161,—ang tanong ni Ben-Zayb—napakakaunti ang nag-iisip sa lupaing ito....
El Filibusterismo,1,SA IBABAW NG KUBYERTA,162,"—Ngunit D. Custodio,—ani aling Victorina na nagpakendengkendeng at kumilingkiling—kung ang lahat ay mag-aalaga ng pato ay dadami ang itlog na balot."
El Filibusterismo,1,SA IBABAW NG KUBYERTA,163,¡Uy nakapangdidiri!
El Filibusterismo,1,SA IBABAW NG KUBYERTA,164,¡Matabunan na muna ang wawa!
El Filibusterismo,2,SA ILALIM NG KUBYERTA,1,Sa silong ay iba naman ang nangyayari.
El Filibusterismo,2,SA ILALIM NG KUBYERTA,2,"Nangakaupo sa bangko at sa maliliit na luklukang kahoy, kasalamuha ng mga maleta, bakol at tampipi, sa kalapit ng makina, init ng kaldera, singaw ng katawang tao at mabahong amoy ng langis, ay naroon ang lalong makapal na taong sakay."
El Filibusterismo,2,SA ILALIM NG KUBYERTA,3,"Tinatanaw na matahimik ng ilan ang sarisaring anyo ng mga pangpangin sa gitna ng dagundong ng mga pala, ingay ng makina, sagitsit ng nakatatanang singaw, buluwak ng tubig na nahahalo, pasuwit ng pakakak."
El Filibusterismo,2,SA ILALIM NG KUBYERTA,4,"Sa isang sulok, nagkakapipisang wari’y bangkay, ay natutulog o nagtatangkang matulog ang ilang insik na mamimili, mga liyo, nangamumutla, sumasago ang laway sa mga nakangangang bibig, at naliligo sa malagkit na pawis ng kanilang katawan."
El Filibusterismo,2,SA ILALIM NG KUBYERTA,5,"Ang ilang binata lamang, na ang karamihan ay nangag-aaral, madaling makilala dahil sa kanilang kagayakang lubhang maputi at sa maayos na kiyas, ang nangangahas magyao’t dito sa popa at proa, na palundaglundag sa mga bakol at kaha, masasaya dahil sa nalalapit na pagpapahinga sa pag-aaral."
El Filibusterismo,2,SA ILALIM NG KUBYERTA,6,"Mayamaya’y pinagtatalunan ang mga galaw ng makina, na inaalaala ang napag-aralan, at mayamaya’y nangagpapaligidligid sa mga binibining kolehiala, sa maghihitsong may mapupulang labi at may kuwintas na sampaga, at inaapungutan ang mga dalaga ng mga salitang nagpapatawa o ikipinagtatakip sa mukha ng mga pamaypay na may pinta."
El Filibusterismo,2,SA ILALIM NG KUBYERTA,7,"Ngunit ang dalawa ay hindi nakikihimasok sa mga maglalakbay na babai kundi nakikipagtalo, sa may dakong proa, sa isang matanda na may makiyas at matuwid na tindig."
El Filibusterismo,2,SA ILALIM NG KUBYERTA,8,Silang dalawa’y kapuwa kilala at iginagalang mandin alinsunod sa tinging ipinatatanaw sa kanila ng iba.
El Filibusterismo,2,SA ILALIM NG KUBYERTA,9,"Ang pinakamatanda nga sa dalawa, na pulos na itim ang kagayakan, ay si Basilio na nag-aaral sa Medisina, kilala dahil sa kaniyang mabubuting panggagamot at mga kahangahangang pangangalaga sa mga may sakit."
El Filibusterismo,2,SA ILALIM NG KUBYERTA,10,"Ang isa, ang malaki at malusog ang katawan, kahit bata kay sa una, ay si Isagani na isa sa mga makata o kun di man makata ay manunulang lumabas ng taong iyon sa Ateneo, may tanging kaugalian, parating walang kibo at lubhang malungkutin."
El Filibusterismo,2,SA ILALIM NG KUBYERTA,11,Ang matandang katungo nila ay si kapitang Basilio na namili sa Maynila.
El Filibusterismo,2,SA ILALIM NG KUBYERTA,12,"—Opo, mabutibuti na si kapitang Tiago,—ang sabi ng nag-aaral na iginagalaw ang ulo—ayaw pumayag sa anomang pangangalaga......"
El Filibusterismo,2,SA ILALIM NG KUBYERTA,13,"Sa udyok ng ilan ay pinatungo ako sa S. Diego, sa kadahilanang dalawin ko ang bahay doon, ngunit ang tunay na sanhi ay upang makahitit lamang siya ng apian."
El Filibusterismo,2,SA ILALIM NG KUBYERTA,14,"Sa pagsasabi ng nag-aaral ng salitang ilan ay si P. Irene ang tinutukoy, matalik na kaibigan at tanungan ni kapitang Tiago sa mga huling araw ng kabuhayan nito."
El Filibusterismo,2,SA ILALIM NG KUBYERTA,15,"—Ang apian ay isa sa mga salot ng kapanahunang ito—ang sabing paalipusta’t pagalit ni kapitan, na wari’y senador romano—nakilala rin ng mga tao sa una ang apian, ngunit hindi nangagpakalabis."
El Filibusterismo,2,SA ILALIM NG KUBYERTA,16,"Samantalang nanagumpay ang pagkakahilig sa pag-aaral sa mga clasico (liwanagin ninyong mabuti, mga binata), ang apian ay naging gamot lamang, at kung hindi, ay, sabihin ninyo sa akin kung sino ang nangagsisihitit."
El Filibusterismo,2,SA ILALIM NG KUBYERTA,17,"Ang mga insik, ang mga insik na hindi nakaaalam ng isa mang salitang latin!"
El Filibusterismo,2,SA ILALIM NG KUBYERTA,18,"Ah, kung pinag-aralan lamang ni kapitan Tiago si Ciceron!......"
El Filibusterismo,2,SA ILALIM NG KUBYERTA,19,At ang di kasiyahang loob na lalong clasico ay nabakas sa mukha niyang epicureo na ahit na ahit.
El Filibusterismo,2,SA ILALIM NG KUBYERTA,20,Pinagmamasdan siyang mabuti ni Isagani: ang matandang iyon ay nagdaramdam ng kauhawan sa matatandang bagay.
El Filibusterismo,2,SA ILALIM NG KUBYERTA,21,—Ngunit balikan natin ang tungkol sa Akademia ng wikang kastila—ang patuloy ni kapitang Basilio—pinatutunayan ko sa inyong hindi ninyo magagawa......
El Filibusterismo,2,SA ILALIM NG KUBYERTA,22,"—Magagawa po, inaantay na lamang namin ngayon o bukas ang pahintulot—ang sagot ni Isagani—si P. Irene, na marahil ay nakita ninyo sa itaas, na hinandugan namin ng dalawang kabayong castaño, ay nangako na sa amin."
El Filibusterismo,2,SA ILALIM NG KUBYERTA,23,Kaya’t makikipag-usap sa General.
El Filibusterismo,2,SA ILALIM NG KUBYERTA,24,—Walang kabuluhan iyon; laban si P. Sibyla.
El Filibusterismo,2,SA ILALIM NG KUBYERTA,25,—Lumaban man siya!
El Filibusterismo,2,SA ILALIM NG KUBYERTA,26,"Kaya nga’t kasama upang...... sa Los Baños, sa harap ng General."
El Filibusterismo,2,SA ILALIM NG KUBYERTA,27,At sa pagsasabi ng ganito’y pinagbubunggong pasuntok ng nag-aaral na si Basilio ang kaniyang dalawang kamay.
El Filibusterismo,2,SA ILALIM NG KUBYERTA,28,—¡Batid ko na!
El Filibusterismo,2,SA ILALIM NG KUBYERTA,29,—ang tugong tumatawa ni kapitang Basilio.
El Filibusterismo,2,SA ILALIM NG KUBYERTA,30,"—Ngunit kahi’t ninyo makuha ang pahintulot, ¿saan kukuha ng salapi?......"
El Filibusterismo,2,SA ILALIM NG KUBYERTA,31,—Mayroon na po kami; ang bawa’t nag-aaral ay aambag ng sikapat.
El Filibusterismo,2,SA ILALIM NG KUBYERTA,32,—¿Ngunit ang mga magtuturo?
El Filibusterismo,2,SA ILALIM NG KUBYERTA,33,—Mayroon kami; ang kalahati’y pilipino at ang kalahati’y kastila.
El Filibusterismo,2,SA ILALIM NG KUBYERTA,34,—¿At ang bahay?
El Filibusterismo,2,SA ILALIM NG KUBYERTA,35,"—Si Makaraig, idudulot ng mayamang si Makaraig ang isa niyang bahay."
El Filibusterismo,2,SA ILALIM NG KUBYERTA,36,Napahinuhod si kapitang Basilio; naihanda ng mga binatang iyon ang lahat ng kailangan.
El Filibusterismo,2,SA ILALIM NG KUBYERTA,37,"—Kun sa bagay,—anyang kinibit ang balikat,—ay hindi lubhang masama ang panukala, at yamang hindi na mangyayaring mapag-aralan ang latin, ay mapag-aralan man lamang ang wikang kastila."
El Filibusterismo,2,SA ILALIM NG KUBYERTA,38,"Diyan ninyo makikita tukayo, ang katunayan ng paurong na lakad natin."
El Filibusterismo,2,SA ILALIM NG KUBYERTA,39,"Noong aming kapanahunan ay nag-aaral kami ng latin, sapagka’t ang lahat ng aming mga aklat ay nasa wikang latin; ngayon ay kaunting latin na lamang ang inyong pinag-aaralan, ngunit wala kayong mga aklat sa wikang latin; sa isang dako naman, ang mga aklat ninyo’y nasa wikang kastila at hindi itinuturo ang wikang ito: ætas parentum pejor avis tulit nos nequiores!"
El Filibusterismo,2,SA ILALIM NG KUBYERTA,40,gaya ng sabi ni Horacio.
El Filibusterismo,2,SA ILALIM NG KUBYERTA,41,At masabi ito’y lumayong nagmamalaki na waring isang emperador romano.
El Filibusterismo,2,SA ILALIM NG KUBYERTA,42,"—Iyang mga tao sa una,—ani Isagani,—ay may puna sa lahat; ipalalagay mo sa kanila ang isang bagay at walang makikitang kabutihan kun di pawang salabid."
El Filibusterismo,2,SA ILALIM NG KUBYERTA,43,Ibig nilang dumating na lahat ng palas at bilog na wari’y bola ng bilyar.
El Filibusterismo,2,SA ILALIM NG KUBYERTA,44,—Ang amain mo ang kasundong-kasundo niya—ang wika ni Basilio;—paguusapan iyong kanilang kapanahunan....
El Filibusterismo,2,SA ILALIM NG KUBYERTA,45,"Hintay ka nga pala, ¿ano ang sabi-sabi ng amain mo kay Paulita?"
El Filibusterismo,2,SA ILALIM NG KUBYERTA,46,Si Isagani ay namula.
El Filibusterismo,2,SA ILALIM NG KUBYERTA,47,—Sinermonan ako ng ukol sa pag-aasawa....
El Filibusterismo,2,SA ILALIM NG KUBYERTA,48,"Sinagot ko siyang sa Maynila ay walang kaparis niya, maganda, may pinag-aralan, ulila......"
El Filibusterismo,2,SA ILALIM NG KUBYERTA,49,"—Mayamang-mayaman, makisig, masaya at walang kasiraan kung di ang pagkakaroon ng isang inaling tiwali sa langit at sa lupa,—ang dugtong na tumatawa ni Basilio."
El Filibusterismo,2,SA ILALIM NG KUBYERTA,50,Si Isagani man ay napatawa rin.
El Filibusterismo,2,SA ILALIM NG KUBYERTA,51,"—Mabanggit nga pala ang ali, alam mo bang ipinagbilin sa aking hanapin ko ang kaniyang asawa?"
El Filibusterismo,2,SA ILALIM NG KUBYERTA,52,—¿Si aling Victorina?
El Filibusterismo,2,SA ILALIM NG KUBYERTA,53,¿At nangako ka naman upang huwag kang mawalan ng iniirog?
El Filibusterismo,2,SA ILALIM NG KUBYERTA,54,—¡Mangyari pa!
El Filibusterismo,2,SA ILALIM NG KUBYERTA,55,Ngunit ang bagay nito’y sa bahay pa naman ng amain ko.... nagkakanlong ang asawa.
El Filibusterismo,2,SA ILALIM NG KUBYERTA,56,Kapuwa sila nagkatawanan.
El Filibusterismo,2,SA ILALIM NG KUBYERTA,57,"—Ito ang sanhi,—ang patuloy ni Isagani—kung kaya ang aking amain, taong matalino, ay ayaw pumasok sa kamara, dahil sa nangingilag na baka itanong sa kaniya ni aling Victorina, si D. Tiburcio."
El Filibusterismo,2,SA ILALIM NG KUBYERTA,58,¡Akalain mo bang ng mabatid ni aling Victorina na ang bayad ko’y “de tercera” ay tiningnan ako ng wari pakutya....
El Filibusterismo,2,SA ILALIM NG KUBYERTA,59,"Nang mga sandaling iyon ay pumapanaog si Simoun, at ng makita ang dalawang binata ay:"
El Filibusterismo,2,SA ILALIM NG KUBYERTA,60,"—¡Aba, Basilio!"
El Filibusterismo,2,SA ILALIM NG KUBYERTA,61,",—ang bating may kiyas mapag-ampon—¿Patungo baga kayo sa pagpapahinga?"
El Filibusterismo,2,SA ILALIM NG KUBYERTA,62,Ang ginoo ba’y kababayan ninyo?
El Filibusterismo,2,SA ILALIM NG KUBYERTA,63,"Ipinakilala ni Basilio si Isagani at ipinabatid na hindi sila magkababayan, ngunit ang kanilang mga bayan ay magkakalapit."
El Filibusterismo,2,SA ILALIM NG KUBYERTA,64,Si Isagani’y taga kabilang baybayin.
El Filibusterismo,2,SA ILALIM NG KUBYERTA,65,"Pinagmasdan ni Simoun si Isagani, kaya’t ng mainip ito’y hinarap na wari hinahamon ang nagmamasid sa kaniya."
El Filibusterismo,2,SA ILALIM NG KUBYERTA,66,—At ¿ano ang lagay nang lalawigan?
El Filibusterismo,2,SA ILALIM NG KUBYERTA,67,—ang tanong ni Simoun na liningon si Basilio.
El Filibusterismo,2,SA ILALIM NG KUBYERTA,68,"—¿Bakit, hindi pa ba ninyo kilala?"
El Filibusterismo,2,SA ILALIM NG KUBYERTA,69,"—¿Papaano bang makikilala ko, sa hindi pa ako natutungtong sa lupa niya?"
El Filibusterismo,2,SA ILALIM NG KUBYERTA,70,May nagsabi sa aking napakamaralita’t hindi bumibili ng mga hiyas.
El Filibusterismo,2,SA ILALIM NG KUBYERTA,71,"—Hindi kami bumibili, sapagka’t hindi namin kailangan—ang biglang sagot ni Isagani, na nagdamdam."
El Filibusterismo,2,SA ILALIM NG KUBYERTA,72,Isang ngiti ang nabadha sa maputlang mga pisngi ni Simoun.
El Filibusterismo,2,SA ILALIM NG KUBYERTA,73,"—Huwag po kayong magalit, binata,—ang sabi:—wala akong masamang tangka, ngunit sa dahilang pinatibayan sa akin, na ang lahat ng curato ay nasa kamay ng mga klerigong taga rito, ani ko, ay: ang mga prayle ay nagpapakamatay sa isang curato at pinasasalamatan na ng mga pransiskano yaong pinakamaralita, kaya’t pag ganyang ipinauubaya nila sa mga klerigo ay sa dahilang doon ay hindi kilala ang mukha ng hari."
El Filibusterismo,2,SA ILALIM NG KUBYERTA,74,"¡Siya, mga ginoo, halina kayong magsiinom ng serbesa, patungkol sa ikatitighaw ng Lalawigan!"
El Filibusterismo,2,SA ILALIM NG KUBYERTA,75,"Ang mga binata’y nagpasalamat at nagsabing hindi sila umiinom ng serbesa, upang makaiwas."
El Filibusterismo,2,SA ILALIM NG KUBYERTA,76,"—Masama iyang ginagawa ninyo,—ang sabi ni Simoun na masama ang loob;—ang serbesa ay isang mabuting bagay, at nadingig kong sinabi kanginang umaga ni P. Camorra, na ang kakulangan sa lakas na napupuna sa bayang ito, ay alinsunod sa napakaraming tubig na iniinom ng mga tao rito."
El Filibusterismo,2,SA ILALIM NG KUBYERTA,77,"Si Isagani na halos kasingtaas ng mag-aalahas, ay tumuwid:"
El Filibusterismo,2,SA ILALIM NG KUBYERTA,78,"—Sabihin ninyo kay P. Camorra,—ang sabi kaagad ni Basilio, na sinikong palihim si Isagani—sabihin ninyo sa kanya, na kung tubig ang iniinom niya at hindi alak o serbesa, marahil ay ikabuti ng lahat at hindi pa siya magiging sanhi ng bulungbulungan......"
El Filibusterismo,2,SA ILALIM NG KUBYERTA,79,"—At sabihin ninyo sa kaniya—ang dugtong ni Isagani, na hindi pinuna ang pagsiko ng kanyang kaibigan—na ang tubig ay matamis at napaiinom, ngunit lumulunod sa alak at sa serbesa at pumapatay sa apoy; na pag pinaiinit ay nagiging sulak, na pag namumuhi ay nagiging karagatang malawak at minsan ay pumugnaw na sa katauhan at pinapanginig ang mundo."
El Filibusterismo,2,SA ILALIM NG KUBYERTA,80,"Itinaas ni Simoun ang ulo, at kahit ang tingin niya’y hindi makita dahil sa pagkatakip ng salaming asul, ay nakita sa kaniyang mukha ang paghanga."
El Filibusterismo,2,SA ILALIM NG KUBYERTA,81,—¡Mainam na tugon!
El Filibusterismo,2,SA ILALIM NG KUBYERTA,82,—ang sabi—ngunit nangangamba akong baka idaan sa biro at itanong sa akin kung kailan magiging sulak ang tubig at kung kailan magiging karagatang malawak.
El Filibusterismo,2,SA ILALIM NG KUBYERTA,83,Si P. Camorra ay may pagka hindi paniwalain at napakapalabiro.
El Filibusterismo,2,SA ILALIM NG KUBYERTA,84,"—Pag siya’y pinainit ng apoy, pag ang mumunting ilog na sa ngayo’y nagkakahiwahiwalay pa sa kanikanilang madawag na pinanggagalingan ay magkaisang bumuhos na aboy ng kasawian sa banging hinuhukay ng mga tao—ang sagot ni Isagani."
El Filibusterismo,2,SA ILALIM NG KUBYERTA,85,"—Huwag, ginoong Simoun—ang dugtong ni Basilio na inihulog sa biro ang salitaan."
El Filibusterismo,2,SA ILALIM NG KUBYERTA,86,"—Ang mabuti pa’y ulitin ninyo sa kaniya ang mga tulang ito, ng kaibigang Isagani:"
El Filibusterismo,2,SA ILALIM NG KUBYERTA,87,"—¡Walang pangyayari, walang pangyayari!"
El Filibusterismo,2,SA ILALIM NG KUBYERTA,88,—ang biglang sagot ni Simoun—ang makina ay hahanapin pa...... samantala’y tutungain ko ang aking serbesa.
El Filibusterismo,2,SA ILALIM NG KUBYERTA,89,At iniwan ng walang paalam ang dalawang magkaibigan.
El Filibusterismo,2,SA ILALIM NG KUBYERTA,90,—Ngunit ano ka ba mayroon at napakamapanghamok ka ngayon?
El Filibusterismo,2,SA ILALIM NG KUBYERTA,91,—ang tanong ni Basilio.
El Filibusterismo,2,SA ILALIM NG KUBYERTA,92,"—Wala, aywan ko, ngunit ang taong iyan ay nakasisindak sa akin, halos nakatatakot."
El Filibusterismo,2,SA ILALIM NG KUBYERTA,93,"—Sinisiko kita, e: ¿hindi mo nalalamang ang tawag diyan ay Cardenal Moreno?"
El Filibusterismo,2,SA ILALIM NG KUBYERTA,94,—Cardenal Moreno?
El Filibusterismo,2,SA ILALIM NG KUBYERTA,95,"—O Eminencia negra, kung papaano mo ibig."
El Filibusterismo,2,SA ILALIM NG KUBYERTA,96,—Hindi kita mawatasan!
El Filibusterismo,2,SA ILALIM NG KUBYERTA,97,—Si Richelieu ay may isang tanungang kaputsino na pinanganlang Eminencia Gris; ito’y siya namang tanungan ng General......
El Filibusterismo,2,SA ILALIM NG KUBYERTA,98,—¿Siya nga ba?
El Filibusterismo,2,SA ILALIM NG KUBYERTA,99,"—Gayon ang nadingig ko sa ilan...... na nagmumura sa kaniya kung siya’y nakatalikod, at pinupuri siya kung kaharap."
El Filibusterismo,2,SA ILALIM NG KUBYERTA,100,—¿Dumadalaw din ba kay kapitang Tiago?
El Filibusterismo,2,SA ILALIM NG KUBYERTA,101,"—Mula ng unang araw nang kaniyang pagdating, at ang katunayan ay may isang nag-aakalang kaagaw niya...... sa pagmamamana......"
El Filibusterismo,2,SA ILALIM NG KUBYERTA,102,At inaakala ko na makikipagkita sa General tungkol sa usap na ukol sa pagtuturo ng wikang kastila.
El Filibusterismo,2,SA ILALIM NG KUBYERTA,103,Nang sandaling iyon ay lumapit ang isang alila upang sabihin kay Isagani na tinatawag ng kaniyang amain.
El Filibusterismo,2,SA ILALIM NG KUBYERTA,104,Sa isang banko sa popa at kasalamuha ng ibang kasakay ay nakaupo ang isang klerigo na minamasdan ang anyo ng mga tanawing nagdadaan sa kaniyang paningin.
El Filibusterismo,2,SA ILALIM NG KUBYERTA,105,Niluluwagan siya ng kaniyang mga kalapit; pag nagdaraan sa tabi niya ang mga lalaki’y nangagpupugay at ang mga manunugal ay hindi nakapangangahas na ilagay ang dulang na pinaglalaruan sa kalapit niya.
El Filibusterismo,2,SA ILALIM NG KUBYERTA,106,"Ang paring iyon ay bibihirang magsalita, hindi humihitit ni hindi umaanyong mapagmataas, hindi nahihiyang makihalo sa ibang tao at tumutugong malumanay at maayos sa mga pagpupugay sa kaniya na waring ikinadadangal niya at kinikilala ang gayon."
El Filibusterismo,2,SA ILALIM NG KUBYERTA,107,"Siya’y lubhang matanda na, ang buhok ay pawang puti, ngunit ang kaniyang pangangatawan ay mabuti, at, kahit nakaupo ay tuwid ang katawan at taas ang ulo, datapwa’y hindi mapagmalaki at mapalalo."
El Filibusterismo,2,SA ILALIM NG KUBYERTA,108,"Naiiba sa karamihan ng klerigong indio, na lubha namang kaunti, na ng kapanahunang iyon ay gumaganap sa pagkakoadhutor o nangangasiwang pangsamantala sa ilang kurato, dahil sa kaniyang pagkamalumanay at ugaling tuwid na taglay noong may lubos na pagkakilala sa karangalan ng kaniyang kalagayan at kabanalan ng kaniyang tinutungkol."
El Filibusterismo,2,SA ILALIM NG KUBYERTA,109,"Isang munting pagsisiyasat sa kaniyang anyo, kundi man dahil sa kaniyang buhok na puti, ay mapag-uunawa kaagad na siya’y nauukol sa malayong panahon, sa nakaraang kapanahunan, noong ang mga mabubuting binata ay hindi nangingiming ilaan ang kanilang karangalan sa pagiging pari, noong ang mga klerigo ay kasingpantay sa kalagayan ng sino mang prayle, at noong ang kagaya niya, na hindi pa dusta at alimura, ay humihingi ng mga taong malaya at hindi alipin, matatayog na pag-iisip at hindi budhing api."
El Filibusterismo,2,SA ILALIM NG KUBYERTA,110,"Sa kaniyang mukhang malungkot at anyong mapagtapat ay napagkikilala ang katiwasayan ng kaniyang kaluluwang pinatibayan ng pag-aaral at pagkukuro, at marahil ay sinubukan na ng mga sariling pagtitiis ng damdamin."
El Filibusterismo,2,SA ILALIM NG KUBYERTA,111,Ang klerigong iyon ay si P. Florentino na amain ni Isagani at ang kasaysayan ng kaniyang buhay ay lubhang maikli.
El Filibusterismo,2,SA ILALIM NG KUBYERTA,112,"Anak ng isang liping mayaman at kilala sa Maynila, mainam ang tindig at may kasapatang mabantog, ay hindi nagkaroon kailan man ng hilig sa pagpapari; ngunit dahil sa ilang pangako ng kaniyang Ina ay pinilit siyang pumasok sa Seminario matapos ang di kakaunting pagtutunggali at matinding pagtatalo."
El Filibusterismo,2,SA ILALIM NG KUBYERTA,113,"Ang Ina’y may matibay na pakikipagkilala sa Arsobispo, may matigas na loob at walang pagbabago sa anomang maisip, na gaya ng sino mang babaing may pag-aakalang umaalinsunod sa hangad ng Dios."
El Filibusterismo,2,SA ILALIM NG KUBYERTA,114,"Walang nangyari sa tutol ng binatang si Florentino, hindi nagkabisa ang samo, walang nahita sa pagsasabing siya’y may iniibig at gumawa na tuloy ng gulo; magpapari siya at ng umabot sa dalawang pu’t limang taon ay naging pari; ang Arsobispo ay siyang naggawad sa kaniya ng mga orden, ginanap na lubhang maringal ang unang pagmimisa, nagkaroon ng tatlong araw na piging at ang ina’y namatay na masaya at siyangsiya ang kalooban, matapos na maipamana sa anak ang lahat ng kaniyang kayamanan."
El Filibusterismo,2,SA ILALIM NG KUBYERTA,115,"Ngunit sa pagtutunggaliang iyon ay tumangap si Florentino ng isang sugat na hindi na gumaling kailan man; mga ilang linggo muna bago ganapin ang una niyang pagmimisa, ang babaing kaniyang pinakagigiliw ay nag-asawa ng wala nang pilipili dahil sa sama ng loob; ang dagok na iyon ay siyang pinakamahapding tinanggap niya; nanghilambot ang kaniyang budhi at ang kabuhayan ay naging isa niyang kinamuhian at mabigat na dalahin."
El Filibusterismo,2,SA ILALIM NG KUBYERTA,116,Kung di man ang kabaitan at pagbibigay dangal sa kaniyang kalagayan ay ang pag-ibig na iyon ang nagligtas sa kaniya sa banging kinahuhulugan ng paring prayle at hindi prayle dito sa Pilipinas.
El Filibusterismo,2,SA ILALIM NG KUBYERTA,117,Hinarap ang kaniyang mga nasasakop dahil sa kaniyang pagtupad sa katungkulan at pagkakahilig sa mga likas na karunungan.
El Filibusterismo,2,SA ILALIM NG KUBYERTA,118,"Nang mangyari ang mga kaguluhan noong 72 ay ipinanganib ni P. Florentino na siya’y mapuna dahil sa kalakihan ng kinikita ng kaniyang kurato, at sa dahilang siya’y payapang tao, ay humingi ng pagpapahinga at mula na noon ay nanirahan nang wari’y isang taong karaniwan sa mga lupain nilang mag-aanak na nasa baybayin ng dagat Pacifico."
El Filibusterismo,2,SA ILALIM NG KUBYERTA,119,"Doo’y inaruga ang isa niyang pamangking lalaki, si Isagani, na alinsunod sa mga masasamang dila ay anak niya sa kaniyang dating iniibig, ng mabao, anak sa pagkadalaga ng isang pinsan niyang taga Maynila, alinsunod naman sa mga lalong nakababatid at hindi bulaan."
El Filibusterismo,2,SA ILALIM NG KUBYERTA,120,Nang makita ng Kapitan ng bapor ang klerigo ay pinilitpilit na pumasok sa kamara at umakyat sa kubierta.
El Filibusterismo,2,SA ILALIM NG KUBYERTA,121,Upang mapahinuhod lamang siya’y nagsabing:
El Filibusterismo,2,SA ILALIM NG KUBYERTA,122,—Kung hindi kayo paparoon ay aakalain ng mga prayle na aayaw kayong makisama sa kanila.
El Filibusterismo,2,SA ILALIM NG KUBYERTA,123,Wala nang nagawa si P. Florentino kundi ang sumunod at ipinatawag ang kaniyang pamangkin upang pagsabihan ng nangyayari at ipagbilin na huwag lalapit sa kamara samantalang siya’y naroroon.
El Filibusterismo,2,SA ILALIM NG KUBYERTA,124,—Kung makikita ka ng Kapitan ay aanyayahan ka at magpapakalabis naman tayo.
El Filibusterismo,2,SA ILALIM NG KUBYERTA,125,—Paraan ng aking amain!
El Filibusterismo,2,SA ILALIM NG KUBYERTA,126,—ani ni Isagani sa sarili—wala namang dahilan kung di upang huwag lamang akong makausap ni aling Victorina.
El Filibusterismo,3,MGA ALAMAT,1,Nang bumati si P. Florentino sa munting lipunan ay hindi na naghahari doon ang pagkakainisan dahil sa nakaraang pagtatalo.
El Filibusterismo,3,MGA ALAMAT,2,"Marahil ay nakaakit sa mga budhi ang masasayang bahay sa bayan ng Pasig, ang mga kopa ng mga alak na Jerez na tinungga upang humanda o marahil ay ang pag-aantabay sa isang mabuting pananghalian; maging alin man sa mga tinuran ang sanhi, ang katunayan, ay nangagtatawanan at nangagbibiruan na, sampu ng pransiskanong payat, kahit na hindi nangagiingay: ang kanilang mga tawa’y kahawig ng mga ngiwi ng isang mamamatay."
El Filibusterismo,3,MGA ALAMAT,3,—¡Masasamang panahon!
El Filibusterismo,3,MGA ALAMAT,4,", ¡masasamang panahon!"
El Filibusterismo,3,MGA ALAMAT,5,—ang sabing tumatawa ni P. Sibyla.
El Filibusterismo,3,MGA ALAMAT,6,"—¡Maano namang huwag kayong magsalita ng ganyan, Vice-Rector!"
El Filibusterismo,3,MGA ALAMAT,7,"—ang sagot ng kanonigong si P. Irene, sabay sa pagtutulak sa luklukan noon—sa Hongkong ay malusog ang inyong pangangalakal at nagpapatayo kayo ng mga bahay na bawa’t isa ay...."
El Filibusterismo,3,MGA ALAMAT,8,¡ba!
El Filibusterismo,3,MGA ALAMAT,9,"—¡Tate, tate!"
El Filibusterismo,3,MGA ALAMAT,10,"—ang sagot—hindi ninyo nakikita ang aming mga gugol, at ang mga naninirahan sa aming mga aring lupain ay nagsisimula na sa pagtutol...."
El Filibusterismo,3,MGA ALAMAT,11,"—¡Siya, siya na ng kadadaing, pagka’t kung hindi ay iiyak na ako!"
El Filibusterismo,3,MGA ALAMAT,12,—ang masayang sigaw ni P. Camorra.
El Filibusterismo,3,MGA ALAMAT,13,—Kami’y hindi dumadaing gayong wala kaming mga lupain ni mga banko.
El Filibusterismo,3,MGA ALAMAT,14,At alamin ninyo na nagsisimula na ng pagtawad sa mga deretsos ang aking mga indio at iniuukilkil sa akin ang mga taripa!
El Filibusterismo,3,MGA ALAMAT,15,"Sukat ba namang ukilkilan ako ng taripa ngayon, at taripa pa naman ng Arsobispo na si D. Basilio Sancho, puñales, wari bagang mula noon hangang ngayon ay hindi namahal ang mga bagay-bagay."
El Filibusterismo,3,MGA ALAMAT,16,"Ha, ha, ha!"
El Filibusterismo,3,MGA ALAMAT,17,Bakit mamumura pa ang isang binyag kay sa isang inahing manok?
El Filibusterismo,3,MGA ALAMAT,18,"Ngunit ako’y nagtataingang kawali, sinisingil ko hangang saan makaabot at hindi ako dumadaing kailan man."
El Filibusterismo,3,MGA ALAMAT,19,"Hindi kami makamkam, ano, P. Salvi?"
El Filibusterismo,3,MGA ALAMAT,20,Nang mga sandaling iyon ay siyang paglabas sa eskotilya ng ulo ni Simoun.
El Filibusterismo,3,MGA ALAMAT,21,—Ngunit ¿saan baga kayo nagsuot?
El Filibusterismo,3,MGA ALAMAT,22,—ang sigaw sa kanya ni D. Custodio na nakalimot na sa sama ng loob:—hindi ninyo nakita ang pinakamainam sa paglalayag!
El Filibusterismo,3,MGA ALAMAT,23,—¡Psh!
El Filibusterismo,3,MGA ALAMAT,24,"—ang sagot ni Simoun nang makaakyat na ng tuluyan;—nakakita na ako ng maraming ilog at maraming tanawin, kaya’t wala ng may kabuluhan sa akin kun di iyong may mga alamat...."
El Filibusterismo,3,MGA ALAMAT,25,"—Kung sa alamat, ay may ilan ang Pasig—ang sagot ng Kapitan, na ayaw mawalang kabuluhan ang ilog na kaniyang nilalayagan at pinagkakakitaan ng pagkabuhay,—nariyan ang Malapad-na-bato, na sinasamba noong kapanahunang hindi pa dumarating dito ang mga kastila, na umano’y tirahan ng mga espiritu: ng mawala na ang pananalig diyan at masalaula na ang bato ay naging tirahan ng mga tulisan, na mula sa tugatog niya’y hinaharang ang mga bangka na nakikilaban na sa agos ay nakikilaban pa sa mga tao."
El Filibusterismo,3,MGA ALAMAT,26,"Nang makaraan iyon at sa kapanahunan na natin, kahit nababakas sa kanya ang kamay ng tao, ay may nababanggit ding mangisangisang bangkang natataob, at kung sa pagliko ay hindi ko ginagamit ang anim kong sentido ay hindi malayong mapabarandal sa kanyang mga tagiliran."
El Filibusterismo,3,MGA ALAMAT,27,"Nariyan pa ang isang alamat, ang sa yungib ni doña Jeronima, na maibubuhay sa inyo ni P. Florentino."
El Filibusterismo,3,MGA ALAMAT,28,—Walang hindi nakaalam niyon!
El Filibusterismo,3,MGA ALAMAT,29,—ang pawalang bahalang sabi ni P. Sibyla.
El Filibusterismo,3,MGA ALAMAT,30,"Ngunit ni si Simoun, ni si Ben-Zayb, ni si P. Irene, ni si P. Camorra ay nakaaalam, kaya’t hiningi nilang isaysay; ang ilan ay pabiro at ang iba’y sapagka’t sadyang ibig mabatid."
El Filibusterismo,3,MGA ALAMAT,31,"Ang klerigo ay umanyong pabiro, kagaya ng paghiling ng ilan, gaya ng pagsalaysay sa mga bata ng isang sisiwa, at nagsabing:"
El Filibusterismo,3,MGA ALAMAT,32,"—May isang lalaking nag-aaral na nangakong pakakasal sa isang babai, sa kanyang bayan, at pagkatapos ay hindi na naalaala ang pangako."
El Filibusterismo,3,MGA ALAMAT,33,"Dahil sa pagkamatapat ng babai ay inantay-antay ng malaon ang lalaki: nakaraan ang kanyang kabataan, naging dalagsot at isang araw ay nabalitaang ang kanyang katipan sa pag-aasawa ay siyang Arsobispo sa Maynila."
El Filibusterismo,3,MGA ALAMAT,34,"Nagsuot lalaki at lumigid sa ungos ng Cabo, sa pagparito, at humarap sa Ilustrisima na hinilingang tumupad sa pangako."
El Filibusterismo,3,MGA ALAMAT,35,"Ang kahilinga’y hindi mangyayari, at ipinagawa nga ng Arsobispo iyang yungib na nakita ninyong may takip at napapalamutihan sa pagpasok ng mga punong gumagapang."
El Filibusterismo,3,MGA ALAMAT,36,"Diyan siya nanahan at namatay, at diyan din siya nalibing, at ayon sa sabisabihan ay tumatagilid si doña Jeronima kung pumapasok sa yungib dahil sa katabaan."
El Filibusterismo,3,MGA ALAMAT,37,Ang kabantugan niya sa pagkaenkantada ay buhat sa ugali niyang paghahagis sa ilog ng mga kasangkapang pilak na ginagamit sa mga piging niyang dinadaluhan ng maraming ginoo.
El Filibusterismo,3,MGA ALAMAT,38,Isang lambat ang nasa ilalim ng tubig at siyang sumasahod sa mga kasangkapang doon na nahuhugasan.
El Filibusterismo,3,MGA ALAMAT,39,"Wala pang dalawang pung taon ang nakararaan na ang ilog ay dumadaang halos humahalik sa pintuan ng yungib, ngunit untiunting lumalayo, gaya rin naman ng pagkalimot ng mga taga rito sa kay doña Jeronima."
El Filibusterismo,3,MGA ALAMAT,40,—¡Mainam na alamat!
El Filibusterismo,3,MGA ALAMAT,41,"—ani Ben-Zayb,—susulat ako ng ukol diyan."
El Filibusterismo,3,MGA ALAMAT,42,Nakaaawa.
El Filibusterismo,3,MGA ALAMAT,43,"Iniisip na ni aling Victorina na manirahan sa isa namang yungib at sasabihin na sana ng unahan siya ni Simoun, na nagsabing:"
El Filibusterismo,3,MGA ALAMAT,44,"—Ngunit ano ang palagay ninyo sa bagay na iyon, P. Salvi—ang tanong sa pransiskano na walang imik dahil sa may iniisip—¿hindi baga lalong mabuti, sa palagay ninyo, na dapat sanang hindi sa isang yungib siya inilagay ng Arsobispo kung di sa isang beaterio, sa Santa Clara, sa halimbawa?"
El Filibusterismo,3,MGA ALAMAT,45,"Galaw na pamangha ni P. Sibyla, na nakakitang si P. Salvi ay nanginig at sumulyap sa dako ni Simoun."
El Filibusterismo,3,MGA ALAMAT,46,"—Sapagka’t hindi naman mainam—ang patuloy na walang tigatig ni Simoun,—iyang bigyan ng munting tahanan ang mga nadadaya natin; labag sa pagkamapanampalataya ang ipain siya sa mga tukso, sa isang yungib, sa tabi ng ilog; nangangamoy ninfa o kaya’y driada ang gayon."
El Filibusterismo,3,MGA ALAMAT,47,"Marahil ay naging mainam pa, lalo pang kabanalan, lalo pang maganda, lalo pang kapit sa ugali dito, ang kulungin siya sa Santa Clara, na waring isang bagong Eloisa, upang madalaw at mahimok maminsanminsan, ¿Ano ang sabi ninyo?"
El Filibusterismo,3,MGA ALAMAT,48,—Hindi ko mahahatulan ni dapat kong hatulan ang kagagawan ng mga Arsobispo—ang tugong mabigat ang loob ng pransiskano.
El Filibusterismo,3,MGA ALAMAT,49,"—Ngunit kayo, na siyang gobernador eclesiastico, ang kahalili ng Arsobispo, ¿ano ang gagawin ninyo kung sa inyo mangyari ang bagay na iyon?"
El Filibusterismo,3,MGA ALAMAT,50,"Kinibit ni P. Salvi ang kaniyang balikat, at payapang tumugon ng:"
El Filibusterismo,3,MGA ALAMAT,51,—Walang kabuluhang isipin ang isang bagay na hindi mangyayari....
El Filibusterismo,3,MGA ALAMAT,52,"Datapwa’y yayamang napag-uusapan na rin lamang ang tungkol sa mga alamat, ay huwag ninyong kaligtaan ang lalong mainam, dahil sa siyang lalong katotohanan, ang kababalaghan ni San Nicolas, na marahil ay nakita ninyo ang mga sirang muog ng kaniyang simbahan."
El Filibusterismo,3,MGA ALAMAT,53,Ibubuhay ko kay G. Simoun na siyang hindi dapat makaalam.
El Filibusterismo,3,MGA ALAMAT,54,"Waring noong araw ay maraming buwaya sa lawa’t sa ilog, mga buwayang napakalalaki’t napakamasiba na dinudumog ang mga bangka at pinalulubog sa hagkis ng kanilang buntot."
El Filibusterismo,3,MGA ALAMAT,55,"Sinasabing isang araw, ang isang insik na hangga noon ay hindi pa nagbibinyagan, ay dumaraan sa harap ng Simbahan, at walang ano ano’y sasisipot sa kaniyang harapan ang demonio, na anyong buwaya, na itinaob ang kaniyang bangka upang lamunin siya at dalhin sa Impierno."
El Filibusterismo,3,MGA ALAMAT,56,Sa tulong ng Dios ay tinawagan ng insik si San Nicolas at noon din ay naging bato ang buwaya.
El Filibusterismo,3,MGA ALAMAT,57,Sinasabi ng mga matatanda na ng kapanahunan nila ay nakikilala pang maliwanag ang anyo ng hayop sa putol putol na batong nalalabi; sa ganang akin ay masasabi kong nakita ko pang malinaw ang ulo at kung huhulaan ang katawan dahil sa aking nakita ay dapat na maging lubhang malaki ang hayop na yaon.
El Filibusterismo,3,MGA ALAMAT,58,—¡Kahangahangang alamat!
El Filibusterismo,3,MGA ALAMAT,59,"—ang pabulalas ni Ben-Zayb,—at magiging sanhi ng isang salaysayin."
El Filibusterismo,3,MGA ALAMAT,60,"Ang pagsasabi ng anyo ng hayop, ang takot ng insik, ang tubig ng ilog, ang kakawayanan...."
El Filibusterismo,3,MGA ALAMAT,61,At magiging sanhi ng pagsusuri ng mga pananampalataya.
El Filibusterismo,3,MGA ALAMAT,62,"Sapagka’t tignan ninyo; tawagan pa naman ng isang insik na hindi binyagan, sa gitna ng kasakunaan, ang isang santo na hindi niya sinasamba at marahil ay kilala lamang sa dingig...."
El Filibusterismo,3,MGA ALAMAT,63,"Ito’y hindi sakop noong sawikaing mabuti pa ang masamang kilala na, kay sa mabuting kikilalanin pa."
El Filibusterismo,3,MGA ALAMAT,64,Kung ako’y mapapasakainsikan at malalagay ako sa gayong kagipitan ang una ko munang tatawagan ay yaong lalong hindi kilalang santo sa calendario kay sa kay Confusio o Budha.
El Filibusterismo,3,MGA ALAMAT,65,"Kung ito’y isang kataasang tunay ng uri ng katolisismo o kaya’y kahinaan sa paghuhulo at pagka walang katibayan ng pag-iisip ng mga lahing dilaw, ay malilinaw lamang ng isang pagkilalang masusi ng antropologia."
El Filibusterismo,3,MGA ALAMAT,66,"Si Ben-Zayb ay gumamit ng kilos guro at pinagalaw ang hintuturo sa hangin, sabay sa pagtataka sa sariling pag-iisip na marunong humango ng maraming banggit at katuturan sa maliliit na bagay."
El Filibusterismo,3,MGA ALAMAT,67,"At sa dahilang nakita, na si Simoun ay nagbubulaybulay dahil sa bagay na kasasabi pa lamang niya, ay tinanong na kung ano ang iniisip."
El Filibusterismo,3,MGA ALAMAT,68,"—Dalawang bagay na mahalaga—ang sagot ni Simoun,—dalawang katanungang maidaragdag sa inyong susulatin."
El Filibusterismo,3,MGA ALAMAT,69,Una: ¿ano kaya ang nangyari sa diablo ng biglang makulong sa bato?
El Filibusterismo,3,MGA ALAMAT,70,¿nakatanan?
El Filibusterismo,3,MGA ALAMAT,71,¿naiwan doon?
El Filibusterismo,3,MGA ALAMAT,72,¿napilpil?
El Filibusterismo,3,MGA ALAMAT,73,"At ang pangalawa, ay kung yaong mga hayop na naging bato na napagkita ko sa ilang museo sa Europa, ay hindi kaya nagkagayon ng dahil naman sa ilang santong nabuhay na una sa panahon ng pag-apaw ng tubig sa sangmundo?"
El Filibusterismo,3,MGA ALAMAT,74,"Walang kapingaspingas na biro ang pagkakasabi ng mag-aalahas at itinukod pa sa noo ang kanyang hintuturo, tanda ng malaking pagmumunimuni, kaya’t si P. Camorra ay walang kapingaspingas ding sumagot na:"
El Filibusterismo,3,MGA ALAMAT,75,"—¡Sino ang makapagsasabi, sino ang makapagsasabi!"
El Filibusterismo,3,MGA ALAMAT,76,"—At yayamang mga alamat ang napag-uusapan at pumapasok tayo sa lawa,—ang tugon ni P. Sibyla—ang kapitan ay dapat makabatid ng marami...."
El Filibusterismo,3,MGA ALAMAT,77,Nang mga sandaling yaon ay pumapasok sa wawa ang bapor at ang tanawing nasa harap ay lubhang mainam.
El Filibusterismo,3,MGA ALAMAT,78,Ang lahat ay nalugod.
El Filibusterismo,3,MGA ALAMAT,79,"Sa harapan ay nakalatag ang magandang lawa, na nalilibid ng baybaying berde at bughaw na bulubundukin, na waring isang malaking salamin na nakukulong ng palibid na pawang esmeralda at sapiro, na sa kaniyang lunas ay nananalamin ang langit."
El Filibusterismo,3,MGA ALAMAT,80,"Sa kanan ay nakalatag ang dalampasigang mababa, na may mga look na may maiinam na anyo, at doon sa malayo, halos napapawi na sa paningin, naroon ang kawit ng bundok Sungay; sa harapan at sa huling dakong abot ng paningin ay nakatayo ang Makiling, mataas, nakahahanga, napuputungan ng manipis na ulap; at sa kaliwa ang pulong Talim, ang Susong-dalaga na taglay ang matatambok niyang guhit na naging sanhi ng kaniyang pangalan."
El Filibusterismo,3,MGA ALAMAT,81,Isang malamig na simuy ang nagpapakulot sa malapad na ibabaw ng tubig.
El Filibusterismo,3,MGA ALAMAT,82,"—Maala-ala ko pala, Kapitan—ang sabi ni Ben-Zayb, na kasabay ang paglingon—¿alam baga ninyo kung saan dako ng lawa napatay ang isang nagngangalang Guevara, Navarra o Ibarra?"
El Filibusterismo,3,MGA ALAMAT,83,"Lahat ay napatingin sa Kapitan, tangi lamang si Simoun na ibinaling ang mukha sa kabilang dako, na waring may hinahanap sa dalampasigan."
El Filibusterismo,3,MGA ALAMAT,84,—¡Ay siya nga!
El Filibusterismo,3,MGA ALAMAT,85,"—ani aling Victorina,—¿saan Kapitan?"
El Filibusterismo,3,MGA ALAMAT,86,¿nakaiwan kaya ng bakas sa tubig?
El Filibusterismo,3,MGA ALAMAT,87,"Kumindat ng makailan ang tinatanong, bilang katunayan na laban sa kanyang kalooban ang katanungan; ngunit ng mabatyag ang samo sa mga mata ng lahat, ay lumapit ng ilang hakbang sa unahan ng bapor at minataan ang baybayin."
El Filibusterismo,3,MGA ALAMAT,88,"—Tumingin kayo roon—ang sabing marahan, matapos na maunawang walang ibang tao:—alinsunod sa Cabo na nangulo sa pag-uusig, ng makita ni Ibarra na siya’y nakukulong, ay lumunsad sa bangka, sa malapit sa Kinabutasan at sa kasisisid ay linangoy ang habang may dalawang milla, na hinahabol siya ng punlo kailan ma’t ilalabas ang ulo sa tubig upang huminga."
El Filibusterismo,3,MGA ALAMAT,89,"Sa dako pa roon ay hindi na siya nakita, at sa malayolayo pa, sa may pangpang, ay nakakita ng wari’y kulay dugo."
El Filibusterismo,3,MGA ALAMAT,90,"At ngayon ang ikalabing tatlong taon ng pangyayari, na walang kulang at labis na araw."
El Filibusterismo,3,MGA ALAMAT,91,"—¿Kung gayon, ang kaniyang bangkay?..."
El Filibusterismo,3,MGA ALAMAT,92,—ang tanong ni Ben-Zayb.
El Filibusterismo,3,MGA ALAMAT,93,"—Ay nakisama sa bangkay ng kaniyang ama,—ang sagot ni P. Sibyla;—¿hindi ba isa ring pilibustero, P. Salvi?"
El Filibusterismo,3,MGA ALAMAT,94,"—Iyan ang mga murang libing, P. Camorra, ¿ano?"
El Filibusterismo,3,MGA ALAMAT,95,—ang sabi ni Ben-Zaib.
El Filibusterismo,3,MGA ALAMAT,96,"—Lagi ng sinasabisabi ko, na pilibustero ang mga hindi bumabayad ng maringal na libing—ang sagot na tumatawa ng tinukoy."
El Filibusterismo,3,MGA ALAMAT,97,—Ngunit ¿ano ang nangyayari sa inyo G. Simoun?
El Filibusterismo,3,MGA ALAMAT,98,"—ang tanong ni Ben-Zayb nang makitang ang mag-aalahas ay nakatigil at nag-iisip—¿Nahihilo baga kayo, kayong mapaglakbay, sa isang patak na tubig na kagaya nito?"
El Filibusterismo,3,MGA ALAMAT,99,"—Ang masasabi ko sa inyo,—ang sagot ng Kapitan na nagkaroon na ng giliw sa mga pook na iyon;—huwag ninyong panganlan ito ng patak na tubig: ito’y malaki sa alin man sa mga lawa sa Suisa at malaki pa kahit pagpisanin ang lahat ng lawa sa España; nakakita ako ng matatandang mangdaragat na nangaliyo rito."
El Filibusterismo,4,SI KABISANG TALES,1,"Ang mga nakabasa ng unang bahagi ng kabuhayang ito, ay maaalaala marahil ang isang matandang magkakahoy na naninirahan doon sa kalookan ng isang gubat."
El Filibusterismo,4,SI KABISANG TALES,2,Si Tandang Selo ay buhay pa at kahi’t ang kaniyang buhok ay pumuti na ay mabuti rin ang kaniyang katawan.
El Filibusterismo,4,SI KABISANG TALES,3,Hindi na nanghuhuli sa bitag at hindi na rin nagpuputol ng kahoy; sa dahilang bumuti na ang kabuhayan ay naggagawa na lamang ng walis.
El Filibusterismo,4,SI KABISANG TALES,4,"Ang kaniyang anak na si Tales (palayaw ng Telesforo) ay nakisama muna sa isang namumuhunan; ngunit ng malaunan, ng magkaroon ng dalawang kalabaw at mga ilang daang piso, ay gumawa na sa sarili, na katulong ang kaniyang ama, ang kaniyang asawa at ang kaniyang tatlong anak."
El Filibusterismo,4,SI KABISANG TALES,5,Hinawan nga at lininis ang makapal na gubat na nasa labasan ng bayan na inakala nilang walang may-ari.
El Filibusterismo,4,SI KABISANG TALES,6,"Nang kanilang ginagawa ang lupa at maayos ay linagnat na isa isa silang mag-aanak at namatay ang Ina at anak na panganay na si Lucia, na nasa katamtamang gulang."
El Filibusterismo,4,SI KABISANG TALES,7,"Ang bagay na iyon na sadyang ibinibigay ng pagkakabungkal ng lupa na sagana sa sarisaring bagay, ay inakala nilang higanti ng mga laman-lupang naninirahan sa gubat, kaya’t kinalamay nila ang kanilang loob at ipinagpatuloy ang gawain sa pag-asang lumipas na ang pagkamuhi ng espiritu."
El Filibusterismo,4,SI KABISANG TALES,8,"Nang aanihin na ang unang tanim ay inangkin ang mga lupang iyon ng isang “Corporacion” ng mga prayle na may pag-aari sa bayang kalapit, na ang ikinakatwiran ay nasa sa loob ng kanilang mga hanganan, at upang mapatunayan ang gayon ay itinayo noon din ang kanilang mga muhon."
El Filibusterismo,4,SI KABISANG TALES,9,"Gayon man, ay pinabayaan siya ng tagapangasiwa ng mga pari upang pag-anihan, kailan man at magbabayad siya sa taon taon ng isang munting halaga, isang walang gaano, dalawang pu o tatlong pung piso."
El Filibusterismo,4,SI KABISANG TALES,10,"Si Tales, na mabait sa dilang mabait, ayaw sa usapin na gaya ng iba at masunurin sa mga praile gaya ng ilan, sa pag-iwas na ibunggo ang isang palyok sa isang kawali, gaya ng sabi niya, (sa ganang kanya’y kasangkapang bakal ang mga prayle at siya’y kasankapang putik), ay umalinsunod sa kahilingan, dahil sa naisip niyang siya’y hindi marunong ng wikang kastila at walang maibabayad sa mga tagapagtanggol."
El Filibusterismo,4,SI KABISANG TALES,11,"At saka sinabi sa kanya ni tandang Selo, na:"
El Filibusterismo,4,SI KABISANG TALES,12,—Tiisin mo na!
El Filibusterismo,4,SI KABISANG TALES,13,malaki pa ang magugugol mo sa pakikipag-usapin ng isang taon kay sa magbayad ng makasampu ng hinihiling ng mga paring puti.
El Filibusterismo,4,SI KABISANG TALES,14,¡Hmh!
El Filibusterismo,4,SI KABISANG TALES,15,Marahil ay gantihin ka naman nila ng misa.
El Filibusterismo,4,SI KABISANG TALES,16,"Ipagpalagay mong ang tatlong pung pisong iyan ay natalo sa sugal, o kaya’y nahulog sa tubig at kinain ng buwaya."
El Filibusterismo,4,SI KABISANG TALES,17,"Ang ani ay naging masagana, nabili sa mabuting halaga, at inisip ni Tales ang magtayo ng isang bahay na tabla sa nayon ng Sapang, ng bayang Tiani, na kalapit ng San Diego."
El Filibusterismo,4,SI KABISANG TALES,18,"Nakaraan ang isa pang taon at dumating ang isa pang mabuting ani, at dahil sa paganito o pagayong sanhi ay ginawa ng mga prayle na limang pung piso ang canon, na pinagbayaran naman ni Tales upang huwag silang magkagalit at sa dahilang umasang maipagbibili sa mabuting halaga ang asukal."
El Filibusterismo,4,SI KABISANG TALES,19,—¡Tiisin mo na!
El Filibusterismo,4,SI KABISANG TALES,20,"Ibilang mong lumaki ang buwaya,—ang payo ni matandang Selo."
El Filibusterismo,4,SI KABISANG TALES,21,"Nang taong yaon ay naganap ang kanilang pangarap: manirahan sa bayan, sa kanilang bahay na tabla sa nayon ng Sapang, at inisip ng ama at ng nuno ang papag-aralin ang dalawang magkapatid, lalonglalo na ang babai, si Juliana o Huli, gaya ng kanilang tawag, na magiging maganda sa wari."
El Filibusterismo,4,SI KABISANG TALES,22,"Isang batang lalaki, si Basilio, na kanilang kaibigan at kagaya rin nila sa uri ay nag-aaral na noon sa Maynila."
El Filibusterismo,4,SI KABISANG TALES,23,Ngunit ang pangarap na ito’y waring ukol sa hindi pangyayari.
El Filibusterismo,4,SI KABISANG TALES,24,"Ang unang ginawa ng bayan, ng makita ang untiunting pagtighaw nila, ay ang paghahalal na kabisa sa pinakamalakas na gumawa sa mag-aanak; ang anak na panganay na si Tano ay may labing apat na taon pa lamang."
El Filibusterismo,4,SI KABISANG TALES,25,"Tinawag na ngang kabisang Tales, nangailangang magpagawa ng chaqueta, bumili ng isang sambalilong pieltro at humanda sa paggugugol."
El Filibusterismo,4,SI KABISANG TALES,26,"Upang huwag makipagkagalit sa Kura at sa Pamahalaan ay pinagpapaluwalan niya ang naaalis sa padron, ipinagbabayad ang mga umaalis at namamatay, nag-aaksaya ng maraming panahon sa paniningil at pagtungo sa Cabecera."
El Filibusterismo,4,SI KABISANG TALES,27,—¡Magtiis ka na!
El Filibusterismo,4,SI KABISANG TALES,28,"Ipagpalagay mong dumating ang mga kamag-anak ng buwaya,—ang sabing nakangiti ni tandang Selo."
El Filibusterismo,4,SI KABISANG TALES,29,"—Sa taong darating ay magsusuot ka na ng de cola at paparoon ka sa Maynila, upang mag-aral na gaya ng mga dalaga sa bayan!"
El Filibusterismo,4,SI KABISANG TALES,30,—ang sabi-sabi ni kabisang Tales sa kaniyang anak kailan ma’t madidingig dito ang mga pagkatuto ni Basilio.
El Filibusterismo,4,SI KABISANG TALES,31,Ngunit ang taong darating na iyon ay hindi sumasapit at sa kanya’y napapalit ang pagdaragdag sa buwis ng lupa; natubigan na si kabisang Tales at nagkakamot ng ulo.
El Filibusterismo,4,SI KABISANG TALES,32,Ibinibigay na ng lutuang putik ang kaniyang bigas sa caldero.
El Filibusterismo,4,SI KABISANG TALES,33,Nang umabot sa dalawang daang piso ang canon ay hindi na nagkasiya si kabisang Tales sa pagkamot sa ulo at pagbubuntong hininga: tumutol at bumulongbulong.
El Filibusterismo,4,SI KABISANG TALES,34,"Nang mangyari ang gayon ay sinabi sa kaniya ng prayleng tagapangasiwa, na, kung hindi siya makababayad ay iba ang magtatanim sa mga lupang yaon."
El Filibusterismo,4,SI KABISANG TALES,35,Maraming may nasa ang nagbabayad.
El Filibusterismo,4,SI KABISANG TALES,36,"Inakala ni kabisang Tales na nagbibiro ang prayle, ngunit tinototoo ng pari ang pagsasalita’t itinuturo ang isa sa mga alila niya na siyang kukuha ng lupa."
El Filibusterismo,4,SI KABISANG TALES,37,"Ang kaawaawang tao’y namutla, ang tainga niya’y umugong, isang mapulang ulap ang tumakip sa kaniyang paningin at doo’y namalas ang kaniyang asawa’t anak na babaing nangamumutla, yayat, naghihingalo, dahil sa walang gisaw na lagnat."
El Filibusterismo,4,SI KABISANG TALES,38,"At pagkatapos ay namalas ang makapal na gubat na naging bukirin, namalas niya ang agos ng pawis na dumidilig sa mga lubak, namalas niya siya, siya rin, ang kaawaawang si Tales, na nag-aararo sa gitna ng arawan, na nasusugatan ang mga paa sa mga bato’t tuod, samantalang ang uldog na iyon ay nagliliwaliw na nakasakay sa isang sasakyan at yaong kukuha ng kaniyang ari ay susunodsunod na gaya ng isang alipin sa kaniyang panginoon."
El Filibusterismo,4,SI KABISANG TALES,39,"¡Ah, hindi!"
El Filibusterismo,4,SI KABISANG TALES,40,¡makalilibong hindi!
El Filibusterismo,4,SI KABISANG TALES,41,Lumubog na muna ang mga kaparangang yaon sa kailaliman ng lupa at malibing na silang lahat.
El Filibusterismo,4,SI KABISANG TALES,42,¿Sino ang dayuhang iyon upang magkaroon ng karapatang makapag-ari sa kaniyang mga lupain?
El Filibusterismo,4,SI KABISANG TALES,43,¿Nagdala baga siya ng pumarito ng isang dakot man lamang ng alabok na iyon?
El Filibusterismo,4,SI KABISANG TALES,44,¿Nabaluktot baga ang isa man sa mga daliri niya sa pagbunot ng isang ugat man lamang na nanuod doon?
El Filibusterismo,4,SI KABISANG TALES,45,"Bugnot na sa mga pagbabala ng prayle na nag-aakalang papaghariin ang kaniyang mga karapatan sa lahat ng paraan, sa harap ng ibang naninirahan doon ay nagmatigas si kabisang Tales, ayaw magbayad, ni isa mang kualta, at dala rin sa harap ang mapulang ulap, ay sinabing ipagkakaloob lamang niya ang kaniyang mga bukirin sa dumilig muna doon ng dugo ng kaniyang mga ugat."
El Filibusterismo,4,SI KABISANG TALES,46,"Nang makita ni matandang Selo ang mukha ng kaniyang anak, ay hindi nakapangahas na banggitin ang buwaya, ngunit tinangka niyang paglubagin sa pagsasabi ng ukol sa mga kasangkapang putik at ipinaalaala, na sa mga usapin, ang nananalo’y nawawalan ng baro’t salawal."
El Filibusterismo,4,SI KABISANG TALES,47,"—Sa alabok tayo mauuwi, ama, at wala tayong damit ng sumilang sa maliwang!"
El Filibusterismo,4,SI KABISANG TALES,48,—ang sagot.
El Filibusterismo,4,SI KABISANG TALES,49,"At nagmatigas na sa hindi pagbabayad ni ibigay ang isang dangkal man lamang ng kaniyang lupa, kung hindi ipakikilala muna ng mga prayle ang katibayan ng kanilang paghahabol sa paraan ng pagpapakita ng kahi’t anong kasulatan."
El Filibusterismo,4,SI KABISANG TALES,50,"At sa dahilang walang maipakita ang mga prayle ay nagkaroon ng usapin, at tinanggap ang gayon ni kabisang Tales sa pag-asang kundi man ang lahat ay may ilang lumilingap sa katwiran at gumagalang sa mga kautusan."
El Filibusterismo,4,SI KABISANG TALES,51,"—Naglilingkod ako at marami ng taong ako’y naglilingkod sa hari, sa tulong ng aking salapi at mga pagpapagod,—ang sabi sa mga nagwiwikang wala siyang mararating:—hinihiling ko sa kaniya ngayon na lingapin ang aking katwiran at lilingapin niya ako."
El Filibusterismo,4,SI KABISANG TALES,52,"At akay ng isang kasawian at parang sa usapin ay natataya ang kaniyang kabuhayan sa araw ng bukas at ang sa kaniyang mga anak, ay ginugol ang kaniyang naiipon sa pagbabayad sa mga abogado, escribano at procurador, na hindi pa kabilang dito ang mga kawani at mga taga-sulat na sinasamantala ang kaniyang kamangmangan at kalagayan."
El Filibusterismo,4,SI KABISANG TALES,53,"Yao’t dito siya sa pangulong bayan ng lalawigan, nakararaan siya ng buong maghapon na hindi kumakain at hindi natutulog, at ang kaniyang pakikipagusap ay pawang tungkol sa mga kasulatan, pagharap, paghahabol sa lalong may mataas na kapangyarihan, ibp."
El Filibusterismo,4,SI KABISANG TALES,54,"Noon nakita ang isang labanang hindi pa namamasdan sa silong ng langit ng Pilipinas: ang sa isang maralitang indio, mangmang at walang mga kaibigan, tiwala sa kaniyang katwiran at sa kabutihan ng kaniyang pinag-uusig, na nakikilaban sa isang malakas na “corporacion” na niyuyukuan ng kapangyarihan at sa harap niya’y binibitiwan ng mga hukom ang kanilang timbangan at isinusuko ang kanilang tabak."
El Filibusterismo,4,SI KABISANG TALES,55,"Mapilit sa pakikitunggali na waring langgam na kumakagat, gayong nakikilalang siya’y matitiris, waring langaw na tinatanaw ang kalawakang walang hanggan sa likod ng isang salamin."
El Filibusterismo,4,SI KABISANG TALES,56,¡Ah!
El Filibusterismo,4,SI KABISANG TALES,57,"Ang kasangkapang lupa, sa pakikipaglaban sa mga caldero, ay may nakahahanga ring anyo, sa pagkadurog: taglay niya ang kaigtingan ng pagdumog ng walang pag-asa."
El Filibusterismo,4,SI KABISANG TALES,58,"Sa mga araw na hindi siya naglalakbay, ay dinadaan niya sa paglilibot sa kaniyang bukirin na dala ang isang baril, sinasabisabi niyang ang mga tulisan ay nangloloob at nangangailangang magtanggol siya upang huwag mahulog sa kanilang mga kamay at matalo ang usap."
El Filibusterismo,4,SI KABISANG TALES,59,"At waring pagsasanay sa pagtudla ay binabaril ang mga ibon at mga bungang kahoy, bumabaril ng mga paroparo ng walang kalihislihis, kaya’t ang tagapangasiwang uldog ay hindi na nangahas na tumungo sa Sapang kung walang kasamang mga guardia sibil, at ang palamon ng pari na nakakita sa magandang tikas ni kabisang Tales na naglilibot sa kaniyang bukirin na wari’y isang bantay, ay umayaw nang lipus ng takot na kunin ang pag-aari."
El Filibusterismo,4,SI KABISANG TALES,60,"Datapwa’y hindi makapangahas na bigyan siyang katwiran ng mga hukom pamayapa sa bayan at nang nasa cabecera, dahil sa natatakot maalis sa katungkulan, sapagka’t nadadala na dahil sa isang kaagad-agad ay inalis."
El Filibusterismo,4,SI KABISANG TALES,61,"At hindi naman masasama ang mga hukom na iyon, pawang taong matatalino, matapat, mabubuting mamamayan, maririlag na mga magulang, mabubuting anak... at nakatataya ng kalagayan ni Tales ng mabuti pa kay sa sariling may katawan."
El Filibusterismo,4,SI KABISANG TALES,62,"Marami sa kanila ang nakababatid ng mga sanhi at pangyayari nang pagkakaari, alam nilang ang mga prayle ay hindi dapat magkaroon ng mga pag-aaring lupa alinsunod sa kanilang mga palatuntunan, ngunit alam din naman nila na ang panggagaling sa malayo, ang pagtatawid dagat sa pagtupad sa katungkulang pinaghirapang lubha bago nakamit, mag-usig na makagampang mabuti at pawalan ang lahat ng iyon dahil lamang sa sinapantaha ng isang indio na ang katwiran ay gaganapin sa lupa ng gaya sa langit, ¡aba!"
El Filibusterismo,4,SI KABISANG TALES,63,isa rin namang kahibangan ang gayon!
El Filibusterismo,4,SI KABISANG TALES,64,"Sila ay mayroon din namang mga kaanak at marahil ay may malaki pang pangangailangan kay sa indiong yaon: ang isa’y may inang pinadadalhan sa tuwina ng salapi, at ¿mayroon pa bang kabanalbanalang bagay na gaya ng pakanin ang isang ina?"
El Filibusterismo,4,SI KABISANG TALES,65,"; ang isa ay may mga kapatid na babaing napapanahon sa pag-aasawa, ang isa pa’y may mga anak na maliliit na nag-aantay ng pagkain na waring mga inakay sa pugad na marahil ay mangamatay pagdating ng araw na maalis sa katungkulan; at ang pinakamunti ay may asawang nalalayo, lubhang malayo, na kung hindi tumanggap ng ukol na salapi ay magigipit......"
El Filibusterismo,4,SI KABISANG TALES,66,"At ang lahat ng hukom na iyon, na ang marami sa kanila’y may mga budhi at may malinis na hilig, ay nag-aakalang ang lalong pinakamabuti nilang magagawa ay ang himukin sa pagkakasundo, sa paraang magbayad si kabisang Tales ng buwis na hinihingi."
El Filibusterismo,4,SI KABISANG TALES,67,"Ngunit si Tales, gaya ng sinomang may maikling paghuhulo, ay patuloy sa layon, kailan ma’t nakakabanaag ng katwiran."
El Filibusterismo,4,SI KABISANG TALES,68,"Humihingi ng mga katunayan, katibayan, kasulatan, titulo, ngunit walang maipakita ang mga prayle at walang pinanghahawakan kundi ang mga nakaraang pag-alinsunod."
El Filibusterismo,4,SI KABISANG TALES,69,"Datapwa’y, ang tutol naman ni kabisang Tales:"
El Filibusterismo,4,SI KABISANG TALES,70,"—Kung sa araw araw ay naglilimos ako sa isang pulube upang huwag na lamang akong yamutin ¿sino ang makapipilit sa akin na magpatuloy ako sa pagbibigay, kung nagpapakasagwa naman?"
El Filibusterismo,4,SI KABISANG TALES,71,At walang makapag-patinag sa kaniya sa gayon at wala namang bantang makapagpalubag sa kaniya.
El Filibusterismo,4,SI KABISANG TALES,72,Walang nangyari sa Gobernador M.... na naglakbay at sinadya siya upang takutin; ang lahat ay sinasagot niya nang:
El Filibusterismo,4,SI KABISANG TALES,73,"—Magagawa ninyo ang ibig gawin, G. Gobernador, ako’y isang mangmang at wala akong lakas."
El Filibusterismo,4,SI KABISANG TALES,74,"Ngunit inayos ko ang mga bukiring ito, ang asawa ko’t anak ay nangamatay sa pagtulong sa akin sa paglilinis, kaya’t hindi ko siya maipagkakaloob sa sino mang hindi makagawa sa kanila ng higit sa ginawa ko."
El Filibusterismo,4,SI KABISANG TALES,75,Diligin muna sila ng dugo ng nagnanasa at ilibing sa kanila ang asawa’t anak.
El Filibusterismo,4,SI KABISANG TALES,76,"Ang kinahinatnan, sa katigasang ito ng ulo, ay ang bigyan ng katwiran ang mga prayle ng mga matapat na hukom, at siya’y pinagtatawanan ng bala na at pinagsasabihan pang hindi naipapanalo ang mga usapin ng dahil sa katwiran."
El Filibusterismo,4,SI KABISANG TALES,77,"Gayon man ay patuloy din siya sa paghahabol, linalagyan ng punlo ang kaniyang baril at mahinahong liniligid ang kaniyang lupain."
El Filibusterismo,4,SI KABISANG TALES,78,Sa kapanahunang iyon ay waring isang pangarap ang kaniyang kabuhayan.
El Filibusterismo,4,SI KABISANG TALES,79,"Ang kaniyang anak na si Tano, binatang kasingtaas ng ama, at gaya ng kapatid na babai sa kabutihan, ay nasundalo; pinabayaan niyang lumakad at hindi ibinayad ng makakapalit."
El Filibusterismo,4,SI KABISANG TALES,80,"—Magbabayad ako sa mga abogado,—ang sabi sa anak na babaing umiiyak:—kung manalo ako sa usapin ay mapababalik ko siya, ngunit kung ako’y matalo ay hindi ko kailangan ang anak."
El Filibusterismo,4,SI KABISANG TALES,81,Lumakad ang anak at ang tanging balitang tinanggap ay ang pinutulan ng buhok at natutulog sa ilalim ng isang karreta.
El Filibusterismo,4,SI KABISANG TALES,82,Nang makaraan ang anim na buwan ay may nagsabing nakitang dinala sa Carolinas; may ilang nagbabalitang tila nakitang suot guardia sibil.
El Filibusterismo,4,SI KABISANG TALES,83,—¡Guardia sibil si Tano!
El Filibusterismo,4,SI KABISANG TALES,84,¡Susmariosep!
El Filibusterismo,4,SI KABISANG TALES,85,—ang pamangha ng ilan na sabay sa pagtatalukob kamay:—¡Si Tano na napakabuti at napakabait!
El Filibusterismo,4,SI KABISANG TALES,86,¡Rekimeternam!
El Filibusterismo,4,SI KABISANG TALES,87,"May ilang araw na hindi binati ng nuno ang ama, si Huli ay nagkasakit, ngunit hindi tumulo ang isa mang patak na luha ni kabisang Tales; dalawang araw na hindi umalis sa bahay, na waring nangangamba sa pagsisi ng kaniyang mga kanayon; natatakot tawaging siyang pumatay sa kaniyang anak."
El Filibusterismo,4,SI KABISANG TALES,88,Ngunit ng ikatlong araw ay muling lumabas na dala ang kaniyang baril.
El Filibusterismo,4,SI KABISANG TALES,89,May nagsapantaha na siya’y may nasang pumatay ng tao at may isang nagsabi na nadingig umanong ibinubulong niya ang balang ibaon ang uldog sa mga lubak ng kaniyang bukirin; kaya’t mula noo’y kinatakutan na siyang lubha ng prayle.
El Filibusterismo,4,SI KABISANG TALES,90,Dahil dito’y pumanaog ang isang utos ng Capitan General na nagbabawal ng paggamit ng baril at ipinasasamsam na lahat.
El Filibusterismo,4,SI KABISANG TALES,91,"Ibinigay ni kabisang Tales ang kaniyang baril, ngunit nagpatuloy din sa kaniyang pagbabantay na ang dala ay isang mahabang itak."
El Filibusterismo,4,SI KABISANG TALES,92,—¿Ano ang gagawin mo sa itak na iyan sa ang mga tulisan ay may baril?
El Filibusterismo,4,SI KABISANG TALES,93,—ang sabi sa kaniya ni matandang Selo.
El Filibusterismo,4,SI KABISANG TALES,94,"—Kailangan kong bantayan ang aking mga pananim,—ang sagot;—ang bawa’t isang tubo doon ay isang buto ng aking asawa."
El Filibusterismo,4,SI KABISANG TALES,95,Inalisan siya ng itak dahil sa napakahaba.
El Filibusterismo,4,SI KABISANG TALES,96,Ang ginawa naman niya ay kinuha ang matandang palakol ng kaniyang ama at ipinatuloy ang kaniyang paglalakad na nakapangingilabot.
El Filibusterismo,4,SI KABISANG TALES,97,Si matandang Selo at si Huli ay nangangamba sa tuwing aalis siya ng bahay.
El Filibusterismo,4,SI KABISANG TALES,98,"Si Huli ay titindig sa habihan, dudungaw, nagdadasal ng mga nobena."
El Filibusterismo,4,SI KABISANG TALES,99,Ang matanda naman ay hindi matumpak kung minsan sa pagyari ng buklod ng walis at nasasabisabing pagbabalikan ang gubat.
El Filibusterismo,4,SI KABISANG TALES,100,Ang pamumuhay sa bahay na iyon ay napakahirap.
El Filibusterismo,4,SI KABISANG TALES,101,Nangyari din ang kinatatakutan.
El Filibusterismo,4,SI KABISANG TALES,102,"Sa dahilang ang bukid ay malayo sa pook ng mga bahay, kahi’t na may palakol si kabisang Tales ay nabihag ng mga tulisan, na may mga rebolber at baril."
El Filibusterismo,4,SI KABISANG TALES,103,Sinabi sa kaniya ng mga tulisan na yamang mayroon siyang naibabayad sa mga hukom at tagatanggol-usap ay dapat din naman siyang magkaroon ng maibibigay sa mga nawawakawak sa kabuhayan at mga pinag-uusig.
El Filibusterismo,4,SI KABISANG TALES,104,Dahil doon ay hiningan siya ng limang daang pisong tubos sa pamag-itan ng isang tagabukid at pinatibayan pang pag may nangyari sa utusan ay ititimbang ang buhay ng dakip.
El Filibusterismo,4,SI KABISANG TALES,105,Dalawang araw ang ibinigay na taning.
El Filibusterismo,4,SI KABISANG TALES,106,"Ikinasindak na lubha ng mag-anak ang balita at lalo pa manding naragdagan ang gayon, ng mabatid na lalabas ang Guardia sibil upang usigin ang mga tulisan."
El Filibusterismo,4,SI KABISANG TALES,107,Kung magkatagpo at magkalabanan ay alam ng lahat na ang unang mapapatay ay ang dakip.
El Filibusterismo,4,SI KABISANG TALES,108,"Nang tanggapin ang balita’y hindi nakatinag ang matanda, at ang anak na babai, sa gitna ng pamumutla’t pagkasindak, ay makailang nagnasang mangusap, ngunit hindi nangyari."
El Filibusterismo,4,SI KABISANG TALES,109,Datapwa’y isang hinalang lalong mabigat ang nakapagpabalik sa kanilang diwa.
El Filibusterismo,4,SI KABISANG TALES,110,"Ang sabi ng tagabukid na inutusan ng mga tulisan, ay marahil magsisilayo sila, kaya’t kung magluluwat sa pagbibigay ng tubos ay lalawig ang araw at si kabisang Tales ay pupugutan ng ulo."
El Filibusterismo,4,SI KABISANG TALES,111,"Ang sabing ito’y nakatulig sa dalawa, na kapuwa mahihina at kapuwa walang magawa."
El Filibusterismo,4,SI KABISANG TALES,112,"Si tandang Selo ay mapaupo’t mapatindig, akyat manaog, hindi malaman ang tunguhin, hindi malaman ang lapitan."
El Filibusterismo,4,SI KABISANG TALES,113,"Si Huli’y padulogdulog sa kaniyang mga larawan ng santo, uli’t uling binilang ang salapi, ngunit ang dalawang daang piso’y hindi nararagdagan, ayaw dumami, biglang magbibihis, iipunin ang lahat ng kaniyang hiyas, hihinging sanguni sa matanda, tatangkaing makipagkita sa Kapitan, sa hukom, sa tagasulat, at sa teniente ng Guardia sibil."
El Filibusterismo,4,SI KABISANG TALES,114,"Oo ang sagot ng matanda sa lahat, at pag sinabi ng batang huwag ay huwag din naman siya."
El Filibusterismo,4,SI KABISANG TALES,115,"Dumating ang ilang babaing kapitbahay na kamag-anakan at kakilala, mga maralita, at may maralita pa kay sa iba, mga walang malay na tao at minamalaki ang lahat ng bagay."
El Filibusterismo,4,SI KABISANG TALES,116,Ang pinakamatalas sa lahat ay ang pusakal na pagingera na si Hermana Bali na nanirahan sa Maynila upang mag ejercicio sa beaterio ng La Compañia.
El Filibusterismo,4,SI KABISANG TALES,117,Ipagbibili ni Huli ang lahat ng kaniyang mga hiyas liban lamang ang isang agnos na may brillante at esmeralda na bigay ni Basilio.
El Filibusterismo,4,SI KABISANG TALES,118,"Ang agnos na iyon ay may kasaysayan; ibinigay ng monja na anak ni kapitang Tiago sa isang ketongin, dahil sa pagkakagamot ni Basilio sa may sakit ay ibinigay nito na parang isang handog."
El Filibusterismo,4,SI KABISANG TALES,119,Hindi niya maipagbili hanggang hindi maalaman ng nagbigay.
El Filibusterismo,4,SI KABISANG TALES,120,"Madaling ipinagbili ang mga suklay, hikaw at kuwintas ni Huli sa isang mayamang kapitbahay at dinagdagan pa ng limang pung piso; kulang pa rin ng dalawang daan at limang pu."
El Filibusterismo,4,SI KABISANG TALES,121,"Maaaring isangla ang agnos, ngunit napailing si Huli."
El Filibusterismo,4,SI KABISANG TALES,122,"Iminunkahi ng isang kalapit na ipagbili ang bahay, bagay na sinangayunan ni tandang Selo ng buong lugod, sapagka’t babalik sa gubat upang makapangahoy na muli na gaya noong una, ngunit ang gayon ay hindi mangyayari ang sabi ni Hermana Bali sa dahilang wala ang tunay na may-ari."
El Filibusterismo,4,SI KABISANG TALES,123,"—Minsan ay pinagbilhan ako ng isang tapis ng asawa ng hukom, sa halagang piso, at kadumatdumat ay sinabi ng asawa na wala raw kabuluhan ang bilihang iyon sapagka’t wala siyang malay."
El Filibusterismo,4,SI KABISANG TALES,124,¡Aba!
El Filibusterismo,4,SI KABISANG TALES,125,"Kinuha sa akin ang tapis at hindi isinauli sa akin ng babai ang piso hangga ngayon, ang ginagawa ko naman ay hindi ko siya binabayaran sa panginge kung siya’y nananalo, aba!"
El Filibusterismo,4,SI KABISANG TALES,126,Sa gayong paraan ay nasingil ko siya ng labing dalawang kualta; dahil lamang naman sa kaniya kung kaya ako nagsusugal.
El Filibusterismo,4,SI KABISANG TALES,127,"Hindi ko mapapayagang hindi ako pagbayaran, aba!"
El Filibusterismo,4,SI KABISANG TALES,128,Tatanungin sana ng isang kalapit kung bakit hindi siya pinagbabayaran ni Hma.
El Filibusterismo,4,SI KABISANG TALES,129,"Bali sa isang maliit na utang, ngunit natalasan ng pangingera, kaya’t nagpatuloy kaagad:"
El Filibusterismo,4,SI KABISANG TALES,130,—¿Alam mo Huli ang mabuti mong gawin?
El Filibusterismo,4,SI KABISANG TALES,131,"Isangla mo muna sa halagang dalawang daan at limang pung piso ang bahay, sanlang pagbabayaran hanggang sa manalo ang usap."
El Filibusterismo,4,SI KABISANG TALES,132,"Ito ang pinakamabuti sa mga balak, kaya’t tinangkang gawin noon ding araw na iyon."
El Filibusterismo,4,SI KABISANG TALES,133,"Sinamahan ni Hermana Bali at linibot nila ang lahat ng bahay ng mayayaman sa Tiani, ngunit walang pumayag sa gayong kasunduan: anila’y talo ang usap, at ang pagtulong sa isang kalaban ng mga prayle ay parang humahanda na sa paghihiganti nito."
El Filibusterismo,4,SI KABISANG TALES,134,"Sa kahulihulihan ay nakatagpo rin ng isang matandang mapanata na nahabag sa kaniyang kalagayan, ibinigay ang halaga sa pamag-itan ng kasunduan na si Huli’y paaalila sa kaniya hanggang sa mabayaran ang utang."
El Filibusterismo,4,SI KABISANG TALES,135,"Sa isang dako naman ay walang maraming gagawin si Huli, manahi lamang, magdasal, samahan siya sa simbahan, magpanata maminsanminsan ng patungkol sa kaniya."
El Filibusterismo,4,SI KABISANG TALES,136,"Lumuluhang pumayag si Huli sa kasunduan, tinanggap ang salapi at nangakong sa kinabukasan, araw ng Pasko, ay maglilingkod na siya."
El Filibusterismo,4,SI KABISANG TALES,137,"Nang matanto ng matanda ang gayong halos pagbibili ng katawan, ay nag-iiyak na wari’y bata."
El Filibusterismo,4,SI KABISANG TALES,138,"Di yata’t ang apo niyang yaon na ayaw niyang palalakarin sa init ng araw upang huwag masunog ang balat, si Huling may maliliit na daliri at mapulang sakong, ¡di yata!"
El Filibusterismo,4,SI KABISANG TALES,139,"ang binibining yaon na siyang pinakamaganda sa nayon at marahil ay sa buong bayan, na lagi nang tinatapatan ng mga binatang nagtutugtugan at nagkakantahan, ¡di yata!"
El Filibusterismo,4,SI KABISANG TALES,140,"ang bugtong niyang apo, ang kabugtong niyang anak, ang tanging lugod ng malabo niyang paningin, yaong pinangarap niyang nakasayang mahaba, nagsasalita ng wikang kastila at nagpapaypay ng pamaspas na may mga pinta, na kagaya ng mga anak ng mayaman, ¿yaon ang papasok na alilang kagagalitan at pagwiwikaan, upang masira ang kanyang mga daliri, upang makatulog sa kahi’t saang sulok at magising nang walang patumanga?"
El Filibusterismo,4,SI KABISANG TALES,141,"Ang matanda’y walang humpay sa kaiiyak, sinasabisabing siya’y magbibigti at magpapakamatay sa gutom."
El Filibusterismo,4,SI KABISANG TALES,142,—Kung aalis ka—ang sabi—ay babalik ako sa gubat at hindi na ako tutuntong ng bayan.
El Filibusterismo,4,SI KABISANG TALES,143,"Pinapayuhan siya ni Huli na kinakailangang makabalik ang ama, at pag nanalo ang usapin ay madali siyang matutubos sa pagkaalila."
El Filibusterismo,4,SI KABISANG TALES,144,"Dinaang malungkot ang gabing yaon; alin man sa dalawa ay hindi nakakain at ang matanda’y nagmatigas na hindi humiga, at magdamag na naupo na lamang sa isang sulok, walang imik, ni kakibokibo, at hindi man kumikilos."
El Filibusterismo,4,SI KABISANG TALES,145,"Sa isang dako naman ay tinangka ni Huli ang matulog, ngunit malaong hindi napikit ang mga mata."
El Filibusterismo,4,SI KABISANG TALES,146,"Nang mapayapa na dahil sa kapalaran ng magulang, ay ang kaniya namang kalagayan ang inisip ngunit tinitimpi ang pag-iyak na walang humpay upang huwag madingig ng matanda."
El Filibusterismo,4,SI KABISANG TALES,147,"Sa kinabukasan ay alila na siya, at yaon pa naman ang araw na karaniwang idating ni Basilio na galing sa Maynila’t may dalang handog sa kanya...."
El Filibusterismo,4,SI KABISANG TALES,148,"Dapat na niyang limutin ang pag-irog na iyon; si Basilio, na di malalao’t magiging manggagamot, ay hindi maaaring mag-asawa sa isang maralita...."
El Filibusterismo,4,SI KABISANG TALES,149,"At nakikinikinita niya na tumutungo sa simbahang kasama ng pinakamayaman at pinakamagandang dalaga sa bayan, na kapuwa sila gayak na gayak, maliligaya at kapuwa nangakangiti, samantalang siya, si Huli, ay susunodsunod sa kaniyang panginoon at ang dala’y nobena, hitso at duraan."
El Filibusterismo,4,SI KABISANG TALES,150,"Pagsapit sa dakong ito’y nakaramdam siya ng isang paghihigpit ng lalamunan, isang pataw na malaki sa puso at hinihingi niya sa Birhen na mamatay na muna siya bago mamalas ang gayon."
El Filibusterismo,4,SI KABISANG TALES,151,—Datapwa’t—aniya sa sariling budhi—malalaman niya na pinili ko pa ang ako na ang masangla kay sa masangla ang agnos na bigay niya sa akin.
El Filibusterismo,4,SI KABISANG TALES,152,Ang pagkukurong ito’y nakapagpalubag ng kaunti sa kaniyang sama ng loob at nagpangarap na siya ng sarisari.
El Filibusterismo,4,SI KABISANG TALES,153,¿Sino ang makapagsasabi?
El Filibusterismo,4,SI KABISANG TALES,154,maaaring mangyari ang kababalaghang makakuha siya ng dalawang daan at limang pung piso sa ilalim ng larawan ng Birhen; marami na siyang nabasang kababalaghan na gayon ang pangyayari!
El Filibusterismo,4,SI KABISANG TALES,155,Maaaring huwag sumilang ang araw at samantala’y mapanalo ang usap bago mag-umaga.
El Filibusterismo,4,SI KABISANG TALES,156,"Maaaring makabalik ang kaniyang ama; makapupulot siya sa bakuran ng isang gusi, ang mga tulisan ang siyang may padala sa kaniya ng gusi; ang kura, si P. Camorra na nagbibiro sa kaniyang parati, ay mangyayaring dumating na kasama ng mga tulisan.... lumalaon lumalaon ay unti-unting nagugulo ang kaniyang mga pag-iisip hanggang, sa, dahil sa pagkapata at pagdadalamhati ay nakatulog, na pinapangarap ang kaniyang kabataan doon sa gitna ng kagubatan: siya’y naliligo sa batis na kasama ang dalawa niyang kapatid, may mga isdang sarisari ang kulay na napahuhuling wari’y tanga, at nayayamot siya sapagka’t hindi siya masiyahang loob sa panghuhuli niyong mga isdang napakaamo: si Basilio ay nasa ilalim ng tubig, ngunit hindi niya maalaman kung bakit ang mukha ni Basilio ay ang sa kaniyang kapatid na si Tano."
El Filibusterismo,4,SI KABISANG TALES,157,Sila’y minamatyagan mula sa pangpang ng kaniyang bagong pinaglilingkurang babai.
El Filibusterismo,5,ANG “NOCHE BUENA” NG ISANG KOTSERO,1,Dumating si Basilio sa San Diego ng mga sandaling inililibot ang prusision sa mga lansangan ng bayan.
El Filibusterismo,5,ANG “NOCHE BUENA” NG ISANG KOTSERO,2,"Siya’y nabalam ng ilang oras sa kaniyang lakad sapagka’t nahuli ng guardia sibil ang kotsero na nakalimot magtaglay ng sedula personal at dinala sa kuartel upang iharap sa comandante, matapos mabigyan ng ilang halibas ng kulata."
El Filibusterismo,5,ANG “NOCHE BUENA” NG ISANG KOTSERO,3,"Muling napigil ang kalesa upang paraanin muna ang prusision at ang kotserong nabugbog ay nag-alis ng sombrero at nagdasal ng isang Ama namin sa pagdaraan ng isang larawan, ng isang bantog na banal mandin, na nasa andas."
El Filibusterismo,5,ANG “NOCHE BUENA” NG ISANG KOTSERO,4,Anyong matandang may mahabang misay na nakaupo sa gilid ng isang hukay na nasa ilalim ng isang punong may sarisaring pinatuyong ibon.
El Filibusterismo,5,ANG “NOCHE BUENA” NG ISANG KOTSERO,5,"Isang kalan na may isang palayok, isang lusonglusungan at isang kalikut na pandurog ng hitso ang kaniyang mga tanging kasangkapan, waring upang ipakilala na ang matanda ay naninirahan sa gilid ng libingan at doon linuluto ang kaniyang pagkain."
El Filibusterismo,5,ANG “NOCHE BUENA” NG ISANG KOTSERO,6,"Iyon ay si Matusalem, ayon sa pananampalataya sa Pilipinas; ang kaniyang kasama at marahil ay kapanahong taga Europa ay si Noel ngunit may matalaghay at masayang anyo, kay sa kay Matusalem."
El Filibusterismo,5,ANG “NOCHE BUENA” NG ISANG KOTSERO,7,"—Nang kapanahunan ng mga banal—ang hakahaka sa sarili ng kotsero—marahil ay walang guardia sibil, sapagka’t kung mayroon, ay hindi sila mabubuhay ng malaon dahil sa pangungulata."
El Filibusterismo,5,ANG “NOCHE BUENA” NG ISANG KOTSERO,8,"Makaraan ang matanda ay sumunod ang tatlong Haring Mago na nangakasakay sa mga kabayong tatalontalon, lalonglalo na ang sa maitim na haring Melchor na waring ibig sagasain ang kaniyang mga kasama."
El Filibusterismo,5,ANG “NOCHE BUENA” NG ISANG KOTSERO,9,"—Wala, wala ngang guardia sibil noon—ang patuloy ng kotsero na kinaiinggitan sa sarili ang mga maliligayang kapanahunang iyon,—sapagka’t kung mayroon ay nadala na sa bilangguan ang maitim na iyan na naglililikot sa piling niyang dalawang kastila (si Gaspar at si Baltazar)."
El Filibusterismo,5,ANG “NOCHE BUENA” NG ISANG KOTSERO,10,"Ngunit sa dahilang napuna niya na ang maitim ay may korona at hari ding kagaya ng dalawang kastila, ay sumaisip niya ang hari ng mga tagalog at nagbuntonghininga."
El Filibusterismo,5,ANG “NOCHE BUENA” NG ISANG KOTSERO,11,—¿Alam po ba ninyo—ang magalang na tanong kay Basilio—kung ang paang kanan ay nakakalag na?
El Filibusterismo,5,ANG “NOCHE BUENA” NG ISANG KOTSERO,12,Ipinaulit ni Basilio ang katanungan.
El Filibusterismo,5,ANG “NOCHE BUENA” NG ISANG KOTSERO,13,—¿Paang kanan nino?
El Filibusterismo,5,ANG “NOCHE BUENA” NG ISANG KOTSERO,14,—¡Nang hari!
El Filibusterismo,5,ANG “NOCHE BUENA” NG ISANG KOTSERO,15,—ang sagot na maraha’t malihim ng kotsero.
El Filibusterismo,5,ANG “NOCHE BUENA” NG ISANG KOTSERO,16,—¿Sinong hari?
El Filibusterismo,5,ANG “NOCHE BUENA” NG ISANG KOTSERO,17,"—Ang hari natin, ang hari ng mga tagalog...."
El Filibusterismo,5,ANG “NOCHE BUENA” NG ISANG KOTSERO,18,Si Basilio ay ngumiti at ikinibit ang balikat.
El Filibusterismo,5,ANG “NOCHE BUENA” NG ISANG KOTSERO,19,Muling nagbuntonghininga ang kotsero.
El Filibusterismo,5,ANG “NOCHE BUENA” NG ISANG KOTSERO,20,"Ang mga taga bukid ay may isang alamat na, ang kanilang hari umano na nakukulong at nakatanikala sa yungib ng San Mateo, ay darating isang araw at sila’y palalayain."
El Filibusterismo,5,ANG “NOCHE BUENA” NG ISANG KOTSERO,21,"Bawa’t isang daang taon ay napapatid ang isa niyang tanikala, kaya’t nakakawala na ang mga kamay at paang kaliwa: wala nang natitira kundi ang paang kanan."
El Filibusterismo,5,ANG “NOCHE BUENA” NG ISANG KOTSERO,22,"Kung nagpupumiglas o gumagalaw ang haring ito ay nagiging sanhi ng paglindol at panginginig ng lupa; napakalakas, kaya’t inaabutan siya ng isang buto, na nadudurog sa kaniyang pisil, ng sino mang nakikipagkamay."
El Filibusterismo,5,ANG “NOCHE BUENA” NG ISANG KOTSERO,23,"Tinatawag siyang Bernardo ng mga tagalog, nang hindi maalaman kung bakit, marahil ay pinagkakamalang siya ang Bernardo del Carpio."
El Filibusterismo,5,ANG “NOCHE BUENA” NG ISANG KOTSERO,24,"—Pag nakakalag na ang paang kanan—ang bulong ng kotsero na tinimpi ang isang buntonghininga—ay ibibigay ko sa kaniya ang aking mga kabayo, paglilingkuran ko siya at magpapakamatay na ako ng dahil sa kaniya...."
El Filibusterismo,5,ANG “NOCHE BUENA” NG ISANG KOTSERO,25,Ililigtas niya kami sa mga guardia sibil.
El Filibusterismo,5,ANG “NOCHE BUENA” NG ISANG KOTSERO,26,At sinundan ng may hapis na tingin ang tatlong haring lumalayo na.
El Filibusterismo,5,ANG “NOCHE BUENA” NG ISANG KOTSERO,27,"Sumusunod ang dalawang hanay na batang malulungkot, mga walang katawatawa, na waring pinilit lamang."
El Filibusterismo,5,ANG “NOCHE BUENA” NG ISANG KOTSERO,28,"Ang ilan ay may dalang huepe at ang iba ay kandila, at ang iba ay parol na papel na may tukod na kawayan, at nangagtitilian sa pagdarasal ng rosario, na, waring may kaaway."
El Filibusterismo,5,ANG “NOCHE BUENA” NG ISANG KOTSERO,29,"Sumusunod si San Jose na nasa maralitang andas, na ang anyo ay malungkot at pakumbaba at ang tungkod ay may bulaklak ng asusena, sa gitna ng dalawang guardia sibil na wari nakahuli sa kaniya: saka pa lamang nataho ng kotsero kung bakit gayon ang anyo ng santo."
El Filibusterismo,5,ANG “NOCHE BUENA” NG ISANG KOTSERO,30,"Dahil sa siya’y nagulumihanan sa pagkakakita sa guardia sibil o kaya’y dahil sa wala siyang paggalang sa santong may gayong kaakbay, ay hindi nagdasal ng kahit isang requiem eternam man lamang."
El Filibusterismo,5,ANG “NOCHE BUENA” NG ISANG KOTSERO,31,"Sa likuran ng San Jose ay sumusunod ang mga batang babaing umiilaw na nangakatalukbong ng panyong nakabuhol sa ilalim ng baba, nagdadasal din ng rosario, ngunit hindi lamang kasinglakas ng mga batang lalaki."
El Filibusterismo,5,ANG “NOCHE BUENA” NG ISANG KOTSERO,32,"Sa gitna’y ilan ang may hilahilang mumunting konehong papel, na ang buntot na papel ding ginupit ay nakataas at naiilawan ng isang munting kandilang pula."
El Filibusterismo,5,ANG “NOCHE BUENA” NG ISANG KOTSERO,33,Dumadalo ang mga bata na dala ang mga laruang iyon upang sumaya ang prusision.
El Filibusterismo,5,ANG “NOCHE BUENA” NG ISANG KOTSERO,34,"At ang mga hayuphayupang matataba’t mabibilog na wari itlog ay masasaya mandin kaya’t napapalundag, napapagiwang, nabubuwal at nasusunog; lalapitan ng may ari upang patayin ang lagablab, hihip dito, hihip doon, mapapatay ang dingas sa kapapalo at kung minsan ay umiiyak, pag nakitang sirasira ang laruan."
El Filibusterismo,5,ANG “NOCHE BUENA” NG ISANG KOTSERO,35,"Malungkot na napupuna ng kotsero na umuunti sa taon taon ang lahi ng mga hayop na papel, na waring nasasalot ding kagaya ng mga buhay na hayop."
El Filibusterismo,5,ANG “NOCHE BUENA” NG ISANG KOTSERO,36,"Naalaala niya, siya, ang binugbog na si Sinong, ang kaniyang dalawang magagandang kabayo, na upang mailayo sa pagkakahawa sa sakit, ay pinaggugulan niya ng sampung piso upang benditahin, alinsunod sa hatol ng kura—yaon ang pinakamabuting panglaban sa episootia na natagpuan ng kura at ng Pamahalaan—ngunit gayon man, ay nangamatay din."
El Filibusterismo,5,ANG “NOCHE BUENA” NG ISANG KOTSERO,37,"Datapwa’y kinakalamay niya ang sarili, sapagka’t matapos mawisikan ng agua bendita, matapos ang mga latin ng pari at mga ceremonias, ay nagtaglay ng ugaling pagmamataas ang mga kabayo, nangagmalaki na, ayaw pasingkaw, at sa dahilang siya’y mabuting kristiano ay hindi niya mapalo, sapagka’t sinabi sa kaniya ng isang Hermano tercero na benditado ang mga kabayong iyon."
El Filibusterismo,5,ANG “NOCHE BUENA” NG ISANG KOTSERO,38,"Ang panghuli ng prusision ay ang Birhen, suot “Divina Pastora” na may sombrerong ayos frondeuse na may malapad na pardilyas at mahahabang pakpak ng ibon upang ipakilala ang paglalakbay sa Jerusalem."
El Filibusterismo,5,ANG “NOCHE BUENA” NG ISANG KOTSERO,39,"At upang maipahiwatig ang panganganak, ay ipinag-utos ng kura na patambukin ang tiyan at lagyan ng mga basahan at bulak sa ilalim ng saya, upang walang mag-alinlangan sa kaniyang kalagayan."
El Filibusterismo,5,ANG “NOCHE BUENA” NG ISANG KOTSERO,40,"Ang Birhen ay isang magandang larawan, na may anyong hapis, na kagaya ng lahat ng larawang gawa ng mga pilipino, ayos na nahihiya dahil sa ginawa sa kaniya marahil ng P. Kura."
El Filibusterismo,5,ANG “NOCHE BUENA” NG ISANG KOTSERO,41,Sa dakong harapan ay may ilang kantores at sa likuran ay ilang musiko at ang mga kaukulang guardia sibil.
El Filibusterismo,5,ANG “NOCHE BUENA” NG ISANG KOTSERO,42,"Gaya ng maaantay ay hindi kasama ang kura, matapos ang kaniyang ginawa: nang taong iyon ay masama ang loob, sa dahilang kinailangan niyang gamitin ang boo niyang katalinuhan at pananalitang pasilosilo upang ang mga taong bayan ay magbayad ng tatlong pung piso sa bawa’t isang “misa de aguinaldo” at hindi dalawang pu na gaya nang dating halaga."
El Filibusterismo,5,ANG “NOCHE BUENA” NG ISANG KOTSERO,43,—Nagiging pilibustero kayo—ang sabi.
El Filibusterismo,5,ANG “NOCHE BUENA” NG ISANG KOTSERO,44,"Lubhang natutubigan marahil ang kotsero dahil sa mga bagay na napagkita sa prusision, sapagka’t nang makaraan ito at nang ipag-utos ni Basilio na magpatuloy, ay hindi napuna na ang ilaw ng parol ng karomata ay namatay."
El Filibusterismo,5,ANG “NOCHE BUENA” NG ISANG KOTSERO,45,"Sa isang dako naman ay hindi rin napuna ni Basilio sapagka’t nalilibang sa pagmamasid sa mga bahay na naiilawan, sa loob at labas, ng mga parol na papel na maiinam ang ayos at iba’t iba ang kulay, mga bituwing nalilibid ng bilog na may mahahabang palabuntot, na pag nahipan ng hangin ay naglalagaslasan, at mga isdang ang ulo’t buntot ay gumagalaw, na may baso ng ilaw sa loob, na pawang nakasabit sa balisbisan ng bahay at siyang nagbibigay nang anyong masaya."
El Filibusterismo,5,ANG “NOCHE BUENA” NG ISANG KOTSERO,46,"Namamasdan ni Basilio na ang mga pag-iilaw ay umuunti rin, na ang mga bitwin ay nawawala, na nang nakaraang taon ay kakaunti na ang mga palamuti at palawit, at nang taong ito ay lalo pa manding kaunti kay sa nakaraan...."
El Filibusterismo,5,ANG “NOCHE BUENA” NG ISANG KOTSERO,47,"Bahagya ng nagkaroon ng musika sa lansangan, ang masasayang galawan sa mga kusinaan ay hindi na namamalas sa lahat ng bahay at ang gayon ay sinapantaha ng bagong tao na alinsunod sa kasamaan ng panahon, ang asukal ay matumal, ang ani ng palay ay nasira, nangamatay ang mahigit sa kalahati ng mga hayop at ang mga buwis ay tumataas, nadadagdagan nang di maalaman kung bakit at sa anong dahil, samantalang naglalalo naman ang pamamaslang ng guardia sibil na siyang pumapatay sa kasayahan ng mga bayan."
El Filibusterismo,5,ANG “NOCHE BUENA” NG ISANG KOTSERO,48,Ito pa naman ang kaniyang iniisip nang madingig ang isang ¡alto!
El Filibusterismo,5,ANG “NOCHE BUENA” NG ISANG KOTSERO,49,na nagumugong.
El Filibusterismo,5,ANG “NOCHE BUENA” NG ISANG KOTSERO,50,Kasalukuyang nagdaraan sila sa harapan ng kuartel at napuna ng isang bantay na patay ang tanglaw ng kalesa at ang bagay na iyon ay hindi dapat manatili.
El Filibusterismo,5,ANG “NOCHE BUENA” NG ISANG KOTSERO,51,"Sunod-sunod na mura ang tinanggap ng kaawaawang kotsero na nagsabing ang kadahilanan noon ay ang kahabaan ng prusision, at sa dahilang pipiitin at ilalathala sa mga pahayagan, sapagka’t lumabag sa ipinag-uutos ay lumunsad sa sasakyan ang ayaw ng basagulo at mahinahong si Basilio at ipinatuloy ang lakad na pasan ang kaniyang takba."
El Filibusterismo,5,ANG “NOCHE BUENA” NG ISANG KOTSERO,52,"Yaon ang San Diego, ang kaniyang bayan, na wala man siya ni isang kamag-anak......"
El Filibusterismo,5,ANG “NOCHE BUENA” NG ISANG KOTSERO,53,Ang tanging bahay na nakita niyang masaya ay ang kay kapitang Basilio.
El Filibusterismo,5,ANG “NOCHE BUENA” NG ISANG KOTSERO,54,"Ang mga tandang at mga inahin ay nag-iiyukan, na sinasaliwan ng mga tunog ng wari nagtatadtad ng karne sa sangkalan at ng sagitsit ng mantika sa kawali."
El Filibusterismo,5,ANG “NOCHE BUENA” NG ISANG KOTSERO,55,May handa sa bahay at umaabot sa lansangan ang maminsan minsang simoy na may halong amoy ng ginisa.
El Filibusterismo,5,ANG “NOCHE BUENA” NG ISANG KOTSERO,56,"Sa entresuelo ay nakita ni Basilio si Sinang, na pandak ding gaya ng makilala ng aming mangbabasa, kahit tumaba at lalo pang bumilog sapol ng magka-asawa."
El Filibusterismo,5,ANG “NOCHE BUENA” NG ISANG KOTSERO,57,"At siya’y napamangha nang makitang kausap ni kapitang Basilio, ng Kura at ng alperes ng guardia sibil ang mag-aalahas na si Simoun na may salaming asul sa mata at kilos malaya ring gaya ng dati."
El Filibusterismo,5,ANG “NOCHE BUENA” NG ISANG KOTSERO,58,"—Yari na, ginoong Simoun,—ang sabi ni kapitang Basilio—tutungo kami sa Tiani upang tingnan ang inyong mga hiyas."
El Filibusterismo,5,ANG “NOCHE BUENA” NG ISANG KOTSERO,59,"—Ako ma’y paparoon din—anang alperes—sapagka’t kailangan ko ang isang tanikala sa relos, ngunit mayroon akong maraming gawain...."
El Filibusterismo,5,ANG “NOCHE BUENA” NG ISANG KOTSERO,60,Kung iibigin sana ni kapitang Basilio na siya na ang mamanihala....
El Filibusterismo,5,ANG “NOCHE BUENA” NG ISANG KOTSERO,61,"Malugod na sumang-ayon si kapitang Basilio at sa dahilang ibig niyang makasundo ang militar upang huwag siyang magambala, sa paggambala sa kaniyang mga tao, ay ayaw tanggapin ang halagang pinagpipilitang dukutin ng alperes sa bulsa."
El Filibusterismo,5,ANG “NOCHE BUENA” NG ISANG KOTSERO,62,—¡Iyon na ang aking pamasko!
El Filibusterismo,5,ANG “NOCHE BUENA” NG ISANG KOTSERO,63,"—¡Hindi ko mapapayagan, kapitan, hindi ko mapapayagan!"
El Filibusterismo,5,ANG “NOCHE BUENA” NG ISANG KOTSERO,64,"—¡Siya, siya!"
El Filibusterismo,5,ANG “NOCHE BUENA” NG ISANG KOTSERO,65,¡Saka na tayo magtuos sa huli!
El Filibusterismo,5,ANG “NOCHE BUENA” NG ISANG KOTSERO,66,—ang sabing mapagparaya ni kapitang Basilio.
El Filibusterismo,5,ANG “NOCHE BUENA” NG ISANG KOTSERO,67,Ang Kura man ay nangangailangan din ng hikaw at ipinagbilin sa kapitan na ipakibili na siya.
El Filibusterismo,5,ANG “NOCHE BUENA” NG ISANG KOTSERO,68,—Ang ibig ko ay yaong mabuti.
El Filibusterismo,5,ANG “NOCHE BUENA” NG ISANG KOTSERO,69,Saka na tayo magtuos.
El Filibusterismo,5,ANG “NOCHE BUENA” NG ISANG KOTSERO,70,"—Huwag kayong mag-alaala P. Kura,—ang sabi niya, na ibig ding makasundo ang nasa dako ng simbahan."
El Filibusterismo,5,ANG “NOCHE BUENA” NG ISANG KOTSERO,71,Isang patibay na masama ng kura ay ikagagambala niya ng malaki at ibayo pa ang magugugol: ang hikaw na iyon ay isang sapilitang handog.
El Filibusterismo,5,ANG “NOCHE BUENA” NG ISANG KOTSERO,72,Samantala nama’y pinupuri ni Simoun ang kaniyang mga hiyas.
El Filibusterismo,5,ANG “NOCHE BUENA” NG ISANG KOTSERO,73,—¡Nakagugulat ang taong ito!
El Filibusterismo,5,ANG “NOCHE BUENA” NG ISANG KOTSERO,74,",—ang sabi sa sarili ni Basilio—sa lahat ng pook ay nakapangangalakal...."
El Filibusterismo,5,ANG “NOCHE BUENA” NG ISANG KOTSERO,75,"At kung paniniwalaan natin ang ilan, ay binibili niya sa ilang ginoo, sa munting halaga, ang mga ipinagbili din niyang hiyas upang ipang-alay...."
El Filibusterismo,5,ANG “NOCHE BUENA” NG ISANG KOTSERO,76,¡Ang lahat ay nakapangangalakal sa Sangkapuluang ito; kami lamang ang tanging hindi!
El Filibusterismo,5,ANG “NOCHE BUENA” NG ISANG KOTSERO,77,"At nagpatuloy sa kaniyang bahay, sa bahay ni kapitang Tiago, na tinatahanan ng isang katiwala."
El Filibusterismo,5,ANG “NOCHE BUENA” NG ISANG KOTSERO,78,"Inaantay siya, upang balitaan, ng katiwala na may malaking paggalang sa kaniya mula noong makita siyang bumubusbos na waring inahing manok lamang ang iniiwaan."
El Filibusterismo,5,ANG “NOCHE BUENA” NG ISANG KOTSERO,79,"Ang dalawang manggagawa ay napipiit, ang isa’y matatapon sana sa malayong bayan.... namatay ang ilang kalabaw."
El Filibusterismo,5,ANG “NOCHE BUENA” NG ISANG KOTSERO,80,"—¡Ang dati rin, matatandang balita!"
El Filibusterismo,5,ANG “NOCHE BUENA” NG ISANG KOTSERO,81,—ang may yamot na putol ni Basilio—¡Kailan pa man ay ganyan ang pasalubong ninyo sa akin!
El Filibusterismo,5,ANG “NOCHE BUENA” NG ISANG KOTSERO,82,"Ang binata’y hindi ganid, ngunit sa dahilang madalas siyang makagalitan ni kapitang Tiago, ay iginaganti naman niya sa kaniyang mga napag-uutusan."
El Filibusterismo,5,ANG “NOCHE BUENA” NG ISANG KOTSERO,83,Ang matanda’y nag-apuhap ng bagong balita.
El Filibusterismo,5,ANG “NOCHE BUENA” NG ISANG KOTSERO,84,"—¡Namatay ang isa nating mangsasaka, ang matandang bantay sa gubat, at hindi pumayag ang kura na malibing ng libing mahirap, sapagka’t mayaman daw ang panginoon!"
El Filibusterismo,5,ANG “NOCHE BUENA” NG ISANG KOTSERO,85,—¿At sa ano namatay?
El Filibusterismo,5,ANG “NOCHE BUENA” NG ISANG KOTSERO,86,—¡Sa katandaan na!
El Filibusterismo,5,ANG “NOCHE BUENA” NG ISANG KOTSERO,87,"—¡Ba, namatay sa katandaan?"
El Filibusterismo,5,ANG “NOCHE BUENA” NG ISANG KOTSERO,88,Kung namatay ng dahil sa isang sakit man lamang sana!
El Filibusterismo,5,ANG “NOCHE BUENA” NG ISANG KOTSERO,89,"Ang ibig ni Basilio ay may sakit, dahil sa kaniyang hangad na makagawa ng “autopsia”."
El Filibusterismo,5,ANG “NOCHE BUENA” NG ISANG KOTSERO,90,—¿Wala na baga kayong maibabalita sa aking bagong bagay?
El Filibusterismo,5,ANG “NOCHE BUENA” NG ISANG KOTSERO,91,Nawawalan tuloy ako ng gana sa pagkain dahil sa pagbabalita ng mga bagay na gaya rin ng dati.
El Filibusterismo,5,ANG “NOCHE BUENA” NG ISANG KOTSERO,92,¿May balita baga kayong ukol sa Sapang?
El Filibusterismo,5,ANG “NOCHE BUENA” NG ISANG KOTSERO,93,Isinalaysay ng matanda ang pagkakabihag kay kabisang Tales.
El Filibusterismo,5,ANG “NOCHE BUENA” NG ISANG KOTSERO,94,Si Basilio ay napahintong nagmumunimuni at hindi umimik.
El Filibusterismo,5,ANG “NOCHE BUENA” NG ISANG KOTSERO,95,Hindi na nakakain.
El Filibusterismo,6,SI BASILIO,1,"Nang ang mga kampana’y nagrerepike na, dahil sa misa sa hating gabi, at nang ang mga may ibig pa sa mahimbing na pagtulog kay sa mga kapistahan ay nagigising at bumubulong bulong dahil sa kaingayan, ay dahandahang pumanaog si Basilio at nagpaligid ng makalawa o makaitlo sa ilang lansangan, at nang matunayang walang sumusunod at nakababatyag sa kanya ay nagliglig sa mga landas na di pinagdaraanan ng maraming tao at tinungo ang dating gubatan ng mga Ibarra, na nabili ni kapitang Tiago, nang inangking at ipinagbili ng Pamahalaan ang mga pag-aari noon."
El Filibusterismo,6,SI BASILIO,2,Sa dahilang ang Pasko ng Panganganak sa taong yaon ay natama sa pagliit ng buwan ay laganap doon ang kadiliman.
El Filibusterismo,6,SI BASILIO,3,"Ang pagrerepike ay huminto at ang mga tugtog na lamang ang nadidingig sa katahimikan ng gabi, sa gitna ng lagaslas ng mga dahong pinagagalaw ng simuy at mga dagundong ng alon ng kalapit na lawa, na wari’y hilik ng kadalagahang nalululong sa isang mahimbing na pagtulog."
El Filibusterismo,6,SI BASILIO,4,"Ang binata ay patungong lumalakad na waring ibig makaaninag sa gitna ng kadiliman, may guniguni siyang taglay dahil sa pook at mga sandaling iyon."
El Filibusterismo,6,SI BASILIO,5,"Maminsanminsa’y itinataas ang ulo upang tanawin ang mga bituwin sa pag-itan ng mga dahong matataas ng kakahuyan, at pagkatapos ay ipinagpapatuloy ang lakad na hinahawi ang mga sanga at siit na nakasasagabal sa kaniya."
El Filibusterismo,6,SI BASILIO,6,"Kung minsan ay bumabalik sa pinanggalingan, ang kaniyang mga paa’y nasasalabid sa isang punong maliit, masasagasa sa isang ugat na nakalabas sa lupa o sa isang sangang bakli."
El Filibusterismo,6,SI BASILIO,7,"Nang makaraan ang kalahating oras ay nakarating sa isang munting batis na sa kabilang pangpang ay may isang wari bundokbundukan, na sa gitna ng kadiliman ay nagaanyong malaking bundok."
El Filibusterismo,6,SI BASILIO,8,"Tinawid ni Basilio ang sapa sa tulong ng pagpapalungdaglundag sa mga bato na namumukod sa kaitiman sa ibabaw ng kinang ng tubig, umakyat sa bundokbundukan at tinungo ang isang munting pook na nakukulong ng matanda’t sirasirang muog."
El Filibusterismo,6,SI BASILIO,9,"Tinungo ang puno ng baliting malaki, mahiwaga, matanda, (na binubuo halos ng mga ugat na pataas at paibaba na wari mga sangang nangagkasalasalabid) na nakatayo sa kalagitnaan."
El Filibusterismo,6,SI BASILIO,10,"Huminto sa piling ng isang bunton ng bato, nag-alis ng sombrero at waring nanalangin."
El Filibusterismo,6,SI BASILIO,11,"Yaon ang libingan ng kaniyang Ina, at ang unang dinadalaw niya ay ang libingang iyong walang nakababatid, walang nakamamalay."
El Filibusterismo,6,SI BASILIO,12,"Sa dahilang sa kinabukasan ay dadalaw sa mag-aanak ni kabisang Tales, ay sinamantala niya ang gabing yaon upang gumanap sa gayong kautangan."
El Filibusterismo,6,SI BASILIO,13,Naupo sa isang bato at waring nag-iisip.
El Filibusterismo,6,SI BASILIO,14,"Sumipot sa kanyang pagbubulaybulay ang mga panahong nakaraan na waring isang maitim at mahabang badha na mapulapula sa simula, matapos ay nakapangingilabot, may bahid na dugo, at sa huli’y maitim, maitim, abuhing malinaw at untiunting lumiliwanag."
El Filibusterismo,6,SI BASILIO,15,Ang dakong dulo ay hindi mamalas sapagka’t nakakanlong sa isang ulap na nagbabanaag ng liwanag at pagbubukang liwayway......
El Filibusterismo,6,SI BASILIO,16,"May labing tatlong taon nang ganap na ganap na namatay doon ang kanyang ina, sa gitna ng karalitaan, nang isang magandang gabi na ang buwan ay maliwanag at ang mga kristiano sa buong mundo ay naggagalak."
El Filibusterismo,6,SI BASILIO,17,"Sugatin at pipilay-pilay siyang nakarating doon sa pagsunod sa kanyang ina, at ito naman ay baliw at lipus katakutang lumalayo na wari’y anino sa kaniyang anak."
El Filibusterismo,6,SI BASILIO,18,"Doon namatay; dumating ang isang taong hindi niya kilala at ipinag-utos sa kanyang magbunton ng kahoy, bigla siyang umalinsunod at ng siya’y bumalik ay isa pang hindi rin kilala ang natagpuan sa piling ng bangkay ng una."
El Filibusterismo,6,SI BASILIO,19,¡Anong araw at gabi iyon!
El Filibusterismo,6,SI BASILIO,20,"Tinulungan siya noong taong hindi kilala sa pagbubunton ng kahoy na pinagsunugan sa bangkay ng lalaki, hinukay ang pinagbaunan sa kanyang ina at matapos abutan siya ng kaunting kuwalta ay ipinag-utos sa kaniyang umalis sa pook na iyon."
El Filibusterismo,6,SI BASILIO,21,"Noon lamang niya nakita ang lalaking iyon; matangkad, mapupula ang mata, mapuputla ang labi, matangos ang ilong...."
El Filibusterismo,6,SI BASILIO,22,"Ulila ng lubos, walang magulang at kapatid, ay iniwan niya ang bayang iyon na mayroong mga may kapangyarihang kinasisindakan niya at tumungo sa Maynila upang pumasok na alila sa isang mayaman at mag-aral, na gaya ng ginagawa ng ilan."
El Filibusterismo,6,SI BASILIO,23,"Ang kaniyang paglalakbay ay isang paglalagalag, puno ng pagpupuyat at pag-aagam-agam, na ang gutom ay inaalintana."
El Filibusterismo,6,SI BASILIO,24,"Ang ipinangtatawid kagutuman niya ay mga bungang kahoy ng mga kagubatang kaniyang pinagtataguan kailan ma’t nakakatanaw ng suot guardia sibil, kasuotang nakapagpapaalaala ng pinagbuhatan ng kaniyang mga kasawian."
El Filibusterismo,6,SI BASILIO,25,"Nang nasa sa Maynila na siya, gulagulanit ang damit at may sakit pa ay dumulog sa mga bahaybahay at pumapasok na alila."
El Filibusterismo,6,SI BASILIO,26,¡Isang batang taga lalawigan na hindi marunong ng ano mang wikang kastila at masasaktin pa!
El Filibusterismo,6,SI BASILIO,27,"¡Walang pag-asa, dayukdok at hapis na gumalagala sa mga lansangan na napupuna ng mga tao dahil sa ayos na karumaldumal ng kaniyang damit!"
El Filibusterismo,6,SI BASILIO,28,"¡Makailang tinangka ang payurak na sa mga kabayo, na nangagdaraang parang kidlat na hila ang mga sasakyang nagkikinangan sa pilak at barnis, upang matapos na ang kaniyang mga paghihirap!"
El Filibusterismo,6,SI BASILIO,29,Salamat at nakitang nagdaan si kapitang Tiago na kasama si tia Isabel; kilala niya ang mga taong iyon mula sa San Diego at sa kaniyang kagalakan ay inakalang wari mga kababayan niyang mistula.
El Filibusterismo,6,SI BASILIO,30,"Sinundan ang karuahe, nawala sa kaniyang paningin, ipinagtanong ang bahay, at sa dahilang noong araw na iyon pumasok si Maria Clara sa kombento at si kapitang Tiago ay nalulungkot, ay natanggap siyang alila, na walang upa, ngunit sa isang dako naman ay may pahintulot siyang makapag-aral, kung kailan niya ibig, sa San Juan de Letran."
El Filibusterismo,6,SI BASILIO,31,"Nang may ilang buwan na siya sa Maynila ay pumasok sa “primer año” sa latin, kahi’t nanglilimahid, masama ang bihis at nakabakya."
El Filibusterismo,6,SI BASILIO,32,"Nang makita ng mga kasamahan ang kaniyang gayak ay lumayo sa kanya, at hindi siya kinatungo kailan man ng katedratiko, isang dominikong magandang lalaki, subali pa nga’t ikinukunot ang noo kung siya’y makita."
El Filibusterismo,6,SI BASILIO,33,Ang mga tanging salita na nagamit ng dalawa sa loob ng walong buwang pasukan ay ang pagbanggit ng pangalan sa pagbasa ng talaan at ang sagot na adsum na itinutugon sa araw-araw ng nag-aaral.
El Filibusterismo,6,SI BASILIO,34,¡Gaanong kapaitan ang linalagok niya sa tuwing paglabas sa klase at ng mahulaan ang sanhi ng inaasal sa kanya ay gaanong luha ang namulas sa kaniyang mga mata at gaanong hinanakit at daing ang sumisilakbo’t iniinis sa kaniyang puso!
El Filibusterismo,6,SI BASILIO,35,"¡Gayon na lamang ang kaniyang iyak at paghihinagpis sa ibabaw ng libingan ng kaniyang ina na pinagsasabihan ng mga lihim niyang sakit, kahihiyan at kaapihan, ng siya’y ipagsama ni kapitang Tiago sa San Diego ng magpapasko!"
El Filibusterismo,6,SI BASILIO,36,Gayon man ay isinasaulo niyang buongbuo ang lisyon kahi’t marami ang hindi niya natatarok!
El Filibusterismo,6,SI BASILIO,37,"Ngunit tumiwasay siya sa huli, ng makitang sa tatlo o apat na raang kasama niya ay may apat na pu lamang ang natatanong sapagka’t napuna sila ng paring nagtuturo dahil sa kiyas, o kaya’y dahil sa isang kalikutan, o kaya’y dahil sa kinalugdan, o kaya’y dahil sa iba pang sanhi."
El Filibusterismo,6,SI BASILIO,38,Sa isang dako naman ay nagagalak sa gayon ang marami sa nag-aaral sapagka’t hindi na sila mag-iisip at magninilay.
El Filibusterismo,6,SI BASILIO,39,"—Pumapasok sa colegio hindi upang mag-aral kun di upang makaraan sa paglilitis, at kung naaaring maisaulo ang aklat ¿ano pa ang mahihingi?"
El Filibusterismo,6,SI BASILIO,40,naaaring tapusin din naman ang pinag-aaralan sa sangtaong pagpasok.
El Filibusterismo,6,SI BASILIO,41,"Si Basilio ay nakaraan sa paglilitis dahil sa pagsagot sa tanging katanungang ginawa sa kaniya, ngunit parang makina, walang hinto’t walang kahingahinga, at ang tinamo ay “aprobado” sa gitna ng tawanan ng mga lumilitis."
El Filibusterismo,6,SI BASILIO,42,"Ang kaniyang siyam na kasama (sampusampu kung litisin upang matapos agad) ay hindi nagtamo ng gayon, kaya’t nangatakdaang ulitin ang sangtaon pagkadungo."
El Filibusterismo,6,SI BASILIO,43,"Nang siya’y nasa pangalawang taon ay binigyan siya ng mabuting pabuya ni kapitang Tiago, sapagka’t nanalo ang manok niyang inaalagaan, at ibinili niya agad ng sapatos at sombrerong pieltro."
El Filibusterismo,6,SI BASILIO,44,"Dahil sa kanyang binili at sa mga damit na ibinigay sa kaniya ng kaniyang panginoon, na tinatabas niyang muli at isinusukat sa sariling katawan, ay bumutibuti ang kaniyang ayos, ngunit hanggang doon na lamang naman."
El Filibusterismo,6,SI BASILIO,45,"Sa isang clase na marami ang pumapasok ay lubhang mahirap na mapuna ng guro ang isang bata, at ang nag-aaral na sa una pang taon ay hindi napatampok dahil sa katangian o kaya’y hindi kinalugdan ng nagtuturo ay mahirap nang mapuna sa boo niyang pag-aaral."
El Filibusterismo,6,SI BASILIO,46,"Gayon man ay nagpatuloy din siya, dahil sa isa na sa kaniyang hilig ang pagkamatiyaga."
El Filibusterismo,6,SI BASILIO,47,Waring nagbago ng kaunti ang kaniyang kalagayan ng pumasok sa pangatlong taon.
El Filibusterismo,6,SI BASILIO,48,"Ang naging guro niya ay isang dominikong masaya, palabiro at mapagpatawa sa mga tinuturuan, napakatamad, sapagka’t karaniwang ang pinapagsasalaysay ng katuturan ng lisyon ay ang kaniyang mga itinatangi lamang; kung sa bagay ay nasisiyahan na sa kahi’t ano."
El Filibusterismo,6,SI BASILIO,49,Nang panahong iyon ay gumagamit na si Basilio ng sapatos at mga barong malinis at pinirinsa.
El Filibusterismo,6,SI BASILIO,50,"Sa dahilang napuna ng propesor na hindi siya matatawanin at namatyagan sa kaniyang mga matang hapis at malalaki ang tila pagtatanong, ay ipinalagay siyang baliw at isang araw ay tinangkang gipitin siya sa pagtatanong ng lisyon."
El Filibusterismo,6,SI BASILIO,51,"Sinagot ni Basilio ng mula sa puno hanggang dulo na walang kagatol-gatol sa isa mang f; tinawag siyang bubutok ng guro, nagsalaysay ng isang bagay na ikinatawa ng buong klase, at upang maglalo ang halakhakan at matibayan ang pagkakapangalan ay tinanong pa siya ng ilang tanong na kasabay ang pagkindat sa mga minamabuti, na ang ibig sabihin ay:"
El Filibusterismo,6,SI BASILIO,52,—“Tingnan ninyo’t masasayahan tayo.
El Filibusterismo,6,SI BASILIO,53,”
El Filibusterismo,6,SI BASILIO,54,Noon ay marunong na ng wikang kastila si Basilio at nakasagot nang walang nakatawa.
El Filibusterismo,6,SI BASILIO,55,"Ang bagay na iyon ay isinama ng loob ng lahat, ang inaantay na kamalian ay hindi sumipot, walang napatawa at ang pangyayaring iyon ay hindi naipatawad sa kaniya ng mabuting praile, sapagka’t sinira ang pag-asa ng buong klase at pinabulaanan ang hula."
El Filibusterismo,6,SI BASILIO,56,Ngunit sino ang makahihinala na lalabas ang anomang bagay na may kabuluhan sa isang ulong ang buhok ay walang ayos na nagtatapos sa katawan ng isang indio na masama ang sapatos at kahahalo pa lamang sa kaniya sa mga ibong mapangunyapit?
El Filibusterismo,6,SI BASILIO,57,"At kung sa ibang paaralan, na may sadyang pagnanasang ang mga bata’y matuto, ay nagagalak ang mga nagtuturo kung nakakatagpo ng gayon, sa mga paaralan namang pinamamahalaan ng mga taong ang lalong marami’y nananalig na ang matuto ay makasasama (kun di man sa lahat ay sa mga nag-aaral) ang nangyari kay Basilio ay hindi minabuti, kaya’t hindi na siya natanong sa buong taon."
El Filibusterismo,6,SI BASILIO,58,¿Sa ano pa’t tatanungin siyang muli kung hindi rin makapagpapatawa sa kangino man?
El Filibusterismo,6,SI BASILIO,59,Masama ang loob at may tangka nang iwan ang pag-aaral ng nalipat siya sa ika apat na taon sa latin.
El Filibusterismo,6,SI BASILIO,60,"¿Ano pa’t mag-aaral, bakit hindi magtulog na lamang na gaya ng iba at umasa na sa isang pagpapasumala?"
El Filibusterismo,6,SI BASILIO,61,"Ang isa sa mga guro ay lubhang kilala, naiibigan ng lahat; kinikilalang marunong, dakilang makata at may mga pagkukurong malaya."
El Filibusterismo,6,SI BASILIO,62,"Isang araw na kasama ng mga “colegial” sa paglilibot ay nakagalit ng ilang “cadete”, na, naging sanhi muna ng simulang pag-aaway at pagkatapos ay paghahamunan."
El Filibusterismo,6,SI BASILIO,63,"Ang pari, na marahil ay naalaala ang kaniyang mabuting kabataan, ay nangayag at nangakong bibigyan ng mabuting nota ang sinomang makilahok sa pakikilaban sa linggong darating."
El Filibusterismo,6,SI BASILIO,64,Naging masigla ang buong linggong yaon: nagkaroon ng pulupulutong na paglalabang ginamitan ng sable at tungkod at sa isa’y napatangi si Basilio.
El Filibusterismo,6,SI BASILIO,65,Dinala siyang galak na galak ng mga nag-aaral at iniharap sa propesor; mula niyon ay nakilala siya at kinagiliwan.
El Filibusterismo,6,SI BASILIO,66,Dahil sa pangyayaring ito at dahil din naman sa kaniyang pagsusumigasig sa pag-aaral ay nagtamo siya ng mga sobresaliente at medalla pa ng taong iyon.
El Filibusterismo,6,SI BASILIO,67,"Sa nakitang ito, si kapitang Tiago, na mula nang magmonha ang anak ay may pagkamuhi na sa mga praile, sa isang sandaling masaya, ay inudyukan siyang lumipat sa Ateneo Municipal, na noon ay lubhang nababantog."
El Filibusterismo,6,SI BASILIO,68,"Isang bagong mundo ang nahayag sa kaniyang mga mata, isang paraan sa pag-aaral na hindi man niya nahinala na makikita sa paaralang iyon."
El Filibusterismo,6,SI BASILIO,69,Liban sa ilang bagay na walang malaking kabuluhan at ilang bagay na walang kapararakan ay hinangaan ang patakarang sinusunod doon sa pagtuturo at lubos ang kaniyang pagkilala ng utang na loob sa pagsusumakit ng mga guro.
El Filibusterismo,6,SI BASILIO,70,Napapaluha siya kung minsan at naaalaala ang apat na taong nakaraan na dahil sa kakulangan sa magugugol ay hindi siya nakapasok doon.
El Filibusterismo,6,SI BASILIO,71,Kinailangan niyang gamitin ang lahat ng pagsusumikap upang mapantayan ang nangagkaroon ng mabuting pasimula at nasabi niya sa sarili na nang taon lamang na iyon napagaralan niya ang limang taon ng “segunda enseñanza”.
El Filibusterismo,6,SI BASILIO,72,Dinaan ang bachillerato sa gitna ng kagalakan ng kaniyang mga propesor at sa paglilitis ay ipinagmalaki siya sa harap ng mga hahatol na dominiko na pinaparoon upang makibatyag.
El Filibusterismo,6,SI BASILIO,73,Upang mapawi ng bahagya ang kagalakan ay tinanong ang nililitis kung saan nag-aral ng mga unang taon sa latin.
El Filibusterismo,6,SI BASILIO,74,"—Sa San Juan de Letran, Padre—ang sagot ni Basilio."
El Filibusterismo,6,SI BASILIO,75,—¡Ah!
El Filibusterismo,6,SI BASILIO,76,Sa latin ay mabuti—ang nakangiting sabi ng dominiko.
El Filibusterismo,6,SI BASILIO,77,"Dahil sa kaniyang hilig at ugali ay pinili ang Medicina; ibig sana ni kapitang Tiago ang Derecho upang magkaroon ng abogadong walang bayad, ngunit hindi ang dumunong at makabatid ng mga kautusan ang kailangan lamang upang magkaroon ng ipagtatanggol sa Pilipinas: kailangang magpanalo ng mga usapin at upang ito’y mangyari ay kailangang magkaroon ng maraming kakilala, lakas sa itaas, maraming salitang pasalisalimuut."
El Filibusterismo,6,SI BASILIO,78,Napahinuhod din si kapitang Tiago sapagka’t naalaalang ang mga nag-aaral ng Medicina ay naglalamutak ng patay; malaon nang humahanap siya ng isang lason na ipangsusubo sa tari ng kaniyang mga manok at ang pinakamabuting nalalaman niya ay ang dugo ng isang insik na namatay dahil sa sakit na sipilis.
El Filibusterismo,6,SI BASILIO,79,"Gaya rin ng dating pagsusumigasig, o higit pa kung mangyayari, dinaan ng binata ang mga taong pag-aaral ng “facultad”, at mula pa sa ikatlong taon ay nanggamot na siya, na pinalad naman, bagay na hindi lamang pagsisimula ng isang magandang haharapin kundi nagbibigay din naman sa kaniya ng sapat na gugugulin upang makapagbihis ng mainam-inam at makapag-ipon pa ng kaunti."
El Filibusterismo,6,SI BASILIO,80,"Ang taong ito’y siyang huling taon ng kaniyang pag-aaral at sa loob ng dalawang buwan na lamang ay “medico” na siya, uuwi na sa kaniyang bayan, pakakasal kay Juliana at mamumuhay silang maligaya."
El Filibusterismo,6,SI BASILIO,81,Ang pagtatamo niya ng “licenciatura” ay hindi lamang tiwasay niyang inaantay kun di inaasahan pa niyang magiging maningning na pinakaputong ng kaniyang kabuhayan sa pag-aaral.
El Filibusterismo,6,SI BASILIO,82,"Siya ang natakdaang bibigkas ng talumpating pagpapasalamat sa pagsusuot ng “muceta”, at nakikinikinita na niyang siya’y nasa gitna ng Paraninfo, sa harap ng lahat ng nangagtuturo, at siya ang pinagtitinginanan at pinakikinggan ng madla."
El Filibusterismo,6,SI BASILIO,83,"Lahat ng ulong iyon na bantog sa karunungan sa Maynila na nangakalubog halos sa kanilang mga muceta na iba’t ibang kulay, ang lahat ng babaing dumalo dahil sa hangad na makapanood lamang, na noong mga taong nakaraan ay hindi man siya napuna, kundi man natingnan siya na may pagwawalang bahala, ang lahat ng kaginoohang iyon na noong siya’y bata ay kaunti ng pagulungan siya sa karuaheng sinasakyan sa gitna ng lusakan na wari aso lamang, sa mga sandaling iyon ay siya ang pakikinggan, at ang mga tuturan naman niya ay mga maiinam na bagay, yaong hindi pa nadidingig sa pook na iyon; lilimutin ang sarili upang alalahanin ang mga kaawaawang mag-aaral sa haharapin, at siya’y papasok sa sosyedad sa pamagitan ng talumpating yaon."
El Filibusterismo,7,SI SIMOUN,1,Ang mga bagay na ito’y siyang naiisip ni Basilio ng dumalaw sa libingan ng kaniyang ina.
El Filibusterismo,7,SI SIMOUN,2,"Babalik na siya sa bayan, ng tila nakabanaag ng liwanag sa loob ng kakahuyan at nakadingig ng lagitlit ng mga sanga, yabag ng paa at lagaslas ng dahon......"
El Filibusterismo,7,SI SIMOUN,3,"Ang ilaw ay nawala, ngunit ang yabag ay unti-unting lumalapit at nakita niya ang isang anino sa gitna ng pook na iyon at ang tinutungo ay ang kaniyang kinalalagyan."
El Filibusterismo,7,SI SIMOUN,4,"Si Basilio ay sadyang hindi mapamahiin at lalo na nga ng makabiyak na siya ng maraming bangkay ng tao at nakapangalaga sa di kakaunting naghihingalo: ngunit ang matatandang alamat na ukol sa nakapangingilabot na pook na iyon, ang oras ng gabi, ang kadiliman, ang malungkot na simoy, at ang mga ilang kasaysayang napakinggan nang siya’y musmos, ay nakasindak din sa kaniyang kalooban at naramdaman niyang ang kaniyang puso’y tumitibok ng malakas."
El Filibusterismo,7,SI SIMOUN,5,"Ang anino’y tumigil, sa kabilang ibayo ng baliti, na nakikita ng binata sa puwang ng dalawang ugat na sa katandaan ay waring dalawang sanga na."
El Filibusterismo,7,SI SIMOUN,6,Kinuha sa ilalim ng damit ang isang ilawang may malakas na lente na inilagay sa lupa at nakaliwanag sa mga “botas de montar”; ang ibang dako ng katawan ay nababalot din ng kadiliman.
El Filibusterismo,7,SI SIMOUN,7,Waring hinalungkat ng anino ang mga bulsa at pagkatapos ay tumungo upang ikama ang dahon ng isang asarol sa isang malaking tungkod: nagulat si Basilio ng makitang kaanyo yaon ng mag-aalahas na si Simoun.
El Filibusterismo,7,SI SIMOUN,8,At siya ngang talaga.
El Filibusterismo,7,SI SIMOUN,9,Hinuhukay ng mag-aalahas ang lupa at maminsanminsa’y naliliwanagan ng ilaw ang mukha: wala ang salaming nakapagpapabago ng anyo.
El Filibusterismo,7,SI SIMOUN,10,Si Basilio ay nangilabot.
El Filibusterismo,7,SI SIMOUN,11,"Yaon din ang taong may labing tatlong taon nang humukay doon ng paglilibingan sa kaniyang ina, tumanda nga lamang; ang buhok ay pumuti at nagkaroon ng bigote at balbas, ngunit ang paningin ay hindi nagbabago, yaon din ang dating anyong malungkot, yaon din ang ulap ng noo, ang malakas na bisig ay yaon din, tuyo nga lamang ng kaunti, yaon ding kaloobang masulak."
El Filibusterismo,7,SI SIMOUN,12,"Ang mga alaala sa nakaraan ay muling umali sa kanya: wari’y naramdaman ang init ng siga, ang gutom, ang kaniyang panglulupaypay noon, ang amoy ng lupang nabungkal......"
El Filibusterismo,7,SI SIMOUN,13,Ang pagkakatuklas na ito’y nakapangilabot sa kaniya.
El Filibusterismo,7,SI SIMOUN,14,"Kung gayon ay ang mag-aalahas na si Simoun, na inaakalang indio ingles, portuges, amerikano, mulato, Cardenal Moreno, Eminencia Negra, ang budhing nag-uudyok ng masama sa Capitan General, gaya ng tawag ng ilan, ay dili iba pala’t yaong mahiwagang tao na ang kaniyang pagsipot at pagpanaw ay nataon sa pagkamatay ng magmamana sa mga lupaing yaon."
El Filibusterismo,7,SI SIMOUN,15,"Ngunit ¿sino ang Ibarra, doon sa dalawang taong kaniyang nakaharap, ang buhay o ang patay?"
El Filibusterismo,7,SI SIMOUN,16,"Ang katanungang ito na itinatanong niya sa sarili, kailan ma’t napagsasalitaan ang pagkamatay ni Ibarra, ay muling pumasok sa kaniyang pag-iisip sa harap ng mahiwagang taong yaon."
El Filibusterismo,7,SI SIMOUN,17,"Ang namatay ay may dalawang sugat na gawa ng punglo, ayon sa kaniyang napag-aralan pagkatapos, at marahil iyon ay gawa ng paghahabulan sa lawa."
El Filibusterismo,7,SI SIMOUN,18,"Kung gayon ay si Ibarra ang namatay na naparoon upang mamatay sa libingan ng mga magulang, at ang nasang sunugin ang kaniyang bangkay ay marahil nakuha sa ugali sa Europa na doo’y sinusunog ang patay."
El Filibusterismo,7,SI SIMOUN,19,"Kung gayon ay sino ang isa pa, ang buhay, ang Simoung ito na manghihiyas, na noon ay anyong dukhangdukha at ngayo’y mayamangmayaman at kaibigan ng mga may kapangyarihan?"
El Filibusterismo,7,SI SIMOUN,20,"Doo’y may lihim na sa kalamigang loob ng ating nag-aaral ay ninasang tahuin, at inantay ang kailangang pagkakataon."
El Filibusterismo,7,SI SIMOUN,21,"Samantala nama’y hukay ng hukay si Simoun, ngunit namasdan ni Basilio na nanghina na ang dating lakas: si Simoun ay humihingal, hirap sa paghinga at sa bawa’t sandali ay tumitigil."
El Filibusterismo,7,SI SIMOUN,22,"Si Basilio’y nanganib na baka siya makita, kaya’t sa biglang udyok ng kalooban ay tumindig sa kinauupan at nagsabing walang pagbabago ang boses:"
El Filibusterismo,7,SI SIMOUN,23,"—¿Matutulungan ko po ba kayo, ginoo....?"
El Filibusterismo,7,SI SIMOUN,24,"—ang tanong, ng makaalis sa kinakanlungan."
El Filibusterismo,7,SI SIMOUN,25,"Si Simoun ay umunat, lumundag na wari’y tigreng nabigla, idinukot ang kamay sa bulsa ng amerikana at tiningnang namumutla at kunot ang noo ang nag-aaral."
El Filibusterismo,7,SI SIMOUN,26,"—May labing tatlong taon na ngayong ako’y pinautangan ninyo ng loob, ginoo,—ang patuloy na walang tigatig ni Basilio—sa pook ding ito, sa paglilibing sa aking ina, kaya’t ikaliligaya ko ang matulungan naman kayo."
El Filibusterismo,7,SI SIMOUN,27,"Dinukot ni Simoun sa kaniyang bulsa ang isang rebolber, na hindi inilalayo sa bagongtao ang paningin."
El Filibusterismo,7,SI SIMOUN,28,Nadingig ang lagitlit ng isang armas na iniakma.
El Filibusterismo,7,SI SIMOUN,29,—¿Sino po ba ako sa akala ninyo?
El Filibusterismo,7,SI SIMOUN,30,—ang sabing humakbang ng dalawang hakbang na paurong.
El Filibusterismo,7,SI SIMOUN,31,"—Isa pong taong aking iginagalang—ang sagot ni Basilio na may pakagulumihanan, sapagka’t inaakalang yaon na ang huli niyang sandali,—isang taong tangi sa akin, inaakala ng lahat na patay na, at taong ang kaniyang mga kasawian ay dinamdam kong palagi."
El Filibusterismo,7,SI SIMOUN,32,"Isang lubos na katahimikan ang sumunod sa mga salitang ito, katahimikang inaring amoy kabilang buhay ng binata."
El Filibusterismo,7,SI SIMOUN,33,"Gayon man, makaraan ang isang mahabang pag-aalinlangan, ay linapitan siya ni Simoun at piniglan sa balikat at sinabi sa kaniyang ang boses ay nanginginig, na:"
El Filibusterismo,7,SI SIMOUN,34,"—Basilio, nakababatid kayo ng isang lihim na mangyayaring ikasawi ko at ngayo’y nakatuklas ng isa pa, na kung mabansag ay makasisira sa aking layon, kaya’t ang boo kong buhay ay nasa kamay ninyo."
El Filibusterismo,7,SI SIMOUN,35,"Upang ako’y tumiwasay at alangalang sa ikaaayos ng inaakala kong gawin ay dapat kong sagkaan ang iyong mga labi, sapagka’t ¿ano ang kabuluhan ng buhay ng isang tao sa kalakhan ng bagay na aking tinutungo?"
El Filibusterismo,7,SI SIMOUN,36,"Mainam ang pagkakataon, walang nakababatid ng aking pagparito, ako’y may sandata, kayo’y wala; sa mga tulisan ibibintang ang kamatayan ninyo kun di man sa isang bagay ng kabilang mundo.... ngunit, gayon man ay babayaan kong kayo’y mabuhay at inaakala kong hindi ko ipagdaramdam sa huli ang gayon."
El Filibusterismo,7,SI SIMOUN,37,"Kayo’y nagsumakit, nakipagtunggali ng lubhang tiyaga.... at gaya ko rin kayong may kailangang makipagtuus sa sosyedad; ang kapatid ninyong munti ay pinatay, ang inyong ina’y naulol, at hindi pinag-usig ng sosyedad ni ang nakamatay ni ang nagpahirap."
El Filibusterismo,7,SI SIMOUN,38,"Tayong dalawa’y nabibilang sa mga uhaw sa katwiran, at hindi dapat tayong magtunggali kun di magtulungan."
El Filibusterismo,7,SI SIMOUN,39,Si Simoun ay humintong pinigil ang buntonghininga at pagkatapos ay banayad na nagpatuloy na palingaslingas ang tingin:
El Filibusterismo,7,SI SIMOUN,40,"—Oo, ako nga iyong may labing tatlong taon na ngayon nang naparito, na may sakit at karumaldumal ang anyo upang dulutan ng huling handog ang isang kaluluwang magiting at matapat na inilaan ang buhay nang dahil sa akin."
El Filibusterismo,7,SI SIMOUN,41,Inis ng isang pamamahalang masama ang hilig ay naglagalag ako sa buong mundo at maghapo’t magdamag na pinunyagi ko ang makapag-ipon ng isang kayamanan upang masunod ang aking layon.
El Filibusterismo,7,SI SIMOUN,42,"Ngayo’y nanumbalik ako upang durugin ang pamamahalang iyan, padaliin ang kaniyang pagkabulok, iaboy sa banging tinutungo, kahi’t na kailanganin kong gamitin ang pagbaha ng luha at dugo...."
El Filibusterismo,7,SI SIMOUN,43,"Hinatulan na ang kaniyang sarili, yari na, at ayokong mamatay ng hindi ko muna siya makitang durogdurog sa kailaliman ng bangin."
El Filibusterismo,7,SI SIMOUN,44,"At iniunat ni Simoun ang kaniyang mga kamay na tungo sa lupa, na waring sa kilos na iyon ay ibig palagiin doon ang mga labi ng nasira."
El Filibusterismo,7,SI SIMOUN,45,"Ang kaniyang tingig ay nagkaroon ng kasindaksindak at kalagimlagim na tunog, na nakapangilabot sa nag-aaral."
El Filibusterismo,7,SI SIMOUN,46,"—Sa tawag ng masasamang hilig ng mga namamahala ay bumalik ako sa Kapuluang ito, at sa ilalim ng anyong mangangalakal ay linibot ko ang mga bayanbayan."
El Filibusterismo,7,SI SIMOUN,47,"Sa tulong ng aking yaman ay napasok ko ang lahat at saa’t saan man ay nakita ko ang pangangamkam sa lahat ng anyong kahalayhalay, minsan ay may balat-kayo, minsa’y lantad na lantad, minsan ay ganid na nagpapakasawa sa isang katawang patay, na gaya ng ginagawa ng isang buitre sa bangkay, at naitanong ko sa sariling ¿bakit hindi tumitindi sa kaniyang bituka ang kamandag, ang ptomaina, ang lason ng mga libingan upang mamatay ang nakaririmarim na ibon?"
El Filibusterismo,7,SI SIMOUN,48,"Binabayaan ng bangkay na siya’y gutayin, ang buitre’y napupundakanan sa laman, at sa dahilang hindi ko makaya ang siya’y bigyan ng buhay upang makalaban sa nagpapahirap sa kaniya, at sa dahilang mahina ang pagkabulok, ay pinasigla ko ang kayamuan, aking inayunan, ang pagsalansang sa katwiran at kapaslangan ay nag-ibayo sa dami; aking pinalalo ang pagkakasala, ang mga gawang malulupit, upang ang bayan ay mahirati sa kamatayan; aking pinalagi ang ligalig upang sa pag-iwas dito ay humanap ng kahi’t anong kaparaanan; aking hinadlangan ang pangangalakal upang kung mahirap na ang bayan at pulubi na ay wala ng sukat ipanganib; aking inudyukan sa pangangamkam upang magsalat ang kayamanang bayan, at dahil sa hindi pa sapat sa akin ang mga bagay na ito upang gisingin sa panghihimagsik ang bayan, ay sinugatan ko ang bayan sa dakong lalong dadamdamin, ginawa kong ang buitre na ang lumait sa bangkay na nagbibigay buhay sa kaniya at kaniyang bulukin......"
El Filibusterismo,7,SI SIMOUN,49,"Ngunit nang akin ng magagawang sa lubos na kabulukan, ng pawang yagit, na pagkakahalohalo ng maraming bagay na nakaririmarim, ay tumindi ang lason, nang ang pagkagahaman ng kayamuan sa kaniyang kalituhan ay nagdudumali na sa pagsunggab sa lahat ng abot ng kaniyang kamay na waring isang matandang babaing nabigla ng sunog, ay sasisipot kayong na nangangalandakan ng pagkakastila, umaawit ng pag-asa sa Pamahalaan, bagay na hindi darating; narito’t isang laman na kumikilos dahil sa init at buhay na dala, malinis, bata, malusog, kumikinig sa dugo, sa kasiglahan, ay biglang sasusulpot upang humandog na muli na wari bagong pagkain......"
El Filibusterismo,7,SI SIMOUN,50,"¡Ah, ang kabataang kailan ma’y mapangarap at kulang sa pagkakilala sa mga bagay-bagay, laging kasunod ng mga paroparo at mga bulaklak!"
El Filibusterismo,7,SI SIMOUN,51,"Nangagsapisapi kayo upang sa inyong lakas ay mapagtali ninyo ng taling pulos na bulaklak, ang inyong bayan at ang España, gayong ang tunay ninyong ginagawa ay ang pagyari ng tanikalang matigas pa kay sa diamante."
El Filibusterismo,7,SI SIMOUN,52,"¡Humihingi kayo ng pagkakapantaypantay sa karapatan, pag-uugaling kastila sa inyong mga hilig, at hindi ninyo nakikitang ang hinihingi ninyo’y ang kamatayan, ang pagkapawi ng inyong pagkamamamayan, ang pagkaduhagi ng inyong inang-bayan, ang pananagumpay ng paniniil!"
El Filibusterismo,7,SI SIMOUN,53,¿Ano kayo sa araw ng bukas?
El Filibusterismo,7,SI SIMOUN,54,"Bayang walang budhi, bansang walang kalayaan; ang lahat ng taglay ninyo’y pawang hiram, sampu ng inyong mga kasiraan."
El Filibusterismo,7,SI SIMOUN,55,¡Humihingi kayong maging parang kastila at hindi kayo namumutla sa kahihiyan kung ipagkait sa inyo!
El Filibusterismo,7,SI SIMOUN,56,At kahit na ipagkaloob sa inyo ¿ano ang inyong hangad?
El Filibusterismo,7,SI SIMOUN,57,¿ano ang inyong matatamo?
El Filibusterismo,7,SI SIMOUN,58,"Maligaya na kayo kung maging bayan ng pag-aalsa, bayan ng mga digmaan ng mga magkababayan, republika ng mga mangdaragit at di nasisiyahang loob na kagaya ng ilang republika sa timog ng Amerika!"
El Filibusterismo,7,SI SIMOUN,59,¿Ano ang layon ninyo sa pagtuturo ng wikang kastila; hangad na kahiyahiya kung hindi lamang napakasama ang ibubunga?
El Filibusterismo,7,SI SIMOUN,60,¡Ibig ninyong dagdagan ng isa pang wika ang apat na pu’t kung ilan pang ginagamit sa Kapuluan upang huwag kayong lalong magkaantiluhan!......
El Filibusterismo,7,SI SIMOUN,61,"—Hindi po—ang tugon ni Basilio—kung dahil sa pagkaalam ng wikang kastila ay mapapalapit tayo sa Pamahalaan, sa isang dako naman ay magiging sanhi ng paglalapitlapit ng mga pulo."
El Filibusterismo,7,SI SIMOUN,62,—¡Laking kamalian!
El Filibusterismo,7,SI SIMOUN,63,—ang putol ni Simoun—napadadaya kayo sa maiinam na pangungusap at hindi ninyo tinutungo ang latak at sinusuri ang huli niyang iaanak.
El Filibusterismo,7,SI SIMOUN,64,"Hindi magiging siyang karaniwang salita dito kailan man ang wikang kastila, hindi siya gagamitin ng bayan, sapagka’t ang mga bukal ng pag-iisip at puso nito ay walang katimbang na salita sa wikang iyan; bawa’t bayan ay may kaniyang sarili, gaya rin naman ng pangyayaring may sariling pagdaramdam."
El Filibusterismo,7,SI SIMOUN,65,"¿Ano ang gagawin ninyo sa wikang kastila, kayong iilang gagamit?"
El Filibusterismo,7,SI SIMOUN,66,"Patayin ang inyong katangian, isailalim ng ibang utak ang inyong mga pag-iisip at hindi kayo magiging malaya kundi magiging tunay na alipin pa nga."
El Filibusterismo,7,SI SIMOUN,67,"Ang siyam sa bawa’t sampu ninyong nag-aakalang kayo’y mga bihasa, ay pawang tumakwil sa inyong tinubuan."
El Filibusterismo,7,SI SIMOUN,68,"Ang bawa’t isa sa inyo na gumagamit ng wikang iyan ay napapabayaan ng lubos ang kaniyang sarili na hindi man maisulat ni mawatasan, at ¡ilan na ang nakita ko na nagpapakunwaring hindi nakababatid ni isang bigkas man lamang ng salitang iyan!"
El Filibusterismo,7,SI SIMOUN,69,Salamat na lamang at mayroon kayong isang mulalang pamahalaan.
El Filibusterismo,7,SI SIMOUN,70,"Samantalang ipinipilit ng Rusia ang wikang ruso sa Polonia upang ito’y kaniyang maalipin, samantalang ipinagbabawal ng Alemania ang wikang pranses sa mga lalawigang kaniyang nasakop, ang inyong pamahalaan naman ay nagpupunyagi na huwag alisin sa inyo ang sariling wika, datapwa’t kayo, bayang kahangahanga na hawak ng isang pamahalaang hindi malirip, kayo’y nagpupumilit na iwan ang inyong katangian sa pagkabansa!"
El Filibusterismo,7,SI SIMOUN,71,"Ang isa’t isa sa inyo ay nakalilimot na samantalang ang isang bayan ay may sariling wika ay taglay niya ang kaniyang kalayaan, gaya rin naman ng pagtataglay ng tao ng pagsasarili samantalang tinataglay ang kaniyang sariling pagkukuro."
El Filibusterismo,7,SI SIMOUN,72,Ang wika ay siyang pag-iisip ng bayan.
El Filibusterismo,7,SI SIMOUN,73,Mabuti na lamang at ang inyong pagsasarili’y sadyang darating: ¡inaandukha siya ng mga kalaswaan ng tao!......
El Filibusterismo,7,SI SIMOUN,74,Si Simoun ay huminto at pinahid ng kamay ang noo.
El Filibusterismo,7,SI SIMOUN,75,Ang buwan ay sumisikat at inihahatid doon ang kaniyang malamlam na liwanag na nakalulusot sa puwang ng mga sanga.
El Filibusterismo,7,SI SIMOUN,76,"Dahil sa naliliwanagang papaitaas ng lampara ang mag-aalahas, na matigas ang anyo at maputi ang buhok, ay waring isang multo ng kagubatan na nagbabalak ng kalagimlagim."
El Filibusterismo,7,SI SIMOUN,77,Sa harap ng gayong katitigas na sumbat ay nakatungong walang imik si Basilio.
El Filibusterismo,7,SI SIMOUN,78,Nagpatuloy si Simoun:
El Filibusterismo,7,SI SIMOUN,79,"—Nakita kong binabalak ang kilusang iyan at dumanas ako ng magdamagang ligalig, sapagka’t batid kong sa kabataang iyan ay mayroong may taglay na katalinuhan at pusong maitatangi na nagpapakalulong sa bagay na inaakala nilang mabuti, ngunit ang katotohana’y gumagawa ng laban sa kanilang bayan...."
El Filibusterismo,7,SI SIMOUN,80,"Makailang kong tinangka ang lumapit sa inyo, hubdin ang pagbabalatkayo at pawiin ang inyong pagkakamali!"
El Filibusterismo,7,SI SIMOUN,81,ngunit sanhi sa mga pagpapalagay sa akin ay marahil masamain ang aking mga pangungusap at magkabiso pa’y magbunga ng laban sa aking akala......
El Filibusterismo,7,SI SIMOUN,82,"¡Makailang tinangka ko ang lumapit sa inyong Makaraig, sa inyong Isagani!"
El Filibusterismo,7,SI SIMOUN,83,"Maminsan minsan ay naiisip kong sila’y patayin, lipulin......"
El Filibusterismo,7,SI SIMOUN,84,Si Simoun ay tumigil.
El Filibusterismo,7,SI SIMOUN,85,"—Basilio, ito ang sanhi kung kaya hindi ko kayo pinatay, at mahanda ako, na dahil sa isang kabiglaanan, balang araw ay ihayag ninyo ang aking kalagayan...."
El Filibusterismo,7,SI SIMOUN,86,"Batid ninyo kung sino ako, alam ninyo ang aking mga tiniis, paniwalaan ninyo ako; hindi kayo kabilang ng karamihan na ang tingin sa mag-aalahas na si Simoun ay isang maglalako na nag-uudyok sa mga may kapangyarihan sa gawang pamamaslang upang ang mga naapi’y bumili sa kaniya ng hiyas...."
El Filibusterismo,7,SI SIMOUN,87,"Ako ay isang hukom na may nasang magparusa sa isang pamamahala, na, ang gagawing kasangkapan ay ang sarili niyang kasamaan; bakahin siya sa paraang siya’y ayuin...."
El Filibusterismo,7,SI SIMOUN,88,"Kailangan kong ako’y inyong tulungan, gamitin ninyo ang inyong kayang makaakit sa kabataan upang labanan ang baliw na nasang makikastila, pakikiugali, pagpapantaypantay sa karapatan...."
El Filibusterismo,7,SI SIMOUN,89,"Sa landasing iyan ay ang maging isang masamang huwad lamang ang matatamo, at nararapat na ang bayan ay lumingap ng lalong mataas."
El Filibusterismo,7,SI SIMOUN,90,"Isang kabangawan ang akitin ang pag-iisip ng mga namamahala; mayroon na silang takdang balak, may piring ang mga mata, at, bukod sa ang gayon ay isang pag-aaksaya ng panahon, ay dinadaya pa ninyo ang bayan sa mga pag-asang hindi mangyayari at nakatutulong pa kayo upang yumuko sa harap ng nangduduhagi."
El Filibusterismo,7,SI SIMOUN,91,Ang dapat ninyong gawin ay samantalahin ang kaniyang mga pag-aalinlangan sa kapakinabangan ninyo.
El Filibusterismo,7,SI SIMOUN,92,¿Ayaw kayong ihawig sa kastila?
El Filibusterismo,7,SI SIMOUN,93,¡Mabuti!
El Filibusterismo,7,SI SIMOUN,94,"sa gayon ay magpakatangi kayo sa pagbabadha ng sariling kaugalian, itayo ninyo ang tuntungan ng bayang pilipino...."
El Filibusterismo,7,SI SIMOUN,95,¿Aayaw kayong bigyan ng pag-asa?
El Filibusterismo,7,SI SIMOUN,96,¡Mabuti nga!
El Filibusterismo,7,SI SIMOUN,97,"huwag kayong umasa sa kaniya, asahan ninyo ang sarili at kumilos kayo."
El Filibusterismo,7,SI SIMOUN,98,¿Aayaw kayong bigyan ng kinatawan sa Corte?
El Filibusterismo,7,SI SIMOUN,99,¡Lalong mabuti!
El Filibusterismo,7,SI SIMOUN,100,"Kahi’t na kayo makapagpadala doon ng kinatawan na nahalal ng ayon sa inyong hangad, ¿ano ang magagawa ninyo roon kun di malunod sa gitna ng maraming tingig at sang-ayunan, sa pamamagitan ng inyong pagkakaharap doon, ang mga kapaslangan at kamaliang gawin?"
El Filibusterismo,7,SI SIMOUN,101,Samantalang lalong kaunti ang mga karapatang ipagkaloob sa inyo ay lalo namang malaki ang inyong karapatan sa pagpawi ng pasanin at gantihin sila ng masama sa kasamaan.
El Filibusterismo,7,SI SIMOUN,102,"Kung ayaw ituro sa inyo ang kanilang wika ay pag-aralan ninyo ang inyo, inyong pakalatin, bayaang mamalagi sa bayan ang sariling pag-iisip, at sa pagnanasang maging isang lalawigan ay ipalit ang hangad na maging bansa, sa paghahakang sumasalilong ay paghahakang malaya, ni sa hilig, ni sa salita ay huwag mangyaring maipalagay ng kastila na siya’y parang nasa bahay niya dito, ni ipalagay ng taga rito na sila’y kababayan kundi manglulupig magpakailan man, dayuhan, at sa malao’t madali’y tatamuhin ninyo ang inyong kasarinlan."
El Filibusterismo,7,SI SIMOUN,103,Ito ang sanhi kung kaya hangad kong kayo’y mabuhay.
El Filibusterismo,7,SI SIMOUN,104,"—Ginoo, napakalaking karangalan ang ipinagkaloob ninyo sa akin sa pagpapahayag ng inyong mga balak upang huwag akong magtapat at sabihin na ang hinihiling ninyo sa akin ay higit sa makakaya ko."
El Filibusterismo,7,SI SIMOUN,105,"Ako’y hindi nakikilahok sa politika, at kung sakaling linagdaan ko ang kahilingan sa pagtuturo ng wikang kastila ay dahil lamang sa nakikita kong iyo’y makabubuti sa pag-aaral, at wala nang iba."
El Filibusterismo,7,SI SIMOUN,106,"Ang aking tungo ay iba, ang hangad ko’y mapagaling lamang ang mga sakit na dinaramdam ng aking mga kababayan."
El Filibusterismo,7,SI SIMOUN,107,Ang mag-aalahas ay napangiti.
El Filibusterismo,7,SI SIMOUN,108,—¿Ano na lamang ang mga sakit ng katawan sa sakit ng damdamin?
El Filibusterismo,7,SI SIMOUN,109,—ang tanong—¿ano na lamang ang kamatayan ng isang tao sa kamatayan ng isang kalipunan?
El Filibusterismo,7,SI SIMOUN,110,Balang araw marahil ay magiging isa kayong bantog na manggagamot kung pababayaang makapanggamot na mapayapa; ngunit lalo pang dakila yaong makapagbigay buhay sa lugaming bayang ito.
El Filibusterismo,7,SI SIMOUN,111,"Kayo ¿ano ang ginagawa ninyong ukol sa bayang ito na kinakitaan ng unang liwanag, nagbibigay buhay sa inyo at nagdudulot sa inyo ng ikatututo?"
El Filibusterismo,7,SI SIMOUN,112,¿Hindi ba ninyo alam na walang kabuluhan ang buhay na hindi iniuukol sa isang malaking layon?
El Filibusterismo,7,SI SIMOUN,113,Iya’y isang munting batong natapon sa kaparangan na hindi kasama sa pagkabuo ng isang bahay.
El Filibusterismo,7,SI SIMOUN,114,"—Hindi, hindi po ginoo,—ang pakumbabang sagot ni Basilio—hindi po ako humahalukipkip, ako’y gumagawa na gaya ng paggawa ng iba upang maibangon sa labi ng nakaraan ang isang bayan na ang kaniyang mga tao’y nagtutulungan at ang bawa’t isa sa kanila’y dumadamdam sa sarili, ng budhi’t kabuhayan ng kalahatan."
El Filibusterismo,7,SI SIMOUN,115,Ngunit kahi’t anong sigabo ang taglayin ng mga tao sa ngayon ay nakikilala namin na sa malaking gawaang bayan ay dapat magkaroon ng paghahatihati ng gawa; pinili ko ang aking gagawin at tinungo ko ang karunungan.
El Filibusterismo,7,SI SIMOUN,116,—Ang karunungan ay hindi siyang hantungan ng tao—ang wika ni Simoun.
El Filibusterismo,7,SI SIMOUN,117,—Siya ang tinutungo ng mga bansang lalong bihasa.
El Filibusterismo,7,SI SIMOUN,118,"—Oo, ngunit parang isang kaparaanan lamang sa paghanap ng kaligayahan."
El Filibusterismo,7,SI SIMOUN,119,"—¡Ang karunungan ay siyang walang paglipas, lalong kagalingan ng katauhan, lalong ukol sa sangsinukob!"
El Filibusterismo,7,SI SIMOUN,120,"—ang sagot ng binata sa isang sulak ng kalooban—Sa loob ng ilang daang taon, pag ang katauhan ay matalino na’t nahango sa kinalalagyan sa ngayon, pag wala na ang mga lipi, pag ang lahat ng bayan ay pawang malalaya na, pag wala ng alipin at umaalipin, sakop na bayan at nakasasakop, pag ang naghari ay isang kapangyarihan na lamang at ang tao’y naging mamamayan ng sanglupalop, ay walang malalabi kundi ang pananalig sa karunungan, ang salitang pag-ibig sa bayan ay magkakaroon ng kahulugang dalubhasang pananalig at ang sa panahong iyan ay magbunyag ng kaniyang taglay na pag-ibig sa bayan ay marahil kulungin na waring isang mapanganib na may sakit, isang manggugulo sa pagkakasundo ng lahat."
El Filibusterismo,7,SI SIMOUN,121,Si Simoun ay napangiti ng malungkot.
El Filibusterismo,7,SI SIMOUN,122,"—Oo, oo—ang wikang iniiling ang ulo—datapwa’y upang sumapit ang gayong kalagayan, ay kailangang huwag magkaroon ng mga bayang manggagahis, ni mga bayang mang-aalipin, kailangang ang tao’y maging malaya saan man pumaroon, matutuhang igalang sa karapatan ng iba ang kaniyang sariling pagkatao, at upang mangyari ito’y kailangan munang magsabog ng maraming dugo, ang pagtutunggali’y kailangan......"
El Filibusterismo,7,SI SIMOUN,123,"Upang daigin ang matandang pananalig, na sumisiil sa mga budhi, ay kinailangang ang marami ay matupok sa apoy, upang, sa pangingilabot ng budhing bayan ay ihayag na malaya ang budhi ng bawa’t isang tao."
El Filibusterismo,7,SI SIMOUN,124,Kailangan din naman na ang lahat ay tumugon sa katanungang sa araw-araw ay ginagawa ng bayan na inilalahad sa kanila ang kamay na nakatanikala.
El Filibusterismo,7,SI SIMOUN,125,"Ang pag-ibig sa bayan ay magiging pagkakasala sa mga bayan lamang na manglulupig sapagka’t ang pagnanakaw naman ay lalagyan ng isang mainam na pangalan; ngunit kahi’t maging wastong-wasto na ang katauhan ay magiging isang kabanalan din ang pag-ibig sa tinubuan, sa mga bayang sakop, sapagka’t sa lahat ng sandali’y may kahulugang pag-ibig sa katwiran, pag-ibig sa kalayaan, pag-ibig sa karangalan."
El Filibusterismo,7,SI SIMOUN,126,"Ang kalakhan ng isang tao’y hindi ang magpauna sa kaniyang kapanahunan, bagay na hindi naman mangyayari, kundi ang hulaan ang kaniyang mga adhika, tugunan ang kaniyang mga pangangailangan at turuan siyang magpatuloy sa lakad."
El Filibusterismo,7,SI SIMOUN,127,"Ang mga “genio” na inaakala ng karamihan na nagpauna sa kanilang kapanahunan, ay namamalas lamang na gayon sapagka’t tinatanaw silang mula sa malayo ng mga sumusuri, o inaakalang daang taon ang buntot na nilalakaran ng mga nahuhuli."
El Filibusterismo,7,SI SIMOUN,128,Si Simoun ay tumigil.
El Filibusterismo,7,SI SIMOUN,129,"Nang nakitang hindi mapasigabo ang malamig na kaluluwang iyon, ay gumamit ng ibang pangangatwiran, at tumanong na iniba ang pagsasalita."
El Filibusterismo,7,SI SIMOUN,130,—At sa ala-ala ng inyong ina at kapatid ¿ano ang ginagawa ninyo?
El Filibusterismo,7,SI SIMOUN,131,"¿sukat na ba ang sa taon taon ay pumarito at tumaghoy na wari’y babai, sa ibabaw ng libingan?"
El Filibusterismo,7,SI SIMOUN,132,At tumawa ng pakutya.
El Filibusterismo,7,SI SIMOUN,133,Tumama ang tudla; si Basilio’y nagbagong anyo at humakbang ng isang hakbang.
El Filibusterismo,7,SI SIMOUN,134,—¿Ano ang ibig ninyong gawin ko?
El Filibusterismo,7,SI SIMOUN,135,"—ang tanong na nagngangalit—Walang pagkunan nang kailangan, walang katangian ¿matatamo ko baga ang katwirang laban sa mga pumatay sa kanila?"
El Filibusterismo,7,SI SIMOUN,136,"Isa pa akong masasawi, at madudurog akong kagaya ng kaputol na salaming ipukol sa isang batong buhay."
El Filibusterismo,7,SI SIMOUN,137,"¡Ah, masama ang ginawa ninyong ipaalala pa sa akin, sapagka’t iya’y isang walang kabuluhang pagtangki sa sugat!"
El Filibusterismo,7,SI SIMOUN,138,—At kung ihandog ko sa inyo ang aking tulong?
El Filibusterismo,7,SI SIMOUN,139,Iginalaw ni Basilio ang ulo at nag-isip.
El Filibusterismo,7,SI SIMOUN,140,"—¡Lahat ng pagtatagumpay ng katwiran, lahat ng higanti sa lupa, ay hindi makapagbibigay buhay pang muli sa isang buhok man lamang ng aking ina, hindi makapagpapasariwa ng isang ngiti sa mga labi ng aking kapatid!"
El Filibusterismo,7,SI SIMOUN,141,Matulog na silang mapayapa....
El Filibusterismo,7,SI SIMOUN,142,¿ano ang mahihita ko kahi’t maghiganti?
El Filibusterismo,7,SI SIMOUN,143,"—Iwasan na tiisin ng iba ang inyong tiniis, upang sa susunod ay maiwasang magkaroon pa ng mga anak na pinatay at mga inang napilitang maulol."
El Filibusterismo,7,SI SIMOUN,144,"Ang pagpapaumanhin ay hindi laging kabaitan, siya’y kasamaan pag naguudyok sa paniniil: walang mang-aalipin doon sa walang napaaalipin."
El Filibusterismo,7,SI SIMOUN,145,¡Ay!
El Filibusterismo,7,SI SIMOUN,146,"ang tao’y sadyang may kasamaan, na kailan ma’y nagpapakalabis pag nakakatagpo ng uma-alinsunod."
El Filibusterismo,7,SI SIMOUN,147,"Gaya ninyo’y ganyan din ang paghahaka ko, at alam ninyo kung ano ang aking sinapit."
El Filibusterismo,7,SI SIMOUN,148,"Binabantayan kayo gabi’t araw ng mga may pakana ng inyong kasawian; naghihinalang kayo’y nag-aantay ng isang sadyang panahon; inaakalang isang mahigpit na hangad na makaganti ang inyong pagpupunyaging matuto, ang inyong hilig sa pag-aaral, sampu ng inyong pananahimik...."
El Filibusterismo,7,SI SIMOUN,149,"Ang araw na magagawang kayo’y pawiin ay papawiin kayo na gaya ng ginawa sa akin, at hindi kayo papayagang lumaki, sapagka’t kayo’y kinatatakutan at kinamumuhian."
El Filibusterismo,7,SI SIMOUN,150,—¿Kamuhian ako?
El Filibusterismo,7,SI SIMOUN,151,¿Kamuhian pa ako matapos ang masamang ginawa sa akin?
El Filibusterismo,7,SI SIMOUN,152,—ang tanong na pamangha ng binata.
El Filibusterismo,7,SI SIMOUN,153,Si Simoun ay humalakhak.
El Filibusterismo,7,SI SIMOUN,154,"—Katutubo ng tao ang mamuhi doon sa inapi niya, ang sabi ni Tacito na pinatibayan ang quos læserunt et oderunt ni Seneca."
El Filibusterismo,7,SI SIMOUN,155,"Kung ibig ninyong masukatan ang mga ginagawang pang-aapi o kabutihan ng isang bayan sa kapuwa, ay wala kayong ibang dapat gawin kundi tingnan na lamang kung kinamumuhian o minamahal."
El Filibusterismo,7,SI SIMOUN,156,"At sa ganyan ay naliliwanagan na kung bakit ang ilang yumaman dito, mula sa mga matataas na katungkulang ginanap, ay pawang pag-alimura at pag-alipusta ang ipinatutunkol sa kanilang pinahirapan, pagbalik sa España."
El Filibusterismo,7,SI SIMOUN,157,Proprium humani ingenii est odisse quem læseris.
El Filibusterismo,7,SI SIMOUN,158,"—Datapwa’y kung ang mundo ay malaki, kung binabayaang matahimik sa kanila ang kapangyarihan...."
El Filibusterismo,7,SI SIMOUN,159,"Kung wala akong ibang hinihingi kundi ang gumawa, bayaan akong mabuhay......"
El Filibusterismo,7,SI SIMOUN,160,—¡At magkaroon ng mga anak na mapayapa na pagkatapos ay ilalaan sa pahirap!
El Filibusterismo,7,SI SIMOUN,161,"—ang patuloy ni Simoun na pakutyang ginayahan ang pag-bigkas ni Basilio ng mga salita—¡Kay inam na kinabukasan ang inihahanda ninyo sa kanila, at pasasalamatan sa inyo ang isang kabuhayang pawang pangangayupapa at paghihirap!"
El Filibusterismo,7,SI SIMOUN,162,"¡Mabuti, binata!"
El Filibusterismo,7,SI SIMOUN,163,Pag ang isang katawan ay hindi na kumikilos ay hindi na kailangang siya’y patibayin.
El Filibusterismo,7,SI SIMOUN,164,"Dalawang pung taong ganap na pagkaalipin, na pangangayupapang walang likat, walang hulaw na pagkakaratay, ay nakalilikha sa kaluluwa ng isang pagkahukot na hindi maitutuwid sa isang araw."
El Filibusterismo,7,SI SIMOUN,165,Ang mabubuti o masasamang kalooban ay minamana at nagkakasalinsalin sa mga magulang at mga anak.
El Filibusterismo,7,SI SIMOUN,166,"Mabuhay na nga ang inyong kaigaigayang mga paghahaka, mabuhay ang pangarap ng alipin na walang hinihingi kundi kaunting bunot na sukat maibalot sa tanikala upang mapahina ang kalansing at ng huwag masugatan ang kaniyang balat!"
El Filibusterismo,7,SI SIMOUN,167,Ang hinahangad ninyo’y isang munting tahanan na may kaunting kaluwagan; isang asawa’t kaunting bigas: iyan ang lalaking pinakamagaling sa Pilipinas!
El Filibusterismo,7,SI SIMOUN,168,"Siya, kung ipag-kaloob sa inyo ang bagay na iyan ay akalain na ninyong kayo’y mapalad."
El Filibusterismo,7,SI SIMOUN,169,"Si Basilio na nahirati sa pagsunod at sa pagtitiis sa kainitan ng ulo ng kapitang Tiago, at nabighani kay Simoun na namamalas niyang kasindaksindak at kakilakilabot sa gitna ng isang lagay na tigmak sa luha at dugo, ay nagnasang mangatwiran, sa pagsasabing wala siyang kakayahang manghimasok sa politika, na wala siyang masasabi, sapagka’t hindi niya napag-aaralan ang bagay, ngunit kailan ma’y handa siyang maglingkod, sa araw na hilingin sa kaniya, na sa mga sandaling iyon ay wala siyang nakikitang kailangan liban sa ang bayan ay matuto, at ibp."
El Filibusterismo,7,SI SIMOUN,170,"Pinigil ni Simoun ang kaniyang salita sa isang galaw, at sa dahilang malapit nang mag-umaga, ay nagsabing:"
El Filibusterismo,7,SI SIMOUN,171,"—Binata, hindi ko ipinagbibilin sa inyo na itago ang aking lihim, sapagka’t batid ko na ang pagkamalihim ay isa sa inyong ugaling taglay, at saka ang isa pa’y kahi’t na ibigin ninyong ako’y isuplong ay unang paniniwalaan ang mag-aalahas na si Simoun, ang kaibigan ng mga may-kapangyarihan at ng mga pari, kay sa nag-aaral na si Basilio, na pinaghihinalaan nang pilibustero, sa dahilang siya’y taga ritong natatangi at nababantog, at sapagka’t sa ninanasang matutuhan ay makakatagpo ng malalakas na kalaban."
El Filibusterismo,7,SI SIMOUN,172,"Gayon man, kahi’t hindi ninyo tinugunan ang aking pag-asa, sa araw na magbago kayo ng paghahaka, ay hanapin ninyo ako sa aking bahay sa Escolta at paglilingkuran ko kayo ng buong lugod."
El Filibusterismo,7,SI SIMOUN,173,Napasalamat si Basilio at lumayo.
El Filibusterismo,7,SI SIMOUN,174,—Namali kaya ako ng tukoy?
El Filibusterismo,7,SI SIMOUN,175,—ang bulong ni Simoun ng siya’y nag-iisa na—alinlangan kaya sa akin o lubhang lihim na binabalak ang kaniyang higanti kaya’t ipinangangambang ipagkatiwala sampu sa katahimikan ng gabi?
El Filibusterismo,7,SI SIMOUN,176,O kaya’y sa dahilang pinawi na sa kaniyang puso ang damdaming pagkatao ng mahabang panahong pamamanginoon at walang inilabi kundi ang hilig pagkahayop na mabuhay na lamang at magpadami ng lipi?
El Filibusterismo,7,SI SIMOUN,177,Kung gayon ay sira ang bubuan at ang nararapat ay tunawing muli....
El Filibusterismo,7,SI SIMOUN,178,Ang pagkakamatay nga ay kailangan na: mamatay ang mga walang kaya at malabi ang mga lalong malakas.
El Filibusterismo,7,SI SIMOUN,179,"At mapanglaw na nagpatuloy, na waring may katungo:"
El Filibusterismo,7,SI SIMOUN,180,"—Magtiistiis muna kayo, kayong mga nagpamana sa akin ng isang pangalan at isang tahanan, magtiistiis muna kayo!"
El Filibusterismo,7,SI SIMOUN,181,"Lahat ay nawala sa akin, ang bayan, ang kinabukasan, sampu ng inyong mga libingan.... ngunit magtiistiis muna kayo!"
El Filibusterismo,7,SI SIMOUN,182,"At ikaw budhing marangal, dakilang kaluluwa, pusong mapaglingap na nabuhay sa iisang hangad lamang at ipinara mo ang iyong buhay na hindi man nag-antay ng pasasalamat at paghanga ng kahit sino, magtiis ka muna, magtiis tiis ka!"
El Filibusterismo,7,SI SIMOUN,183,"Ang mga kaparaanang ginagamit ko ay hindi marahil ang ginamit mo, ngunit siyang lalong madali...."
El Filibusterismo,7,SI SIMOUN,184,"Nalalapit na ang araw, at pagliliwanag ay ako na rin ang magbabalita sa inyo: ¡Magtiistiis muna kayo!"
El Filibusterismo,8,¡MABUTING PASKO!,1,Nang imulat ni Huli ang namumuktong mata ay nakitang madilim pa ang bahay.
El Filibusterismo,8,¡MABUTING PASKO!,2,Nagtitilaok ang mga manok.
El Filibusterismo,8,¡MABUTING PASKO!,3,Ang unang pumasok sa kaniyang kalooban ay ang sapantahang marahil ay gumawa ng isang himala ang Birhen at ang araw ay hindi sisilang kahi’t na inaanyayahan ng mga manok.
El Filibusterismo,8,¡MABUTING PASKO!,4,"Nagbangon siya, nag angtanda, taimtim na dinasal ang kaniyang mga dalangin sa umaga at lumabas sa batalan, na pinag-iingatang huwag may kumalatis sa kaniyang paglakad."
El Filibusterismo,8,¡MABUTING PASKO!,5,"Walang himala; ang araw ay sisikat na, ang umaga’y magiging maliwanag, ang simuy ay may dalang lamig, ang mga bituwin sa silanganan ay lumalamlam at ang mga manok ay naglalalo sa kanilang pagtitilaok."
El Filibusterismo,8,¡MABUTING PASKO!,6,Ang gayo’y malabis na paghingi; madali pang magawa ng Birhen ang magpadala ng dalawang daa’t limang pung piso!
El Filibusterismo,8,¡MABUTING PASKO!,7,"¿Ano na lamang sa kaniya, siya na Ina ng Dios, ang magbigay noon?"
El Filibusterismo,8,¡MABUTING PASKO!,8,Ngunit sa ilalim ng larawan ay walang natagpuan kundi ang sulat ng kaniyang ama na humihingi ng limang daang pisong pangtubos....
El Filibusterismo,8,¡MABUTING PASKO!,9,Wala ng daan kundi ang lumakad.
El Filibusterismo,8,¡MABUTING PASKO!,10,"Nang makitang ang kaniyang lelong ay hindi kumikilos, ay inakalang natutulog, at nagluto na siya ng salabat na pang-agahan."
El Filibusterismo,8,¡MABUTING PASKO!,11,¡Katakataka!
El Filibusterismo,8,¡MABUTING PASKO!,12,Siya’y panatag at wari pang ibig matawa.
El Filibusterismo,8,¡MABUTING PASKO!,13,¿Ano kaya ang dinamdam niya’t naghinagpis ng katakottakot ng gabing yaon?
El Filibusterismo,8,¡MABUTING PASKO!,14,"Hindi naman siya malalayo, maaaring dalawin sa tuwing makalawa ang bahay; makikita siya ng kaniyang lelong, at tungkol naman kay Basilio ay malaon ng alam ang masamang lakad ng usap ng kaniyang ama, kaya’t madalas na sabihin sa kaniya na:"
El Filibusterismo,8,¡MABUTING PASKO!,15,—Pag ako’y naging mediko at makasal na tayo ay hindi na kakailanganin ng ama mo ang kaniyang mga lupain.
El Filibusterismo,8,¡MABUTING PASKO!,16,—¡Malaking kahangalan ang nagawa kong panggigipuspos!
El Filibusterismo,8,¡MABUTING PASKO!,17,—anya sa sarili samantalang inaayos ang kaniyang tampipi.
El Filibusterismo,8,¡MABUTING PASKO!,18,"At sa dahilang nasagi ng kaniyang mga daliri ang agnos ay inilapit sa kaniyang labi, hinagkan, ngunit kinuskos kaagad ang bibig dahil sa takot na mahawa; ang agnos na iyon na may brillante at esmeralda ay galing sa isang ketongin...."
El Filibusterismo,8,¡MABUTING PASKO!,19,¡Ah!
El Filibusterismo,8,¡MABUTING PASKO!,20,"kung magkagayon, kung siya’y magkaroon ng gayong sakit, ay hindi na siya mag-aasawa."
El Filibusterismo,8,¡MABUTING PASKO!,21,"Sa dahilang nagliliwanag na at nakita ang kaniyang lelong na nakaupo sa isang sulok, na sinusundan ng tingin ang lahat ng kaniyang kilos, ay kinuha ang kaniyang tampipi ng damit at nakangiting lumapit upang humalik ng kamay."
El Filibusterismo,8,¡MABUTING PASKO!,22,Benindisionan siya ng matanda na walang kaimikimik.
El Filibusterismo,8,¡MABUTING PASKO!,23,Nagbiro pa siya.
El Filibusterismo,8,¡MABUTING PASKO!,24,—Pagdating ni tatay ay sabihin ninyong napasok din ako sa kolehiyo: ang panginoon ko’y marunong ng kastila.
El Filibusterismo,8,¡MABUTING PASKO!,25,Ito ang mura sa lahat ng kolehiyong makikita.
El Filibusterismo,8,¡MABUTING PASKO!,26,At ng makitang napupuno ng luha ang mga mata ng matanda ay sinunong ang tampipi at matuling pumanaog sa hagdanan.
El Filibusterismo,8,¡MABUTING PASKO!,27,Ang kaniyang sinelas ay masayang tumutunog sa mga baitang na kahoy.
El Filibusterismo,8,¡MABUTING PASKO!,28,"Ngunit ng lumingon upang tumanaw pang muli sa kaniyang bahay, ang bahay na kinapawian ng kaniyang kabataan, at kinasilangan ng kaniyang mga unang pangarap sa pagkadalaga; ng makita niyang malungkot, nagiisa, walang tao, sa mga durungawang nakalapat ng kaunti ay walang nakadungaw at madilim na gaya ng mga mata ng isang patay; ng madingig ang mahinang kaluskos ng kakawayanan at nakitang nangagduduyan dahil sa simuy sa umaga na waring nagsasabi sa kaniyang “paalam”, ay nawala ang kaniyang maliksing kilos, napahinto siya, ang kaniyang mga mata’y napuno ng luha at matapos magpatiupo sa isang sanga ng kahoy na nasa tabing daan ay umiyak ng kahapishapis."
El Filibusterismo,8,¡MABUTING PASKO!,29,Malaon nang nakaalis si Huli at mataas ng lubha ang araw.
El Filibusterismo,8,¡MABUTING PASKO!,30,Si tandang Selo ay nakadungaw at tinatanaw ang mga nakagayak na taong tungo sa bayan upang magsimba sa misa mayor.
El Filibusterismo,8,¡MABUTING PASKO!,31,Halos lahat ay may dala o kaya’y kilik na batang lalaki o batang babai na nabibihisang wari’y tungo sa isang kapistahan.
El Filibusterismo,8,¡MABUTING PASKO!,32,"Ang kaarawan ng Pasko sa Pilipinas, ayon sa matatanda, ay pista ng mga bata; marahil ay hindi kasang-ayon sa gayong akala ang mga bata, at mahihinalang kanila pang kinatatakutan ang araw na iyon."
El Filibusterismo,8,¡MABUTING PASKO!,33,"At gayon nga marahil, sapagka’t ginigising silang maaga, linilinis, binibihisan at isinusuot sa kanila ang lahat ng kagayakang bago, mahal at mainam na mayroon sila, mga sapatos na sutla, malalaki’t malalapad na sombrero, damit na lana, sutla o tersiopelo, kasama ang apat o limang maliliit na kalmen na may dalang ebanhelio ni San Juan, at matapos na mataglay ang lahat ng yaon ay dinadala sila sa misa mayor na kulangkulang sa isang oras ang haba, pinagtitiis sila ng init at singaw ng maraming taong nagkakasiksikan at nagpapawis, at kung hindi man sila pinagdadasal ng rosario ay kailangan naman nila ang huwag maglilikot, mayamot o makatulog."
El Filibusterismo,8,¡MABUTING PASKO!,34,Sa bawa’t kagaslawang makapagpapadumi sa damit ay isang kurot o isang galit ang katugon; kaya’t hindi man sila tumatawa ni naggagalak at nababasa sa kanilang mga mata ang pag-aalaala sa lumang kamisola na pang-araw-araw at ang pag tutol sa tungkol may burda.
El Filibusterismo,8,¡MABUTING PASKO!,35,"Matapos yaon ay dinadala sila sa mga bahay bahay ng mga kamag-anakan upang humalik ng kamay; doon ay kailangan nila ang magsayaw, umawit at sabihin ang lahat ng ikatutuwang nalalaman, sa ibig man o sa ayaw, suot o hindi man ang kanilang masisikip na bihis, na kasama rin ang kurot at galit pag sumuway o gumawa noong bagay na di iniuutos sa kanila."
El Filibusterismo,8,¡MABUTING PASKO!,36,"Binibigyan sila ng kualta ng mga kamag-anak, ngunit karaniwang hindi man nila masilip pagkatapos, sapagka’t kinukuha ng kanilang mga magulang."
El Filibusterismo,8,¡MABUTING PASKO!,37,"Ang tanging bagay na kanilang napapala sa mga kapistahang yaon ay ang mga bakas ng kurot na tinuran, ang mga kasikipan at madalas pa’y isang pagkasira ng sikmura dahil sa pagkabundat sa matamis o biskotso sa bahay ng mga kamag-anak."
El Filibusterismo,8,¡MABUTING PASKO!,38,"Datapwa’y yaon ang kaugalian at ang mga bata’y pumasok sa kabuhayan sa gayong paraan, na sa isang dako’y siyang pinaka hindi malungkot, ang pinaka lalong hindi mahirap sa kabuhayan ng mga taong yaon."
El Filibusterismo,8,¡MABUTING PASKO!,39,"Ang mga taong may kagulangan na, may sarili nang pamumuhay, ay nakakalahok din sa kapistahang ito."
El Filibusterismo,8,¡MABUTING PASKO!,40,"Dumadalaw sa kanilang mga magulang at mga minama, iluluhod ang isang paa at babatiin ng magandang pasko: ang kanilang aginaldo ay isang matamis, isang bungang kahoy, isang basong tubig o isang munting handog na walang halaga."
El Filibusterismo,8,¡MABUTING PASKO!,41,Napagmamasdan ni tandang Selo ang pagdaraan ng kaniyang mga kaibigan at malungkot na iniisip na wala siyang maibibigay na aginaldo sa kangino man ng taong iyon at ang kaniyang apo ay umalis na walang taglay na aginaldo at hindi man lamang siya nabati ng magandang pasko.
El Filibusterismo,8,¡MABUTING PASKO!,42,¿Isa kayang kahinhinan iyon ni Huli o isang pagkalimot lamang?
El Filibusterismo,8,¡MABUTING PASKO!,43,"Nang sinalubong ni tandang Selo ang mga kamag-anakang dumating na dala ang kanikanilang mga anak ay hindi makabigkas ng anomang salita, kaya’t sa sarili niya’y namangha; walang nangyari sa pagpupumilit, hindi nakabanggit ng isa mang sabi."
El Filibusterismo,8,¡MABUTING PASKO!,44,"Pinigilan ang kaniyang lalamunan, pinailing ang ulo, hindi rin maari!"
El Filibusterismo,8,¡MABUTING PASKO!,45,¡nagnasang tumawa at ang kaniyang mga labi ay kumimbot lamang!
El Filibusterismo,8,¡MABUTING PASKO!,46,ang tanging napalabas sa kaniyang bibig ay isang ipit na tunog na kagaya ng sa hungkoy.
El Filibusterismo,8,¡MABUTING PASKO!,47,Gulilat na nangagkatinginan ang mga babai.
El Filibusterismo,8,¡MABUTING PASKO!,48,"—¡Pipi, pipi!"
El Filibusterismo,8,¡MABUTING PASKO!,49,—ang sigawang balot ng sindak at nangagkagulo.
El Filibusterismo,9,SI PILATO,1,Ang balita ng gayong kasawian ay dumating sa bayan; kinahabagan ng ilan at kinibit na lamang ng iba ang kanilang balikat.
El Filibusterismo,9,SI PILATO,2,Walang may kasalanan sa pangyayaring yaon at ang sino ma’y walang masisisi.
El Filibusterismo,9,SI PILATO,3,"Ni hindi man namilig ang teniente ng guardia sibil; tumanggap siya ng utos na samsamin ang lahat ng armas, at siya’y tumupad sa kaniyang katungkulan; inuusig niya ang mga tulisan kailan ma’t magagawa ang gayon, at ng bihagin si kabisang Tales ay linakad niya agad ang pag-uusig at inauwi niyang baliti sa bayan ang lima o anim na taong bukid na kaniyang pinaghinalaan, at kung hindi napasipot si kabisang Tales ay sapagka’t wala sa bulsa ni sa balat ng mga hinuli na pinakaigihan sa palo."
El Filibusterismo,9,SI PILATO,4,Kinibit ng uldog na tagapangasiwa sa hacienda ang kaniyang balikat.
El Filibusterismo,9,SI PILATO,5,Wala siyang pakialam sa bagay na iyon; kagagawan ng tulisan!
El Filibusterismo,9,SI PILATO,6,at siya’y tumutupad lamang sa kaniyang katungkulan.
El Filibusterismo,9,SI PILATO,7,"Tunay ngang kung hindi siya nagsumbong ay hindi marahil sinamsam ang mga armas at hindi marahil nabihag si kabisang Tales: ngunit siya, si Fr. Clemente, ay kailangan niya ang mag-ingat at ang Tales na iyon ay may isang tinging wari’y humahanap ng dakong patatamaan sa kaniyang katawan."
El Filibusterismo,9,SI PILATO,8,Ang pagsasanggalang sa sarili ay katwiran.
El Filibusterismo,9,SI PILATO,9,Kung may tulisan man ay hindi niya kasalanan; hindi niya katungkulan ang umusig: katungkulan iyon ng guardia sibil.
El Filibusterismo,9,SI PILATO,10,Kung si kabisang Tales ay namalagi sa kaniyang tahanan at hindi naglibot sa kaniyang mga lupain ay hindi sana nabihag.
El Filibusterismo,9,SI PILATO,11,Yaon ay isang parusa ng langit sa lahat ng mga lumalaban sa mga utos ng kaniyang “corporacion”.
El Filibusterismo,9,SI PILATO,12,"Nabatid ni Hermana Penchang, ang matandang mapanatang pinaglilingkuran ni Huli, ang nangyari: bumigkas ng dalawa o tatlong susmariosep!"
El Filibusterismo,9,SI PILATO,13,", nag-angtanda at nagsabing:"
El Filibusterismo,9,SI PILATO,14,"—Kung kaya tayo pinadadalhan ng Dios ng ganyang parusa, sa kadalasan, ay dahil sa tayo’y makasalanan o kaya’y mayroon tayong mga kamag-anak na makasalanan na dapat sanang turuan natin ng kabaitan, ngunit hindi natin ginawa."
El Filibusterismo,9,SI PILATO,15,Sa pagsasabi nang “kamag-anak na makasalanan” ay si Huli ang tinutukoy; sa ganang sarili ng matanda ay lubhang makasalanan si Huli.
El Filibusterismo,9,SI PILATO,16,—Sukat ba namang ang isang dalagang maaari ng mag-asawa ay hindi pa marunong magdasal!
El Filibusterismo,9,SI PILATO,17,"Jesus, anong laking pagkakasala!"
El Filibusterismo,9,SI PILATO,18,"¿Dapat ba namang bigkasin ng tunggak na iyon ang Dios te Salve Maria ng hindi humihinto sa es contigo, at ang Santa Maria ay walang patlang sa pecadores, na gaya ng ginagawa ng sino mang mabuting kristiana na may takot sa Dios?"
El Filibusterismo,9,SI PILATO,19,Susmariosep!
El Filibusterismo,9,SI PILATO,20,¡Hindi nakaaalam ng oremus gratiam at ang sinasabi’y mentibus at hindi mentibus!
El Filibusterismo,9,SI PILATO,21,Ang sino mang makakadingig sa kaniya ay mag-aakalang ang sinabi’y suman sa ibus.
El Filibusterismo,9,SI PILATO,22,Susmariosep!
El Filibusterismo,9,SI PILATO,23,"At nag-aantandang wari’y di mapalagay at nagpapasalamat sa Dios na pinayagang mahuli ng tulisan ang ama upang maalis sa pagkakasala ang anak at matuto ng kabaitan, na alinsunod sa sabi ng kura, ay dapat taglayin ng bawa’t babaing kristiana."
El Filibusterismo,9,SI PILATO,24,"At dahil dito’y kaniyang pinipigil, hindi pinadadalaw sa nayon upang kalingain ang nuno."
El Filibusterismo,9,SI PILATO,25,"Kailangan ni Huli ang mag-aral, magdasal, basahin ang mumunting aklat na ikinakalat ng mga prayle at gumawa hanggang sa mabayaran ang dalawang daan at limang pung piso."
El Filibusterismo,9,SI PILATO,26,"Nang maalamang tumungo si Basilio sa Maynila upang kunin ang salaping naiipon at ng matubos si Huli sa bahay na pinaglilingkuran, ay inakala ng babai na ang dalaga’y masasawi na at pakikiharapan ng diablo na mag-aanyong kagaya ni Basilio."
El Filibusterismo,9,SI PILATO,27,"¡Kahit na nakaiinip, ay lubhang makatwiran iyong munting aklat na ibinigay sa kaniya ng kura!"
El Filibusterismo,9,SI PILATO,28,"Ang mga binatang tumutungo sa Maynila upang mag-aral, ay nangaliligaw at nangliligaw pa ng iba."
El Filibusterismo,9,SI PILATO,29,"At sa pag-aakalang inililigtas niya si Huli ay ipinag-uutos dito na basahing muli’t muli ang aklat ni Tandang Basio Makunat at pinapaparoon sa bahay-pari upang makipagkita sa kura, na kagaya ng babaing pinakakapuri ng prayleng kumatha."
El Filibusterismo,9,SI PILATO,30,"Samantala nama’y nagsasaya ang mga prayle; nanalo na sila sa usapin at sinamantala ang pagkakabihag kay kabisang Tales upang ibigay sa humingi ang mga lupain nito na walang munti mang karangalan, ni walang kahiyahiya."
El Filibusterismo,9,SI PILATO,31,"Nang dumating ang dating mayari at nabatid ang mga nangyari, ng makitang inaari ng iba ang kaniyang mga lupain, yaong mga lupaing naging sanhi ng ikinamatay ng kaniyang asawa’t anak; nang matagpuang pipi ang kaniyang ama, ang kaniyang anak ay naglilingkod na parang alila, at tumanggap pa ng isang utos, na bigay ng tininti sa nayon, upang alisin ang mga laman ng bahay at iwan ito sa loob ng tatlong araw, ay umupo si kabisang Tales sa piling ng kaniyang ama at hindi man halos nangusap sa buong maghapon."
El Filibusterismo,10,KAYAMANA’T KARALITAAN,1,"Kinabukasan, sa gitna ng pagkakamangha ng buong nayon, ay nakituloy sa bahay ni kabisang Tales ang manghihiyas na si Simoun na may kasamang dalawang bataan na may pasang malalaking takba na nababalutan ng lona."
El Filibusterismo,10,KAYAMANA’T KARALITAAN,2,"Sa gitna ng kaniyang pagdadalita ay hindi nalilimutan ni Tales ang magandang ugali ng tagarito, kaya’t nagugulumihanan sapagka’t wala siyang sukat maihandog sa dayuhang yaon."
El Filibusterismo,10,KAYAMANA’T KARALITAAN,3,"Datapwa’y may taglay nang lahat ng bagay si Simoun, mga alila at kakanin, at wala siyang nais kun di ang manirahan ng isang gabi’t isang araw sa bahay na iyon, sapagka’t siyang pinakamalaki sa nayon at sa dahilang napapagitna sa San Diego at sa Tiani, mga bayang inaakala niyang may maraming mamimili."
El Filibusterismo,10,KAYAMANA’T KARALITAAN,4,Inusisa ni Simoun ang kalagayan ng mga daan at itinanong kay kabisang Tales kung sukat na ang kaniyang rebolber upang makapagtanggol sa mga tulisan.
El Filibusterismo,10,KAYAMANA’T KARALITAAN,5,—May mga baril na malayo ang abot—ang sabi ni kabisang Tales na natatanga.
El Filibusterismo,10,KAYAMANA’T KARALITAAN,6,"—Hindi na pahuhuli ang rebolber na ito—ang sagot ni Simoun na nagpaputok, na ang pinatamaan ay isang punong bunga na may dalawang daang hakbang ang layo."
El Filibusterismo,10,KAYAMANA’T KARALITAAN,7,"Namalas ni kabisang Tales ang pagkahulog ng ilang bunga, ngunit hindi umimik at nagpatuloy sa pag-iisip."
El Filibusterismo,10,KAYAMANA’T KARALITAAN,8,"Unti unting dumadating ang mga taong akay ng kabantugan ng mga hiyas na dala ng mag-aalahas: isa’t isa’y nagbabatian ng maligayang pasko, nangag-uusap ng tungkol sa misa, mga santo, masamang ani, ngunit gayon man ay gugugulin ang kanilang naiipon sa pagbili ng mga bato at mga bagay bagay na galing sa Europa."
El Filibusterismo,10,KAYAMANA’T KARALITAAN,9,Balitang balita na ang mag-aalahas ay kaibigan ng Capitan General at hindi magiging isang kalabisan ang pakikipagkilala sa kaniya dahil sa mga bagay na baka mangyari.
El Filibusterismo,10,KAYAMANA’T KARALITAAN,10,"Si kapitang Basilio ay dumating na kasama ang kaniyang asawa, ang kaniyang anak na si Sinang at ang kaniyang manugang, na nangahahandang gumugol ng hindi bababa sa tatlong libong piso."
El Filibusterismo,10,KAYAMANA’T KARALITAAN,11,Naroroon si Hermana Penchang upang bumili ng isang singsing na brillante na ipinangako niya sa Birhen sa Antipolo; iniwan niya sa bahay si Huli na isinasaulo ang isang munting aklat na nabili niya ng dalawang kualta sa kura; ang arsobispo ay nagbibigay ng apat na pung araw na indulgencia sa sino mang bumasa o makadingig ng pagbasa ng aklat na iyon.
El Filibusterismo,10,KAYAMANA’T KARALITAAN,12,—¡Jesus!
El Filibusterismo,10,KAYAMANA’T KARALITAAN,13,—ang sabi ng mabait na mapanata kay kapitana Tika—ang kaawa-awang batang iyan ay lumaki ditong wari’y kabuting itinanim ng tikbalang!....
El Filibusterismo,10,KAYAMANA’T KARALITAAN,14,"May makalimang pung ipinabasa ko ng malakas ang aklat ngunit walang naisaulo ni bahagya; waring isang buslo ang ulo, na, puno lamang samantalang nasa sa tubig."
El Filibusterismo,10,KAYAMANA’T KARALITAAN,15,"Marahil ay hindi lamang dalawang pung taong indulgencia ang aming tinamong lahat, sampu ng aso’t pusa sa pakikingig sa kaniya."
El Filibusterismo,10,KAYAMANA’T KARALITAAN,16,Inihanda ni Simoun sa mesa ang dalawang takba na kaniyang dala: ang isa’y malakilaki kay sa isa.
El Filibusterismo,10,KAYAMANA’T KARALITAAN,17,—Marahil ay ayaw kayo ng hiyas na double ni batong huwad lamang....
El Filibusterismo,10,KAYAMANA’T KARALITAAN,18,Itong ali—ang sabing tinukoy si Sinang—ay brillante marahil ang ibig......
El Filibusterismo,10,KAYAMANA’T KARALITAAN,19,"—Iyan nga po, mga brillante at mga matatandang brillante, mga matatandang bato ¿ha po?"
El Filibusterismo,10,KAYAMANA’T KARALITAAN,20,"—ang sagot—ang magbabayad ay si tatay at ibig niya ang mga matatandang bagay, mga bato sa una."
El Filibusterismo,10,KAYAMANA’T KARALITAAN,21,Kung gaano ang pagbibiro ni Sinang sa kakaunti at masama pang latin na nalalaman ng kaniyang asawa ay gayon din naman ang sa maraming latin na nalalaman ng kaniyang ama.
El Filibusterismo,10,KAYAMANA’T KARALITAAN,22,"—Sadya nga pong mayroon akong mga hiyas na lubhang matatanda—ang sagot ni Simoun, na inalis ang balot ng munting takba."
El Filibusterismo,10,KAYAMANA’T KARALITAAN,23,"Yao’y isang sisidlang bakal, na patalim na kininis, at maraming palamuting bronse at mga matitibay at pasuotsuot na panara."
El Filibusterismo,10,KAYAMANA’T KARALITAAN,24,"—Mayroon po akong mga palamuti ng liig ni Cleopatra, mga sadyang tunay, na nakuha sa mga piramide, mga singsing ng mga senador at mga ginoong romano na nakuha sa mga labing muog ng Cartago......"
El Filibusterismo,10,KAYAMANA’T KARALITAAN,25,—Marahil ay ang mga ipinadala ni Anibal ng matapos ang labanan sa Cannes!
El Filibusterismo,10,KAYAMANA’T KARALITAAN,26,—ang sabing walang kapingaspingas na biro at lipus kagalakan ni kapitang Basilio.
El Filibusterismo,10,KAYAMANA’T KARALITAAN,27,"Ang mabuting ginoo natin, kahit na nakabasa ng maraming kasulatan na ukol sa matatandang kapanahunan ay hindi pa nakakikita ng mga bagay bagay ng panahong iyon dahil sa walang museo dito sa Pilipinas."
El Filibusterismo,10,KAYAMANA’T KARALITAAN,28,"—May dala rin ako ritong mga mahahalagang hikaw ng mga marangal na babaing romana, na nakuha sa bahay liwaliwan ni Antonio Mucio Papilino sa Pompeya......"
El Filibusterismo,10,KAYAMANA’T KARALITAAN,29,"Iginagalaw ni kapitang Basilio ang kaniyang ulo, na ang ibig sabihin ay alam niya ang mga bagay na tinuran, at ninanasa niyang mamalas kaagad ang mga mahahalagang labing iyon."
El Filibusterismo,10,KAYAMANA’T KARALITAAN,30,"Sinasasabi naman ng mga babai na ibig nilang magkaroon ng galing sa Roma, mga kuwintas na benenditahan ng Papa, mga reliquias na nakapagpapatawad ng mga kasalanan na hindi na kailangan ang mangumpisal, at ibp."
El Filibusterismo,10,KAYAMANA’T KARALITAAN,31,"Nang mabuksan ang takba at maalis ang bulak na panakip, ay namalas ang isang lalagyang puno ng singsing, agnos, guardapelo, krus, alpiler, at ibp."
El Filibusterismo,10,KAYAMANA’T KARALITAAN,32,"Ang mga brillante na sinaglitan ng mga batong may sarisaring kulay ay kumikinang at nagniningning sa gitna ng mga bulaklak na ginto na iba’t iba ang kulay, may gisuk na esmalte at may sarisaring liluk at kudya."
El Filibusterismo,10,KAYAMANA’T KARALITAAN,33,Inalis ni Simoun ang bandeha at lumitaw ang isa namang puno ng mga kahangahangang hiyas na dapat ng makasiya sa pitong binibini sa pitong araw na sa kinabukasan ay magdadaos ng sayawang parangal sa kanila.
El Filibusterismo,10,KAYAMANA’T KARALITAAN,34,"Ang ayos ay sarisari, mga pagkakasaglitsaglit ng mga bato at perlas na anyong mga hayuphayupang may mga kulay bughaw at balok na nanganganinag; ang mga sapiro, esmeralda, rubi, turkesa at brillante ay magkakasamang anyong tutubi, paroparo, panilan, pukyutan, uwang, ahas, himbubuli, isda, bulaklak, kumpol, at ibp."
El Filibusterismo,10,KAYAMANA’T KARALITAAN,35,"; may suklay na ayos diadema, gargantilya, pamuti ng liig na perlas at brillante, na dahil sa kagandahan ay hindi tuloy napigil ng ilang dalaga ang isang pahangang ¡inaku!"
El Filibusterismo,10,KAYAMANA’T KARALITAAN,36,"at si Sinang ay napapalatak, kaya’t kinurot siya ng kaniyang inang si kapitana Tika, sapagka’t baka lalong mahalan ng mag-aalahas ang dalang lako."
El Filibusterismo,10,KAYAMANA’T KARALITAAN,37,Patuloy pa rin si kapitana Tika sa pagkurot sa kaniyang anak kahit may asawa na.
El Filibusterismo,10,KAYAMANA’T KARALITAAN,38,"—Hayan po ang mga brillante sa una—ang sabi ng mag-aalahas—ang singsing na iyan ay inari ng princesa Lamballe, at ang mga hikaw na iyan ay sa isang dama ni Maria Antonieta."
El Filibusterismo,10,KAYAMANA’T KARALITAAN,39,"Ang itinuro’y ilang magagandang brillante na kasinglaki ng butil ng mais, ang kintab ay mangasulngasul, mainam, na waring taglay pa nila ang mga pangingilabot noong kapanahunang tinawag na “mga araw ng hilakbot”."
El Filibusterismo,10,KAYAMANA’T KARALITAAN,40,—¡Ang dalawang hikaw na iyan!
El Filibusterismo,10,KAYAMANA’T KARALITAAN,41,—ang sabi ni Sinang na ang tingin ay sa kaniyang ama at ipinagsasanggalang ng kamay ang bisig na nalalapit sa kaniyang ina.
El Filibusterismo,10,KAYAMANA’T KARALITAAN,42,"—Ibang lalo pang matatanda, ang mga romana—ang sagot ni kapitang Basilio na sabay ang kindat."
El Filibusterismo,10,KAYAMANA’T KARALITAAN,43,"Inisip ng mapanatang si Hermana Penchang na kung yaon ay ihandog niya sa Birhen sa Antipolo ay pahihinuhod at ipagkakaloob ang kaniyang pinakamasidhing hangad: malaon ng humihingi siya ng isang kababalaghang bunyag na kahalo ang kaniyang pangalan upang huwag nang mapawi ang pag-aalala sa kaniya dito sa lupa, at pagkatapos ay magtuloy sa langit, gaya ni kapitana Ines ng mga kura, kaya’t itinanong ang halaga."
El Filibusterismo,10,KAYAMANA’T KARALITAAN,44,Ngunit tatlong libong piso ang turing ni Simoun.
El Filibusterismo,10,KAYAMANA’T KARALITAAN,45,Ang matandang babai’y nag-angtanda.
El Filibusterismo,10,KAYAMANA’T KARALITAAN,46,¡Susmariosep!
El Filibusterismo,10,KAYAMANA’T KARALITAAN,47,Inilahad ni Simoun ang pangatlong lalagyan.
El Filibusterismo,10,KAYAMANA’T KARALITAAN,48,"Punongpuno ng mga orasan, kalupi, lalagyan ng posporo at mga agnos na pinamutihan ng brillante at maninipis na mumunting larawang esmalte."
El Filibusterismo,10,KAYAMANA’T KARALITAAN,49,"Ang pang-apat ay siyang kinalalagyan ng mga lagas na bato, at ng buksan, ay isang paghanga ang kumalat sa bahay; napapalatak na muli si Sinang, kaya’t kinurut siya ng kaniyang ina, ngunit ito man ay nakabitiw din ng isang pahangang ¡Sus Maria!"
El Filibusterismo,10,KAYAMANA’T KARALITAAN,50,Hanggang sa mga sandaling iyon ay wala pang nakakikita ng gayong karaming kayamanan.
El Filibusterismo,10,KAYAMANA’T KARALITAAN,51,"Sa kahong iyon, na may balot na tersiopelong bughaw na mangitimngitim, na may mga halang, ay namamakas ang katunayan ng mga pangarap sa “Isang libo’t isang gabi”, ang pangarap ng mga salamisim sa kasilanganan."
El Filibusterismo,10,KAYAMANA’T KARALITAAN,52,"Mga brillanteng kasinglaki ng mga garbansos na nagkikinangang nagtatapon ng kislap na nakasisira ng mata, na waring ibig matunaw o mag-alab sa kintab; mga esmeraldang galing sa Peru na iba’t iba ang tapyas at ayos, mga rubi sa India na mapupulang wari’y patak ng dugo, mga sapiro sa Ceylan na bughaw at puti, mga turkesa sa Persia, perlas na makinis ang balat, na ang ilan sa kanila’y namumulamula, mangabongabo at maitim."
El Filibusterismo,10,KAYAMANA’T KARALITAAN,53,"Ang makabubulay ng anyo ng sisidlang iyon, ay yaong nakakita lamang sa gabi ng isang kuwitis na nagsabog ng mumunting liwanag na sarisaring kulay, na ang kinang ay nakapagpapalamlam sa mga walang kupas na bituwin."
El Filibusterismo,10,KAYAMANA’T KARALITAAN,54,Waring upang lalong maragdagan ang pagkakamangha ng mga kaharap ay hinalohalo ni Simoun ang mga bato ng kaniyang kayumanggi at mahabang daliri at waring naiigaya sa taginting at sa pagdudulasang wari’y patak ng tubig na nagbibigay kulay sa bahag-hari.
El Filibusterismo,10,KAYAMANA’T KARALITAAN,55,Ang kinang ng gayong maraming tapyas at ang kahalagahan nila’y nakaaakit sa mga mata.
El Filibusterismo,10,KAYAMANA’T KARALITAAN,56,"Si kabisang Tales, na lumapit dahil sa nasang makakita naman, ay ipinikit ang mga mata at lumayong bigla na waring upang mapawi ang isang masamang akala."
El Filibusterismo,10,KAYAMANA’T KARALITAAN,57,Ang gayong karaming kayamanan ay waring nakaaalipusta sa kaniyang kahirapan; naparoon ang taong yaon na ipinagpaparangalan ang kaniyang malaking yaman sa kasunod pa naman ng araw na iiwan niya ang bahay na iyon dahil sa kakulangan sa salapi at sa sukat mag-ampon.
El Filibusterismo,10,KAYAMANA’T KARALITAAN,58,"—Narito ang dalawang brillanteng itim na pinakamalaki sa lahat—ang sabi ng mag-aalahas—mahirap tapyasan, sapagka’t napakatitigas...."
El Filibusterismo,10,KAYAMANA’T KARALITAAN,59,"Ang batong ito na may kaunting kulay pula ay brillante rin, gayon din naman itong berde na marami ang nag-aakalang esmeralda raw."
El Filibusterismo,10,KAYAMANA’T KARALITAAN,60,"Tinawaran na iyan sa akin, ng anim na libong piso, ng insik na si Quiroga upang ibigay sa isang señora na malakas ang kapit...."
El Filibusterismo,10,KAYAMANA’T KARALITAAN,61,"At hindi pa ang mga kulay dahon ang pinakamahal sa lahat, kungdi itong mga bughaw."
El Filibusterismo,10,KAYAMANA’T KARALITAAN,62,"At ibinukod ang tatlong bato na hindi naman lubhang malalaki ngunit lubhang makakapal at mabuti ang pagkakatapyas, na may kaunting kulay bughaw."
El Filibusterismo,10,KAYAMANA’T KARALITAAN,63,—Kahit na mumunti iyan kay sa mga kulay dahon—ang patuloy—ay ibayo ang halaga.
El Filibusterismo,10,KAYAMANA’T KARALITAAN,64,"Tingnan ninyo ito na pinakamaliit sa lahat, na ang timbang ay hindi hihigit sa dalawang kilatis, nabili ko ng dalawang pung libong piso at ngayo’y hindi ko maibibigay ng kulang sa tatlong pung libo."
El Filibusterismo,10,KAYAMANA’T KARALITAAN,65,Upang mabili ko lamang iyan ay linakbay ko pang sadya.
El Filibusterismo,10,KAYAMANA’T KARALITAAN,66,Itong isa na nakuha sa mina sa Golconda ay tatlong kilatis at kalahati ang timbang at ang halaga’y higit sa anim na pung libo.
El Filibusterismo,10,KAYAMANA’T KARALITAAN,67,"Tinatawaran sa akin iyan ng labing dalawang libong libras esterlinas nang Virrey sa India, sa pamag-itan ng isang sulat na tinanggap ko kamakalawa."
El Filibusterismo,10,KAYAMANA’T KARALITAAN,68,"Sa harap ng gayong karaming kayamanan na naipon sa kamay ng taong iyon, na palagay na palagay kung mangusap, ay nagdaramdam ng wari’y paggalang na may halong sindak ang mga naroroon...."
El Filibusterismo,10,KAYAMANA’T KARALITAAN,69,"Makailang pumalatak si Sinang at hindi siya kinurot ng kaniyang ina, sapagka’t natutubigan marahil o kaya’y sa dahilang inaakala niya na ang isang mag-aalahas na kagaya ni Simoun ay hindi magnanasang magtubo ng limang piso pa, humigit kumulang, dahil sa isang bulalas na hindi napigil."
El Filibusterismo,10,KAYAMANA’T KARALITAAN,70,"Ang lahat ay nakatingin sa mga bato, walang nagpapamalas ng nasang humipo, nangatatakot."
El Filibusterismo,10,KAYAMANA’T KARALITAAN,71,Natitigilan sila dahil sa pagkakamangha.
El Filibusterismo,10,KAYAMANA’T KARALITAAN,72,"Si kabisang Tales ay sa kaparangan nakatanaw at iniisip na ang isa lamang sa mga brillanteng iyon, ang pinakamunti marahil, ay sukat ng maitubos sa kaniyang anak, huwag maiwan ang bahay at marahil ay maipagpagawa ng ibang bukid...."
El Filibusterismo,10,KAYAMANA’T KARALITAAN,73,¡Dios!
El Filibusterismo,10,KAYAMANA’T KARALITAAN,74,"¡diyata’t ang isa lamang sa mga batong iyon ay mahalaga pa kay sa tahanan ng isang tao, sa ikaliligtas sa panganib ng isang dalaga, sa kapayapaan ng isang matanda sa kaniyang mga huling araw!"
El Filibusterismo,10,KAYAMANA’T KARALITAAN,75,At dahil sa waring nahuhulaan ni Simoun ang kaniyang iniisip ay sinabi sa mga kaharap na magkakaanak na:
El Filibusterismo,10,KAYAMANA’T KARALITAAN,76,"—At tingnan ninyo, tingnan ninyo; dahil lamang sa isa sa mga maliliit na batong bughaw na ito, na waring walang kamalaymalay at di makasasama sa kangino man, malinis na waring buhanging natanggal sa langit, sa isa lamang nito na ihandog sa ukol na panahon ay nagawa ng isang tao ang ipatapon ang kaniyang kagalit, isang magulang na may inaampong mga kaanak, na wari’y nanggulo sa bayan.... at dahil sa isang munting bato pang gaya nito, mapulang wari’y dugo ng puso, gaya nang nasang paghihiganti at kumikislap na gaya ng luha ng mga ulila ay binigyang laya, ang tao’y nakauwi sa kaniyang tahanan, napagbalikan ng ama ang kaniyang mga anak, ng asawa ang kaniyang kabiyak ng puso, at marahil ay nailigtas ang isang buong mag-aanak sa isang maralitang sasapitin."
El Filibusterismo,10,KAYAMANA’T KARALITAAN,77,At samantalang tinatapiktapik ang sisidlan:
El Filibusterismo,10,KAYAMANA’T KARALITAAN,78,"—Mayroon ako dito, gaya ng nasa tataguan ng mga manggagamot—ang patuloy sa wikang tagalog na hindi tumpak—ang buhay at ang kamatayan, ang lason at lunas, at sa isang dakot na ito ay magagawa ko ang lunurin sa luha ang lahat ng tao dito sa Pilipinas!"
El Filibusterismo,10,KAYAMANA’T KARALITAAN,79,Ang lahat ay sindak na napatingin sa kaniya sa pagka’t nababatid nilang tunay ang sinasabi.
El Filibusterismo,10,KAYAMANA’T KARALITAAN,80,Sa boses ni Simoun ay napupuna ang isang kakaibang tingig at matalas na tingin ang wari’y namumulas sa kaniyang salaming bughaw sa mata.
El Filibusterismo,10,KAYAMANA’T KARALITAAN,81,"Waring upang maputol ang pagkakamangha ng mga taong iyon sa pagkamalas sa mga batong nakita, ay itinaas ni Simoun ang bandeha at inilantad ang ilalim na pinagtataguan ng sancta sanctorum."
El Filibusterismo,10,KAYAMANA’T KARALITAAN,82,"Mga sisidlang balat sa Rusia, na hiwahiwalay dahil sa mga halang na bulak ang siyang pumupuno sa kailalimang ang balot ay tersiopelong mangabongabo ang kulay."
El Filibusterismo,10,KAYAMANA’T KARALITAAN,83,Lahat ay nag-aantay na makakikita ng mga kahangahanga.
El Filibusterismo,10,KAYAMANA’T KARALITAAN,84,"Inaantay ng asawa ni Sinang na makakita ng mga karbungko, mga batong nag-aapoy at kumikinang sa gitna ng kadiliman."
El Filibusterismo,10,KAYAMANA’T KARALITAAN,85,"Si kapitang Basilio ay nasa pinto ng kabantugan; makakikita ng bagay na may katuturan, bagay na katunayan, ang katawan ng kaniyang mga laging pinangarap."
El Filibusterismo,10,KAYAMANA’T KARALITAAN,86,"—Ang pamuting ito sa liig ay kay Cleopatra—ang sabi ni Simoun at maingat na kinuha ang isang kahang lapad na ang ayos ay kalahating buwan—isang hiyas na hindi mahahalagahan, isang bagay na nararapat lamang ilagay sa mga museo, sa mga pamahalaang mayayaman lamang nauukol."
El Filibusterismo,10,KAYAMANA’T KARALITAAN,87,"Yaon ay isang wari’y kolyar na binubuo ng iba’t ibang palawit na ginto na mga ayos anitong uwang na kulay dahon at bughaw, at sa gitna’y may isang ulo ng buitre na gawa sa bato, na ang kilabot ay katangitangi, na napapagitna sa dalawang pakpak na nakabuka, sagisag at hiyas ng mga haring babai sa Ehipto."
El Filibusterismo,10,KAYAMANA’T KARALITAAN,88,"Nang makita ni Sinang ay ikinimbot ang ilong at ngumuwing paalipusta na wari’y bata, at si kapitang Basilio kahi’t na may malaking hilig sa mga lumang ari ay hindi nakapigil ng isang ¡aba!"
El Filibusterismo,10,KAYAMANA’T KARALITAAN,89,na anak ng hindi kasiyahang loob sa nakita.
El Filibusterismo,10,KAYAMANA’T KARALITAAN,90,"—Isang mainam na hiyas na naingatang mabuti, kaya’t mayroon nang dalawang libong taon ang tanda."
El Filibusterismo,10,KAYAMANA’T KARALITAAN,91,—¡Psh!
El Filibusterismo,10,KAYAMANA’T KARALITAAN,92,—ang sabing agad ni Sinang upang huwag mahulog sa tukso ang kaniyang ama at nang huwag bilhin.
El Filibusterismo,10,KAYAMANA’T KARALITAAN,93,—¡Hangal!
El Filibusterismo,10,KAYAMANA’T KARALITAAN,94,"—ang sabi nito, na napigil ang kaniyang hindi kasiyahang loob na una—¿ano ang malay mo kung umalinsunod sa kolyar na iyan ang kalagayan ngayon ng kabuhayan ng tao?"
El Filibusterismo,10,KAYAMANA’T KARALITAAN,95,"Sa pamag-itan niyan marahil ay nasilo ni Cleopatra si Cesar, si Marco Antonio...... iyan ay nakadingig ng mga panunumpa sa pag-ibig ng dalawang lalong bantog na bayani sa kanilang kapanahunan, iyan ay nakadingig ng mga banggit na lubhang ayos at malinis na wikang latin, at maanong magamit mo na lamang siya!"
El Filibusterismo,10,KAYAMANA’T KARALITAAN,96,—¿Ako?
El Filibusterismo,10,KAYAMANA’T KARALITAAN,97,¡ni hindi ko pa iyan tawaran ng tatlong piso!
El Filibusterismo,10,KAYAMANA’T KARALITAAN,98,"—Kahi’t na dalawang pu’y matatawaran, gonga!"
El Filibusterismo,10,KAYAMANA’T KARALITAAN,99,—ang sabing animo’y may pagkabatid ni kapitana Tika—mabuti ang ginto at maaaring gawing ibang hiyas kung tunawin.
El Filibusterismo,10,KAYAMANA’T KARALITAAN,100,—Ito’y isang sinsing marahil ni Sila—ang patuloy ni Simoun.
El Filibusterismo,10,KAYAMANA’T KARALITAAN,101,"Ang sinsing ay maluwang, buo ang ginto at may isang tatak."
El Filibusterismo,10,KAYAMANA’T KARALITAAN,102,—Iyan marahil ang tatak na itinitik sa mga kahatulang pagpatay noong siya ang nag-uutos—ang sabing namumutla sa pagkatigagal ni kapitang Basilio.
El Filibusterismo,10,KAYAMANA’T KARALITAAN,103,"At tinangkang siyasatin at hulaan ang ibig sabihin ng tatak, datapwa’y kahi’t nagpilit at pinihit-pihit ay wala siyang nabasa, sa dahilang hindi siya maalam ng paleografia."
El Filibusterismo,10,KAYAMANA’T KARALITAAN,104,—¡Napakalalaki ang daliri ni Sila!
El Filibusterismo,10,KAYAMANA’T KARALITAAN,105,"—ang sabi tuloy—masusuot na ang dalawang daliri ng sino man sa atin; sinasabi ko na nga, tayo’y pumapaurong."
El Filibusterismo,10,KAYAMANA’T KARALITAAN,106,—Mayroon pa akong mga ibang hiyas dito....
El Filibusterismo,10,KAYAMANA’T KARALITAAN,107,—¡Kung lahat ay kaayos niyan ay salamat!
El Filibusterismo,10,KAYAMANA’T KARALITAAN,108,—ang sagot ni Sinang—ibig ko na ang mga bago.
El Filibusterismo,10,KAYAMANA’T KARALITAAN,109,"Ang bawa’t isa’y pumili ng isang hiyas, may kumuha ng isang singsing, may isang orasan, may isang guardapelo."
El Filibusterismo,10,KAYAMANA’T KARALITAAN,110,"Ang binili ni kapitana Tika ay isang agnos na may kaputol ng bato na nadiinan ng ating Poong Jesucristo sa ikatlong pagkakadapa; si Sinang ay isang hikaw at si kapitang Basilio ay ang tali ng orasang pabili ng alperes, ang mga hikaw ng babai na pabili ng kura at iba pang bagay na panghandog: ang iba namang magkakaanak na taga Tiani ay bumili rin ng hanggang may ibibili upang huwag mahuli sa mga taga San Diego."
El Filibusterismo,10,KAYAMANA’T KARALITAAN,111,"Si Simoun ay namimili rin naman ng mga lumang hiyas, nakikipagpalitan, kaya’t dinala roon ng mga mapag-impok na ina ang mga hiyas na hindi na nila magamit."
El Filibusterismo,10,KAYAMANA’T KARALITAAN,112,"—¿At kayo, wala po ba kayong ipagbibili?"
El Filibusterismo,10,KAYAMANA’T KARALITAAN,113,"—ang tanong ni Simoun kay kabisang Tales, dahil sa nakitang minamalas nitong may taglay na inggit ang mga pagbibili at pagpapalitan."
El Filibusterismo,10,KAYAMANA’T KARALITAAN,114,Sinabi ni kabisang Tales na ang mga hiyas ng kaniyang anak ay naipagbili na at ang mga natitira ay mga walang halaga.
El Filibusterismo,10,KAYAMANA’T KARALITAAN,115,—At ang agnos ni Maria Clara?
El Filibusterismo,10,KAYAMANA’T KARALITAAN,116,—ang tanong ni Sinang.
El Filibusterismo,10,KAYAMANA’T KARALITAAN,117,—¡Siya nga pala!
El Filibusterismo,10,KAYAMANA’T KARALITAAN,118,"—ang bulalas ng lalaki, at biglang kuminang ang paningin."
El Filibusterismo,10,KAYAMANA’T KARALITAAN,119,—Yaon ay isang agnos na may brillante at esmeralda—ang sabi ni Sinang sa mag-aalahas—na ginamit ng aking kaibigan bago magmongha.
El Filibusterismo,10,KAYAMANA’T KARALITAAN,120,Si Simoun ay hindi sumagot; sinundan ng tingin si kabisang Tales.
El Filibusterismo,10,KAYAMANA’T KARALITAAN,121,Matapos mabuklat ang ilang kahon ay natagpuan ang hiyas.
El Filibusterismo,10,KAYAMANA’T KARALITAAN,122,"Pinagmasdang mabuti ni Simoun, makailang binuksan at isinara; yaon nga ang agnos na suot ni Maria Clara noong pista sa San Diego, na sa pagkahabag ay ibinigay sa isang ketongin."
El Filibusterismo,10,KAYAMANA’T KARALITAAN,123,—Ibig ko ang pagkakaayos—ang sabi ni Simoun—¿sa magkano po ninyo pagbibili?
El Filibusterismo,10,KAYAMANA’T KARALITAAN,124,"Kinamot ni kabisang Tales ang kaniyang ulo, na hindi maalaman kung ano ang gagawin, kinamot ang tainga at pagkatapos ay tumingin sa mga babai."
El Filibusterismo,10,KAYAMANA’T KARALITAAN,125,—Naiibigan ko ang agnos na iyan—ani Simoun—¿ibig baga ninyong ibigay sa isang daan...... limang daang piso?
El Filibusterismo,10,KAYAMANA’T KARALITAAN,126,¿Ibig ninyong ipagpalit ng iba?
El Filibusterismo,10,KAYAMANA’T KARALITAAN,127,Pumili kayo ng inyong ibig.
El Filibusterismo,10,KAYAMANA’T KARALITAAN,128,Si kabisang Tales ay walang imik at nakamulalang pinagmamasdan si Simoun na wari’y alinlangan sa kaniyang nadidingig.
El Filibusterismo,10,KAYAMANA’T KARALITAAN,129,—¿Limang daang piso?
El Filibusterismo,10,KAYAMANA’T KARALITAAN,130,—ang bulong.
El Filibusterismo,10,KAYAMANA’T KARALITAAN,131,—Limang daan—ang ulit ng mag-aalahas na nabago ang boses.
El Filibusterismo,10,KAYAMANA’T KARALITAAN,132,"Kinuha ni kabisang Tales ang agnos at pinihitpihit; malakas na tumitibok ang kaniyang palipisan, ang kaniyang mga kamay ay nanginginig."
El Filibusterismo,10,KAYAMANA’T KARALITAAN,133,¿Kung humingi pa kaya siya ng lalong malaki?
El Filibusterismo,10,KAYAMANA’T KARALITAAN,134,Makapagliligtas sa kanila ang agnos na iyon: ang pagkakataong iyon ay mainam at hindi na mangyayaring muli.
El Filibusterismo,10,KAYAMANA’T KARALITAAN,135,"Kinikindatan siya ng mga babai upang ipagbili na, tangi lamang si Penchang, na, sa pangangambang baka tubusin si Huli, ay nagwikang:"
El Filibusterismo,10,KAYAMANA’T KARALITAAN,136,"—Kung ako’y pakakaingatan ko iyang wari relikias.... ang mga nakakita kay Maria Clara sa kombento ay nagsasabing namalas nilang payat na payat na hindi halos makapagsalita, kaya’t inaakalang mamamatay na banal...."
El Filibusterismo,10,KAYAMANA’T KARALITAAN,137,"Pinupuri siya ni P. Salvi, sapagka’t siya niyang pinagkukumpisalan."
El Filibusterismo,10,KAYAMANA’T KARALITAAN,138,Baka dahil doon kung kaya hindi iyan ipinagbili ni Huli at pinili pa ang masangla siya.
El Filibusterismo,10,KAYAMANA’T KARALITAAN,139,Ang pahiwatig na ito’y nagkakabuluhan.
El Filibusterismo,10,KAYAMANA’T KARALITAAN,140,Nakapigil kay kabisang Tales ang pagkaalaala sa kaniyang anak.
El Filibusterismo,10,KAYAMANA’T KARALITAAN,141,—Kung ipahihintulot ninyo—anya—ay tutungo ako sa bayan at isasanguni ko sa aking anak; babalik ako rito bago magtakipsilim.
El Filibusterismo,10,KAYAMANA’T KARALITAAN,142,Nagkasundo sila sa gayon at pumanaw noon din si kabisang Tales.
El Filibusterismo,10,KAYAMANA’T KARALITAAN,143,"Ngunit ng nasa labas na siya ng nayon, ay natanaw niya sa malayo, sa isang landas na tungo sa kagubatan, ang prayleng nangangasiwa sa hacienda at ang isang taong nakikilala niyang siyang kumuha ng kaniyang mga lupain."
El Filibusterismo,10,KAYAMANA’T KARALITAAN,144,"Ang pagkagalit ng isang lalaking nakakita sa kaniyang asawa na pumapasok na kaakbay ng ibang lalaki sa isang silid na lihim ay hindi papantay sa sulak ng galit ni kabisang Tales sa pagkakakita sa dalawang iyon na patungo sa kaniyang bukid, sa mga bukid na kaniyang ginawa at inasahan niyang maipamamana sa kaniyang mga anak."
El Filibusterismo,10,KAYAMANA’T KARALITAAN,145,"Sa wari niya’y nagtatawanan ang dalawang iyon, linilibak siya sapagka’t walang magawa; pumasok sa kaniyang alaala ang sinabing: hindi ko ibibigay kung di sa dumilig muna sa kanila ng sariling dugo at ilibing sa kanila ang asawa’t anak......"
El Filibusterismo,10,KAYAMANA’T KARALITAAN,146,"Napahinto, hinaplos ng kamay ang noo at ipinikit ang mga mata; ng muling dumilat ay nakitang namimilipit sa katatawa ang taong iyon at sapol ng prayle ang kaniyang tiyan upang huwag pumutok sa katuwaan; at pagkatapos ay nakita niyang itinuro ang kaniyang bahay at muling nangagtawanan."
El Filibusterismo,10,KAYAMANA’T KARALITAAN,147,"Naghumugong ang kaniyang tainga, naramdaman sa kaniyang palipisan ang higing ng isang hagkis, ang ulap na pula’y sumipot na muli sa kaniyang paningin, muling namalas ang katawang bangkay ng kaniyang asawa’t anak at sa kapiling ay ang lalaki at ang prayleng nagtatawa na pigil ang tiyan."
El Filibusterismo,10,KAYAMANA’T KARALITAAN,148,"Nalimot niya ang lahat, lumiko at tinungo ang landas na linalakaran ng lalaki at ng prayle; yaon ang landas na tungo sa kanyang bukirin."
El Filibusterismo,10,KAYAMANA’T KARALITAAN,149,Si Simoun ay nabagot sa kaaantay kay kabisang Tales sa gabing yaon.
El Filibusterismo,10,KAYAMANA’T KARALITAAN,150,"Nang magising siya kinabukasan ay napunang ang supot na katad na kinalalagyan ng kaniyang rebolber ay walang laman; ng kaniyang buksan ay nakakuha sa loob ng kaputol na papel na kinababalutan ng agnos na may esmeralda at brillante at kinasusulatan ng ilang salita sa wikang tagalog, na ang sinasabi ay:"
El Filibusterismo,10,KAYAMANA’T KARALITAAN,151,"“Ipagpatawad po ninyo, ginoo, na kahi’t nasa aking bahay ay pagnakawan ko kayo: ngunit ang pangangailangan ay siyang nag-udyok sa akin, ngunit iniwan kong kapalit ng inyong rebolber ang agnos na pinakananasa ninyo."
El Filibusterismo,10,KAYAMANA’T KARALITAAN,152,Kailangan ko ang armas at makikisama na ako sa mga tulisan.
El Filibusterismo,10,KAYAMANA’T KARALITAAN,153,"Ipinagbibilin ko sa inyong huwag ipagpatuloy ang inyong lakad, sapagka’t sa dahilang wala na kayo sa aking bahay, ay hihingan namin kayo ng malaking tubos pag kayo’y aming nabihag."
El Filibusterismo,10,KAYAMANA’T KARALITAAN,154,Telesforo Juan de Dios.
El Filibusterismo,10,KAYAMANA’T KARALITAAN,155,”
El Filibusterismo,10,KAYAMANA’T KARALITAAN,156,—Natagpuan ko rin ang taong aking hinahanap!
El Filibusterismo,10,KAYAMANA’T KARALITAAN,157,—ang bulong ni Simoun—may kaunti pang balisa...... ngunit lalong mabuti; matututong gumanap sa kaniyang ipangako.
El Filibusterismo,10,KAYAMANA’T KARALITAAN,158,"Ipinag-utos sa kaniyang alila na tumungo sa Los Baños na sa dagat-dagatan magdaan at dalhin ang malaking maleta, at doon siya hintin, sapagka’t siya’y sa katihan magdaraan na dala ang kinalalagyan ng mga batong mahahalaga."
El Filibusterismo,10,KAYAMANA’T KARALITAAN,159,Ang pagdating ng apat na guardia sibil ay lalo pang nakagalak sa kaniya.
El Filibusterismo,10,KAYAMANA’T KARALITAAN,160,"Huhulihin ng mga sibil si kabisang Tales, ngunit sa dahilang hindi nakita ay si tandang Selo ang dinala."
El Filibusterismo,10,KAYAMANA’T KARALITAAN,161,Tatlong patayan ang nangyari sa gabing yaon.
El Filibusterismo,10,KAYAMANA’T KARALITAAN,162,"Ang praileng nangangasiwa sa hacienda at ang bagong hahawak ng mga lupa ni kabisang Tales ay nangatagpuang patay, basag ang ulo at may sumpal na lupa sa bibig, sa kalapit ng mga lupain nito; sa bayan, ang asawa ng bagong mag-aari ng lupa na pinatay ay patay ding inumaga, na puno rin ng lupa ang bibig at pugot ang ulo, at may kasiping na papel na kinasusulatan ng pangalang “Tales” na ang ipinanulat ay daliring isinawsaw sa dugo......"
El Filibusterismo,10,KAYAMANA’T KARALITAAN,163,"¡Manahimik kayo, mapapayapang taga Kalamba!"
El Filibusterismo,10,KAYAMANA’T KARALITAAN,164,"Sa inyo’y walang nagngangalang Tales, sino man sa inyo’y hindi siyang nakagawa ng kasalanan!"
El Filibusterismo,10,KAYAMANA’T KARALITAAN,165,"Ang mga pangalan ninyo’y Luis Habaña, Matias Belarmino, Nicasio Eigasani, Cayetano de Jesus, Mateo Elejorde, Leandro Lopez, Antonino Lopez, Silvestre Ubaldo, Manuel Hidalgo, Paciano Mercado, kayo ang buong bayan ng Kalamba!...."
El Filibusterismo,10,KAYAMANA’T KARALITAAN,166,"Lininis ninyo ang inyong mga bukirin, ginugol ninyo sa kanila ang buong buhay, ang mga naimpok, mga pagpupuyat, pagtitipid, at pagkatapos ay inalis sa inyo, pinalayas kayo sa inyong mga tahanan at ipinagbawal sa iba ang kayo’y patuluyin!"
El Filibusterismo,10,KAYAMANA’T KARALITAAN,167,Hindi pa nasiyahang lapastanganin ang katwiran kundi niyurakan sampu ng mga banal na kaugalian ng inyong bayan....
El Filibusterismo,10,KAYAMANA’T KARALITAAN,168,"Naglingkod kayo sa Hari at sa España, at ng sa ngalan nila’y pinag-usig ninyo ang katwiran ay itinapon kayo’t sukat ng hindi man linitis, inilayo kayo sa yakap ng inyong mga asawa at sa halik ng inyong mga anak...."
El Filibusterismo,10,KAYAMANA’T KARALITAAN,169,"Mahigit sa tiniis ni kabisang Tales ang tiniis ng bawa’t isa sa inyo, ngunit gayon man, ay wala sa inyong naghiganti."
El Filibusterismo,10,KAYAMANA’T KARALITAAN,170,"Hindi nagkaroon sa inyo ng lingap ni kaawaan at pinag-usig pa kayo hangang sa kabilang buhay, gaya ng ginawa kay Mariano Herbosa...."
El Filibusterismo,10,KAYAMANA’T KARALITAAN,171,¡Lumuha kayo o matuwa sa mga liblib na pulong iyong linalagalag nang hindi alam ang sasapitin!
El Filibusterismo,10,KAYAMANA’T KARALITAAN,172,"Kinakandili kayo ng España, at sa malao’t madali ay tatamuhin ninyo ang katwiran!"
El Filibusterismo,11,LOS BAÑOS,1,Ang kataastaasang Capitan General at Namamahala sa Kapuluang Pilipinas ay nangaso sa Busobuso.
El Filibusterismo,11,LOS BAÑOS,2,"—Ngunit sa dahilang may abay na isang bandang musika (sapagka’t ang gayong kataas na tao’y hindi dapat mahuli sa mga santong kahoy na ipinagpuprusisyon) at sa dahilang ang pagkagiliw sa di matingkalang arte ni Sta. Cecilia ay hindi pa laganap sa ugali ng mga usa at baboy-damo sa Busobuso, ay walang nahuli ni isa mang daga, ni ibon, ang General na may kasamang banda ng musika at kaalakbay na mga prayle, mga militar at mga kawani."
El Filibusterismo,11,LOS BAÑOS,3,"Inakala na ng mga may kapangyarihan sa lalawigan na may maaalis sa katungkulan o kaya’y malilipat; ang mga kaawaawang kapitan sa bayan at mga kabisa ay hindi nangapalagay at hindi nangakatulog sa panganganib na baka masumpungan ng maalindog na mangangaso ang ipalit sila sa mga hayop sa gubat na hindi marunong umalinsunod, gaya ng ginawa na ng isang alcalde noong mga nakaraang araw na napapasan sa tao, sa boo niyang paglalakbay, sapagka’t walang mabait na kabayong maaasahang hindi magbabagsak sa kaniya."
El Filibusterismo,11,LOS BAÑOS,4,"May isang balitang kumalat na mayroon ngang gagawin ang General sapagka’t ang gayong pangyayari umano ay isang simula ng paghihimagsik na dapat sugpuin kaagad: na ang isang pangangasong walang nahuli ay makasisira sa karangalan ng mga kastila, at ibp."
El Filibusterismo,11,LOS BAÑOS,5,", at humanap na tuloy ng isang kahabaghabag na taong papagsusuutin ng suot usa, nang sinabi ng General (sa udyok ng isang pagkahabag na hindi natimbangan ni Ben Zayb ng salitang pagpuri) at pinawi ang lahat ng pangamba at sinabi, na siya’y naaawang pumatay ng mga hayop sa gubat."
El Filibusterismo,11,LOS BAÑOS,6,"Kung ipagtatapat ay sadya ngang nasisiyahang loob ang General at inter se ay nalulugod siya, sa dahilang ¿ano ang nangyari sana kung hindi tumama sa pagtudla sa isang usa na hindi nakababatid ng ugaling dapat ipamalas sa mga gayong kaparaanan?"
El Filibusterismo,11,LOS BAÑOS,7,¿saan masasadlak ang karangalan ng nakapamamahala?
El Filibusterismo,11,LOS BAÑOS,8,¿Bakit?
El Filibusterismo,11,LOS BAÑOS,9,¡Isa ba namang Kapitang General ang hindi tumama na wari’y bagong nangangaso!
El Filibusterismo,11,LOS BAÑOS,10,"¿ano na lamang ang wiwikain ng mga indio, na, sa kanila’y mayroon din namang ilang mabuting manudla?"
El Filibusterismo,11,LOS BAÑOS,11,Malalagay sa kapanganiban ang tibay ng Inang bayan.....
El Filibusterismo,11,LOS BAÑOS,12,"Yaon ang sanhi kung kaya’t ipinag-utos ng General (na nakatawa ng tawang koneho at anyong mangangasong masama ang loob) ang pagbabalik kaagad sa Los Baños, at ipinaghambog, sa paglalakbay, ang kaniyang kagitingan sa pangangaso sa ganito o gayong pangasuhan sa España at waring ibig ipahiwatig ang pag-alipusta niya sa mga pangangaso sa Pilipinas, bagay na inaakalang kapit sabihin dahil sa nangyari; ¡pse!"
El Filibusterismo,11,LOS BAÑOS,13,"ang paliligo sa Dampalit (daang paliit), ang sigangan sa baybay ng lawa, ang paglalaro ng tresillo sa palasyo at pagdayo sa gayon o ganitong kalapit na binubulusan ng tubig o sa lawang kinalalagyan ng mga buwaya ay mainam pa kay sa roon at hindi pa mapapara ang karangalan ng inang bayan."
El Filibusterismo,11,LOS BAÑOS,14,Nang isa sa mga huling araw ng buwan ng Disiembre ay nakikipaglaro ng tresillo ang Kapitang General samantalang inaantay ang oras ng pananghalian.
El Filibusterismo,11,LOS BAÑOS,15,"Katatapos pa lamang niyang maligo at pag-inom ng isang basong sabaw at laman ng buko, kaya’t ang mga sandaling iyon ay siyang bagay samantalahin sa paghingi ng mga biyaya."
El Filibusterismo,11,LOS BAÑOS,16,"Isa pang nakapagpaparagdag sa kaniyang katuwaan ang pananalo, sapagka’t pinupunyagi ni P. Irene at ni P. Sibyla, na kaniyang mga kalaban, ang lihim na pagpapatalo, samantala namang si P. Camorra ay nagngingitngit sapagka’t, sa dahilang kararating pa lamang ng umagang yaon ay hindi niya batid ang mga pakanang iyon."
El Filibusterismo,11,LOS BAÑOS,17,"Sa dahilang pinagbubuti ng paring-artillero ang pakikipaglaro ay namumula at napapakagat labi sa tuwing malilibang o mamamali sa pagsugal si P. Sibyla, ngunit hindi siya makaimik dahil sa malaki niyang pag-aalang-alang sa dominiko; datapwa’y si P. Irene naman ang pinagbubuntuhan niya ng galit, sapagka’t ipinagpapalagay niyang mapagpusa at sa gitna ng kaniyang kabuhalhalan ay di binibigyang halaga."
El Filibusterismo,11,LOS BAÑOS,18,"Hindi man lamang siya tinitingnan ni P. Sibyla: binabayaan siyang mag-uungol; datapwa si P. Irene, sa dahilang mapakumbaba, ay humihinging tawad samantalang hinihimas ang tungkil ng mahaba niyang ilong."
El Filibusterismo,11,LOS BAÑOS,19,"Ang General naman ay nagagalak at sinasamantala ang pagkakamali ng kaniyang mga kalaban, sapagka’t siya’y mabuting magparaan, alinsunod sa payo ng kanonigo."
El Filibusterismo,11,LOS BAÑOS,20,"Hindi batid ni P. Camorra na ang pinaglalaruan sa ibabaw ng dulang na iyon ay ang ikalulusog ng pag-iisip ng mga pilipino, ang pagtuturo ng wikang kastila, sapagka’t kung nalalaman niya, ay malugod sanang nakihalo sa laruan."
El Filibusterismo,11,LOS BAÑOS,21,"Sa mga durungawang bukas ay pumapasok ang malinis at masarap na simoy at natatanaw ang lawa, na ang kaniyang tubig ay mahinhing bumubulong, sa paanan ng bahay, na waring nangangayumpapa."
El Filibusterismo,11,LOS BAÑOS,22,"Sa dakong kanan, sa malayo, ay natatanaw ang pulong Talim na lubhang bughaw; sa gitna ng lawa at halos katapat lamang ay may isang pulong kulay dahon, ang pulo sa Kalamba, na walang tao at ang ayos ay waring kabiyak na buan; sa kaliwa, ang magandang pangpangin na nahihiyasan ng kakawayanan, isang bundok bundukang tanaw ang buong lawa, malalawak na bukirin, sa dako pa roon ay bubong na saga sa mga pagitan ng kulay na berdeng maitimitim ng mga dahon, pagkatapos ay ang bayang Kalamba at sa huling dakong abot ng tanaw ay waring bumababa ang langit sa tubig ng lawa na anyong dagat, na siyang sanhing tawagin siyang “dagat na tabang” ng mga taga roon."
El Filibusterismo,11,LOS BAÑOS,23,Sa isang dulo ng salas ay naroroon ang kalihim na nakaupo sa harap ng isang mesa na kinapapatungan ng ilang putol na papel.
El Filibusterismo,11,LOS BAÑOS,24,"Ang General ay masipag at hindi niya ibig ang mag-aksaya ng panahon, kaya’t tinatapos ang ilang gawain samantalang nag-aalkalde sa tresillo o samantalang namimigay ng baraha."
El Filibusterismo,11,LOS BAÑOS,25,Samantala namang naglalaruan ay naghihikab at nabubugnot ang kalihim.
El Filibusterismo,11,LOS BAÑOS,26,"Ang ginagawa sa umagang iyon ay ang pagpapalitpalit ng bayang dapat kalagyan ng mga kawani, mga pag-aalis sa katungkulan, pagpapatapon sa malayong lupa, pagbibigay ng biyaya at ibp."
El Filibusterismo,11,LOS BAÑOS,27,", ngunit hindi pa dumarating sa malaking usapang inaantay ng lahat, ang ukol sa kahilingan ng mga nag-aaral na pahintulutan silang makapagtayo ng isang Academia ng wikang kastila."
El Filibusterismo,11,LOS BAÑOS,28,"Ang isang kawaning may mataas na katungkulan, si don Custodio at isang prayleng nakatungo at waring may iniisip o may kabigatan ang loob (P."
El Filibusterismo,11,LOS BAÑOS,29,"Fernandez ang kaniyang pangalan) ay nangagtatalong marahan ang usapan, samantalang payao’t dito sila sa dalawang dulo ng salas."
El Filibusterismo,11,LOS BAÑOS,30,"Sa isang silid na kalapit ay nadidingig ang tunog ng mga bola ng billar, tawanan, halakhakan, ang boses ni Simoun; ito’y nakikipagbillar kay Ben Zayb."
El Filibusterismo,11,LOS BAÑOS,31,Si P. Camorra ay biglang nagtindig.
El Filibusterismo,11,LOS BAÑOS,32,"—¡Si Cristo na ang makisugal sa inyo, puñales!"
El Filibusterismo,11,LOS BAÑOS,33,"—ang pabulalas na sabing kasabay ang paghahagis ng mga barahang nalalabi sa kaniya, sa ulo ni P. Irene—¡puñales!"
El Filibusterismo,11,LOS BAÑOS,34,"ang taya ay sigurong siguro na, kundi man ang codillo, at natalo pa dahil sa tawag!"
El Filibusterismo,11,LOS BAÑOS,35,¡Puñales!
El Filibusterismo,11,LOS BAÑOS,36,si Cristo na ang makisugal!
El Filibusterismo,11,LOS BAÑOS,37,"At galit na galit na isinasalaysay sa lahat ng naroroon ang pangyayari, lalong lalo na sa tatlong naglalakad, na waring siyang ibig niyang pahatulin."
El Filibusterismo,11,LOS BAÑOS,38,"Sumusugal ang General, siya ay laban, may tiklop na si P. Irene: humatak siya sa espada at ¡puñales!"
El Filibusterismo,11,LOS BAÑOS,39,hindi pinasunod ng kamoteng si P. Irene ang kaniyang masamang baraha.
El Filibusterismo,11,LOS BAÑOS,40,¡Si Cristo na ang makilaro!
El Filibusterismo,11,LOS BAÑOS,41,Siya’y hindi naparoon doon upang magpatalo ng salapi at durugin ang kaniyang ulo sa walang kapararakan.
El Filibusterismo,11,LOS BAÑOS,42,—Ang akala marahil ng neneng ito—ang patuloy na namumula—ay kinikita ko ang salapi ng papalikwatlikwat lamang.
El Filibusterismo,11,LOS BAÑOS,43,¡Ngayon pa namang ang aking mga tao’y nangagsisitawad na!
El Filibusterismo,11,LOS BAÑOS,44,"At umuungol na tumungo sa kinalalagyan ng billar, na, hindi na pinakinggan ang mga hinging ipagpaumanhin ni P. Irene na nagtatangkang mangatwiran sa tulong ng paghaplos ng ilong."
El Filibusterismo,11,LOS BAÑOS,45,"—¿Ibig po ba ninyong umupo, P. Fernandez?"
El Filibusterismo,11,LOS BAÑOS,46,—ang tanong ni P. Sibyla.
El Filibusterismo,11,LOS BAÑOS,47,—Masamang manglalaro ako ng tresillo—ang sagot ng prayle.
El Filibusterismo,11,LOS BAÑOS,48,—Kung gayo’y paparituhin si Simoun—ang sabi ng General—¡eh!
El Filibusterismo,11,LOS BAÑOS,49,"Simoun, eh, mister!"
El Filibusterismo,11,LOS BAÑOS,50,¿ibig baga ninyong makilahok sa isang laro?
El Filibusterismo,11,LOS BAÑOS,51,—¿Ano ang ipasisiya tungkol sa mga “armas de salon”?
El Filibusterismo,11,LOS BAÑOS,52,—ang tanong ng kalihim na sinamantala ang pagkakahinto.
El Filibusterismo,11,LOS BAÑOS,53,Dumungaw si Simoun.
El Filibusterismo,11,LOS BAÑOS,54,"—¿Ibig baga ninyong maupo sa lagay ni P. Camorra, ginoong Simoun?"
El Filibusterismo,11,LOS BAÑOS,55,—ang tanong ni P. Irene—ang itataya ninyo’y brillante at hindi tantos.
El Filibusterismo,11,LOS BAÑOS,56,—Walang kailangan sa akin ang gayon—ang sagot ni Simoun na lumapit at ipinapagpag ang yeso na nasa kaniyang kamay—at kayo ¿ano ang inyong itataya?
El Filibusterismo,11,LOS BAÑOS,57,—¿Ano ba ang maitataya namin?
El Filibusterismo,11,LOS BAÑOS,58,"—ang tugon ni P. Sibyla—Ang General ay makatataya ng maibigang itaya, ngunit kami, mga pari, mga sacerdote......"
El Filibusterismo,11,LOS BAÑOS,59,—¡Bah!
El Filibusterismo,11,LOS BAÑOS,60,"—ang putol na pakutya ni Simoun—ang ibabayad ninyong dalawa ni P. Irene ay mga kaawanggawa, panalangin, kabaitan, ¿ano?"
El Filibusterismo,11,LOS BAÑOS,61,"—Batid ninyong ang mga kabaitang taglay ng isa’t isa—ang talad na walang halong biro ni P. Sibyla—ay hindi kagaya ng mga brillante na maaaring masalin sa iba’t ibang kamay, ipagbili na sa isa’t ipagbili pa nito.... yaon ay dala ng tao, mga bagay na hindi malalayo sa katawan......"
El Filibusterismo,11,LOS BAÑOS,62,"—Kung gayon ay papayag akong sa salita na lamang ninyo ako bayaran—ang pakling masaya ni Simoun—Kayo P. Sibyla sa bawa’t limang tantos na ibibigay ninyo sa akin ay sasabihin na lamang ninyo, sa halimbawa: lilimutin kong limang araw ang karalitaan, ang kababaang loob, ang pagkamasunurin.... kayo naman P. Irene: lilimutin ko ang kalinisang ugali, ang pagkamahabagin, at ibp."
El Filibusterismo,11,LOS BAÑOS,63,"Nakita na ninyo na napakaunting bagay, at ako, ang ibibigay ko’y ang aking mga brillante."
El Filibusterismo,11,LOS BAÑOS,64,"—¡Napakatanging tao itong si Simoun, kung ano ano ang iniisip!"
El Filibusterismo,11,LOS BAÑOS,65,—ang sabing tumatawa ni P. Irene.
El Filibusterismo,11,LOS BAÑOS,66,"—At ito,—ang patuloy ni Simoun na tinangki sa balikat ang General—ang ibabayad nito sa akin sa bawa’t limang tantos ay isang vale na katimbang ng limang araw na pagkakabilanggo, sa isang solo ay limang buwan, sa isang codillo ay isang utos na pagpapatapon, na walang nakatalang pangalan, sa isang bola.... ay isang utos sa guardia sibil na makabaril sa daan sa taong parurusahan, samantalang ipinaghahatiran, at ibp."
El Filibusterismo,11,LOS BAÑOS,67,Ang hamon ay napakatangi.
El Filibusterismo,11,LOS BAÑOS,68,Ang tatlong lalakadlakad ay nangagsilapit.
El Filibusterismo,11,LOS BAÑOS,69,"—Ngunit ginoong Simoun—ang tanong ng mataas na kawani—¿ano ang mahihita ninyo sa pananalo ng kabaitan sa bunganga, at mga buhay ng tao, mga pagpapatapon at mga pagpatay?"
El Filibusterismo,11,LOS BAÑOS,70,—¡Malaki!
El Filibusterismo,11,LOS BAÑOS,71,"Bagot na ako sa kadidingig ng mga usapang tungkol sa mga kabaitan at nasa kong maipong lahat, ang lahat ng nakakalat sa mundo, na nakapasok sa isang supot upang itapon sa dagat kahi’t na kailanganing pamataw ang lahat ng aking brillante."
El Filibusterismo,11,LOS BAÑOS,72,—¡Sumpong din iyan!
El Filibusterismo,11,LOS BAÑOS,73,—ang bulalas na tumatawa ni P. Irene—¿at ano naman ang gagawin ninyo sa mga pagpapatapon at pagpapapatay?
El Filibusterismo,11,LOS BAÑOS,74,—Upang linisin ang bayan at pawiin ang lahat ng masasamang budhi.
El Filibusterismo,11,LOS BAÑOS,75,—¡Ah!
El Filibusterismo,11,LOS BAÑOS,76,"hangga ngayo’y may galit pa kayo sa inyong mga tulisan, gayong mangyayaring hingan sana kayo ng lalong malaking tubos o kinuha sana ang lahat ng inyong alahas."
El Filibusterismo,11,LOS BAÑOS,77,¡Huwag naman kayong walang utang na loob!
El Filibusterismo,11,LOS BAÑOS,78,"Ipinamarali ni Simoun na siya’y hinarang ng mga tulisan, na pagkatapos siyang mapiging na isang araw, ay pinabayaan siyang magpatuloy ng lakad na walang hininging tubos kundi ang dalawa niyang rebolber na Smith at ang dalawang kahang punglo na kaniyang dala."
El Filibusterismo,11,LOS BAÑOS,79,Idinugtong pang ipinakukumusta raw sa kaniya ang Capitan General.
El Filibusterismo,11,LOS BAÑOS,80,"Dahil doon at sa dahilang ibinalita ni Simoun na ang mga tulisan ay maraming escopeta, baril at rebolber at sa gayong mga tao’y hindi maaaring makalaban ang nag-iisa kahi’t na may sandata, ay lalagda ng bagong utos ang Kapitang General na ukol sa mga “pistolas de salon” upang maiwasan na ang mga tulisan ay magkaroon ng armas."
El Filibusterismo,11,LOS BAÑOS,81,"—¡Huwag, huwag!"
El Filibusterismo,11,LOS BAÑOS,82,"—ang tutol ni Simoun—sa ganang akin, ang mga tulisan, ay siyang mga taong lalong may karangalan sa lupaing ito; sila ang tanging kumikita ng ikabubuhay sa mabuting kaparaanan......"
El Filibusterismo,11,LOS BAÑOS,83,"¿Inaakala ba ninyong kung ako’y nahulog sa mga kamay...... ninyo sa halimbawa, ay pakakawalan ba ninyo ako ng hindi kukunin ang kalahati man lamang ng aking mga hiyas?"
El Filibusterismo,11,LOS BAÑOS,84,Tututol sana si Dn.
El Filibusterismo,11,LOS BAÑOS,85,"Custodio; tunay ngang isang amerikanong mulato na walang pinag-aralan ang Simoun na iyon, na sinasamantala ang pakikipag-ibigan niya sa Capitan General upang alimurahin si P. Irene."
El Filibusterismo,11,LOS BAÑOS,86,Tunay nga kung sa bagay na kung si P. Irene ang nakadakip sa kaniya ay hindi siya nakawala ng dahil sa gayong kaliit na bagay.
El Filibusterismo,11,LOS BAÑOS,87,—Sa ang kasamaan ay wala sa pagkakaroon ng tulisan sa mga bundok at kaparangan—ang patuloy ni Simoun—ang kasamaan ay nasa sa mga tulisang bayan....
El Filibusterismo,11,LOS BAÑOS,88,—Na gaya ninyo—ang dugtong na tumatawa ng kanonigo.
El Filibusterismo,11,LOS BAÑOS,89,"—Oo, gaya ko, gaya natin, tayo’y mangagtapat; dito’y walang indio na nakadidingig sa atin,—ang dugtong ng mag-aalahas—ang kasamaan ay nasa pangyayaring tayong lahat ay hindi mga tulisang hayag: kung ito’y mangyari at manirahan na tayo sa gubat, sa araw na iyan, ay ligtas na ang bayan, sa araw na iya’y sisibol ang isang bagong kalipunan na siya na sa sarili ang mag-aayos.... at sa gayon ay matiwasay nang makapaglalaro ng tresillo ang Capitan General, na hindi siya kailangang linlangin ng kalihim...."
El Filibusterismo,11,LOS BAÑOS,90,Nang mga sandaling iyon ay naghihikab ang kalihim at nag-iinat na itinataas sa ulo ang mga kamay at iniunat sa ilalim ng mesa ang mga paa niyang nagkakapatong.
El Filibusterismo,11,LOS BAÑOS,91,Ang lahat ay nagtawanan ng siya’y makita.
El Filibusterismo,11,LOS BAÑOS,92,Pinutol ng General ang pag-uusap at matapos na bitiwan ang barahang kaniyang sinusuksok ay nagwikang:
El Filibusterismo,11,LOS BAÑOS,93,"—¡Siya, siya!"
El Filibusterismo,11,LOS BAÑOS,94,"Siya na ang biruan at sugalan; gumawa tayo, pagbutihin natin ang gawa, kalahating oras pa ang kulang sa oras ng pagkain."
El Filibusterismo,11,LOS BAÑOS,95,¿Marami bagang bagay ang kailangang lutasin?
El Filibusterismo,11,LOS BAÑOS,96,Lahat ay nakingig.
El Filibusterismo,11,LOS BAÑOS,97,"Sa araw na iyon pagtatalunan ang ukol sa pagtuturo ng wikang kastila, kaya’t may ilang araw nang naroroon si P. Sibyla at si P. Irene."
El Filibusterismo,11,LOS BAÑOS,98,"Batid nang ang una, sa dahilang siya’y Vice-Rector, ay laban sa panukala, at ang pangalawa ay kumakatig at kinakatigan naman ng condesa."
El Filibusterismo,11,LOS BAÑOS,99,"—¿Ano, ano?"
El Filibusterismo,11,LOS BAÑOS,100,—ang tanong na naiinip ng General.
El Filibusterismo,11,LOS BAÑOS,101,—Hang hunghol ha maha hama he halon—anang kalihim na tinimpi ang isang paghihikab.
El Filibusterismo,11,LOS BAÑOS,102,—¡Ipinagbabawal mula ngayon!
El Filibusterismo,11,LOS BAÑOS,103,"—Ipagpatawad po ninyo, aking General,—ang sabi ng mataas na kawani—Ipahintulot po sa akin ng inyong karangalan na sabihing sa alin mang bansa sa Sangsinukob ay hindi ipinagbabawal ang mga “armas de salon”."
El Filibusterismo,11,LOS BAÑOS,104,Ikinibit ng General ang kaniyang balikat.
El Filibusterismo,11,LOS BAÑOS,105,—Hindi tayo nakikigaya sa alin mang bansa sa mundo—ang matigas na sabi ng General.
El Filibusterismo,11,LOS BAÑOS,106,"Kailan ma’y nagkakatalo ang General at ang mataas na kawani, at sukat na ang isang pahiwatig nito upang ang una’y magmatigas sa kaniyang balak."
El Filibusterismo,11,LOS BAÑOS,107,Humanap ng ibang daan ang mataas na kawani.
El Filibusterismo,11,LOS BAÑOS,108,—Ang mga “armas de salon” ay sa mga daga at inahing manok lamang nakasasakit—ang wika—masasabi......
El Filibusterismo,11,LOS BAÑOS,109,—¿Na tayo’y mga inahing manok?
El Filibusterismo,11,LOS BAÑOS,110,—ang dugtong ng General na kinibit ang balikat—at ano sa akin?
El Filibusterismo,11,LOS BAÑOS,111,Ipinakilala ko nang hindi ako gayon.
El Filibusterismo,11,LOS BAÑOS,112,"—Ngunit may isang bagay—ang hiwatig ng kalihim—may apat na buwan lamang ngayon, nang ipinagbawal ang paggamit ng armas, na pinatibayan sa mga mangangalakal na taga ibang bayan, na ang mga armas de salon ay may pahintulot."
El Filibusterismo,11,LOS BAÑOS,113,Ikinunot ng general ang noo.
El Filibusterismo,11,LOS BAÑOS,114,—Datapwa’y may kagamutan ang bagay na iyan—ani Simoun.
El Filibusterismo,11,LOS BAÑOS,115,—¿Papaano?
El Filibusterismo,11,LOS BAÑOS,116,—Walang kaliwagan.
El Filibusterismo,11,LOS BAÑOS,117,"Halos lahat ng “armas de salon” ay may anim na milimetro ang laki ng punglo, tangi lamang kung may ibang laki na ipinagbibili."
El Filibusterismo,11,LOS BAÑOS,118,Pahintulutang ipagbili ang lahat ng mga walang anim na milimetro.
El Filibusterismo,11,LOS BAÑOS,119,"Pinuri ng lahat ang naisip ni Simoun, tangi ang mataas na kawaning ibinulong kay P. Fernandez na iyon ay hindi tuwid, ni hindi pamamahala."
El Filibusterismo,11,LOS BAÑOS,120,"—Ang guro sa Tiani,—ang patuloy ng kalihim samantalang binabasa ang ilang papel—humihinging bigyan siya ng lalong malaking bahay upang......"
El Filibusterismo,11,LOS BAÑOS,121,"—¿Ano pang malaking bahay, sa mayroon na siyang sariling isang kamalig?"
El Filibusterismo,11,LOS BAÑOS,122,—ang putol ni P. Camorra na nalimutan na ang tresillo at lumapit sa usapan.
El Filibusterismo,11,LOS BAÑOS,123,"—Sira daw ang bubungan—ang sagot ng kalihim—at sa dahilang bumili siya ng mga mapa at cuadro, sa sariling gugol, ay hindi mapabayaang ulani’t arawin......"
El Filibusterismo,11,LOS BAÑOS,124,"—Ngunit wala akong pakialam sa mga bagay na iyan—ang bulong ng General—sa Namamahala sa Pangasiwaan humingi, sa Pangulong Pulong lalawigan, sa Nuncio....."
El Filibusterismo,11,LOS BAÑOS,125,—Ang masasabi ko sa inyo—ang sabi ni P. Camorra—ang maestrillong iyan ay isang filibusterillo na masama ang loob; akalain ba ninyong ipinagsasabi ng ereheng iyan na ang inililibing daw ng mainam na paglilibing at ang hindi ay magkaisa din kung mabulok!
El Filibusterismo,11,LOS BAÑOS,126,"¡Balang araw ay pagkukukutusan ko iyan, eh!"
El Filibusterismo,11,LOS BAÑOS,127,At inianyong pasuntok ni P. Camorra ang kaniyang kamay.
El Filibusterismo,11,LOS BAÑOS,128,"—At sadya naman,—ang wika ni P. Sibyla na waring walang kinakausap kundi si P. Irene—na ang ibig mag-turo ay maaaring magturo kahi’t saang dako, sa walang bahay: si Socrates ay nagturo sa mga lansangang bayan, si Platon ay sa mga halamanan ng Akademo at si Cristo ay sa mga kabundukan at karagatan."
El Filibusterismo,11,LOS BAÑOS,129,—Marami akong karaingan ng maestrillong iyan—ang sabi ng General na nakipagsulyapan kay Simoun—inaakala kong ang lalong mabuti ay alisin siya.
El Filibusterismo,11,LOS BAÑOS,130,—¡Alisin!
El Filibusterismo,11,LOS BAÑOS,131,—ang ulit ng kalihim.
El Filibusterismo,11,LOS BAÑOS,132,"Ikinalungkot ng mataas na kawani ang kapalaran ng sawing taong iyon na humihingi ng abuloy at ang nakamit ay ang pagkaalis sa katungkulan, kaya’t tinangkang saklolohan."
El Filibusterismo,11,LOS BAÑOS,133,—Ang katotohanan ay—ang sabing may panganganib—na ang pag-aaral ay hindi naaarugang mabuti.....
El Filibusterismo,11,LOS BAÑOS,134,"—Nagtakda na ako ng maraming halaga na ipamimili ng mga kailangan—ang sabing mataas ng General, na waring ang ibig turan ay: ¡Gumawa na ako ng higit sa nararapat!"
El Filibusterismo,11,LOS BAÑOS,135,—Ngunit sa dahilang walang bahay na sadya ay nangasisira ang mga kasangkapang binibili....
El Filibusterismo,11,LOS BAÑOS,136,—Hindi magagawang sabaysabay na lahat—ang biglang putol ng General—Hindi mabuti iyang paghingi ng mga guro dito ng mabubuting bahay gayong ang mga guro sa España ay namamatay ng gutom.
El Filibusterismo,11,LOS BAÑOS,137,Kalabisan na iyang ibig pang humigit kay sa mga nasa Inang-bayan.
El Filibusterismo,11,LOS BAÑOS,138,—¡Filibusterismo!....
El Filibusterismo,11,LOS BAÑOS,139,—¡Una muna sa lahat ang Inang-bayan!
El Filibusterismo,11,LOS BAÑOS,140,¡una muna ang ating pagkakastila!
El Filibusterismo,11,LOS BAÑOS,141,"—ang dugtong ni Ben Zayb na ang mata’y kumikinang dahil sa busog ng pag-ibig sa tinubuang lupa, at namula ng kaunti dahil sa nakitang siya’y napag-isa."
El Filibusterismo,11,LOS BAÑOS,142,—Magmula ngayon—ang sabi ng General—ay alisin sa tungkol ang bawa’t dumaing.
El Filibusterismo,11,LOS BAÑOS,143,"—Kung ang munakala ko lamang ay tatanggapin—ang pasumalang sabi ni don Custodio, na waring kinakausap ang sarili."
El Filibusterismo,11,LOS BAÑOS,144,—¿Ukol sa mga bahay paaralan?
El Filibusterismo,11,LOS BAÑOS,145,"—Magaan, magagawa at walang gugol, na gaya ng lahat ng aking munakala, anak ng mahabang pagkamalas sa mga bagaybagay at pagkakilala sa lupaing ito."
El Filibusterismo,11,LOS BAÑOS,146,Ang mga bayan ay magkakaroon ng paaralan na hindi paggugugulan ng pamahalaan.
El Filibusterismo,11,LOS BAÑOS,147,—Batid na ang bagay na iyan—ang pakutyang sabi ng kalihim—ipag-utos sa mga bayang itayo sa tulong ng kanilang sariling gugol.
El Filibusterismo,11,LOS BAÑOS,148,Ang lahat ay nagtawanan.
El Filibusterismo,11,LOS BAÑOS,149,"—Hindi po, hindi po—ang sigaw ni Don Custodio na nangupinyo at namula—ang mga bahay ay nakatayo na at nag-aantay lamang na gamitin."
El Filibusterismo,11,LOS BAÑOS,150,"Mabuti sa katawan, walang kapintasan at maaliwalas......"
El Filibusterismo,11,LOS BAÑOS,151,Ang mga prayle ay may pangambang nagtinginan.
El Filibusterismo,11,LOS BAÑOS,152,¿Ipalalagay kaya ni Don Custodio na gawing paaralan ang mga simbahan at mga kombento o bahay-pari?
El Filibusterismo,11,LOS BAÑOS,153,—¡Tingnan natin!
El Filibusterismo,11,LOS BAÑOS,154,—anang General na ikinunot ang noo.
El Filibusterismo,11,LOS BAÑOS,155,"—Napakadali, aking General—ang tugon ni Don Custodio na umunat at ginamit ang malaking boses na kagamitan niya sa mga tanging pagpupulong—ang mga paaralan ay bukas lamang sa mga araw na iginagawa at ang mga sabungan ay sa mga araw lamang ng pista...."
El Filibusterismo,11,LOS BAÑOS,156,Gawing paaralan ang mga sabungan kahi’t sa loob man lamang ng sanglinggong araw.
El Filibusterismo,11,LOS BAÑOS,157,"—¡Bah, bah, bah!"
El Filibusterismo,11,LOS BAÑOS,158,—¡Pumuslit na rin!
El Filibusterismo,11,LOS BAÑOS,159,—Ngunit ¡kung ano ano ang naiisip ninyo Don Custodio!
El Filibusterismo,11,LOS BAÑOS,160,—¡Isang kahalakhalak na panukala!
El Filibusterismo,11,LOS BAÑOS,161,—¡Ang lahat ay nalulusutan nito!
El Filibusterismo,11,LOS BAÑOS,162,"—Ngunit mga ginoo—ang sigaw ni D. Custodio ng madingig ang gayong mga pabulalas—magpakatino nga tayo, ¿alin pa ang bahay na lalong agpang kay sa sabungan?"
El Filibusterismo,11,LOS BAÑOS,163,"Malalaki, mabubuti ang pagkakayari, at wala namang kapararakan sa loob ng sanglinggo."
El Filibusterismo,11,LOS BAÑOS,164,"At maging sa dako man ng maayos na ugali tingnan, ang aking panukala ay matatanggap; magiging isang panglinis at pagsisisi sa lingguhan ng sabungan."
El Filibusterismo,11,LOS BAÑOS,165,—Ngunit maminsanminsan ay may sabong sa buong sanglinggo—ang pahiwatig ni P. Camorra—at hindi dapat na yamang ang may pasabong ay nagbabayad sa Pamahalaan ay......
El Filibusterismo,11,LOS BAÑOS,166,"—¡Oh, siya...... sa mga araw na iyan ay huwag magpaaral!"
El Filibusterismo,11,LOS BAÑOS,167,"—¡Bah, bah!"
El Filibusterismo,11,LOS BAÑOS,168,—anang General—¡ang ganiyang kakilakilabot na bagay ay hindi mangyayari samantalang ako ang namamahala!
El Filibusterismo,11,LOS BAÑOS,169,¡Hindi magpapaaral dahil sa nagsasabong!
El Filibusterismo,11,LOS BAÑOS,170,"¡Bah, bah, bah!"
El Filibusterismo,11,LOS BAÑOS,171,¡magbibitiw na muna ako ng tungkol!
El Filibusterismo,11,LOS BAÑOS,172,At ang General ay lubha nga manding nasusulukasok.
El Filibusterismo,11,LOS BAÑOS,173,"—Ngunit aking General, mabuti na ang mawala sa ilang araw kay sa buwanang mawala."
El Filibusterismo,11,LOS BAÑOS,174,—¡Iyan ay laban sa mabuting ugali!
El Filibusterismo,11,LOS BAÑOS,175,—ang dugtong ni P. Irene na lalo pa manding bugnot kay sa General.
El Filibusterismo,11,LOS BAÑOS,176,"—Lalong laban sa mabuting ugali, ang pagkakaroon ng maiinam na bahay ang sugalan at ang paaralan ay wala......"
El Filibusterismo,11,LOS BAÑOS,177,Magpakatino tayo mga ginoo at huwag tayong paakay sa mga udyok ng kalooban.
El Filibusterismo,11,LOS BAÑOS,178,"Samantalang sa paggalang sa katauhan ay ibinabawal natin ang pagtatanim ng apian sa mga lupang ating nasasakop ay binabayaan naman natin ang paghitit, ang nangyayari’y binabaka natin ang masamang hilig at namumulubi tayo......"
El Filibusterismo,11,LOS BAÑOS,179,—Ngunit unawain ninyong iyan ay nagbibigay sa pamahalaan ng may apat na raa’t limang pung libong piso na walang anomang gawa—ang tugon ni P. Irene na lalo’t lalo pang kumakampi sa pamahalaan......
El Filibusterismo,11,LOS BAÑOS,180,"—Siya, siya na, mga ginoo—ang sabi ng General na pinutol ang pagtatalo—mayroon akong balak tungkol sa bagay na iyan at iniuukol ko ang aking pagninilay sa katalinuhang bayan."
El Filibusterismo,11,LOS BAÑOS,181,¿Mayroon pa bang bagay na pagpapasiyahan?
El Filibusterismo,11,LOS BAÑOS,182,Wari’y natatakot na tiningnan ng kalihim si P. Sibyla at si P. Irene.
El Filibusterismo,11,LOS BAÑOS,183,Ang pinakamalaki’y lalabas na.
El Filibusterismo,11,LOS BAÑOS,184,Ang dalawa’y humanda.
El Filibusterismo,11,LOS BAÑOS,185,—Ang kahilingan ng mga nag-aaral na humihinging pahintulot upang magbukas ng isang Akademia ng wikang kastila—ang sagot ng kalihim.
El Filibusterismo,11,LOS BAÑOS,186,"Napuna sa lahat ng nasa salas ang pagkagulo, at matapos silang makapagtinginan ay napatitig sa General upang makilala ang ipapasiya."
El Filibusterismo,11,LOS BAÑOS,187,May anim na buwan nang ang kahilingan ay nag-aantay doon ng isang kapasiyahan at naging isang wari’y casus belli na tuloy ng ilang lupon.
El Filibusterismo,11,LOS BAÑOS,188,Ang General ay nakatungo na waring upang huwag makilala ng iba ang kaniyang iniisip.
El Filibusterismo,11,LOS BAÑOS,189,Bumibigat ang anyo ng pananahimik at ang gayon ay nahalata ng General.
El Filibusterismo,11,LOS BAÑOS,190,—¿Ano ang pasiya ninyo?
El Filibusterismo,11,LOS BAÑOS,191,—ang tanong sa mataas na kawani.
El Filibusterismo,11,LOS BAÑOS,192,"—¡Ano pa ang ipasisiya ko, aking General!"
El Filibusterismo,11,LOS BAÑOS,193,—ang sagot ng tinanong na kinibit ang balikat at ngumiti ng ngiting malungkot—¡ano ang ipasisiya ko kundi ang kahilingan ay karapatdapat at ipinagtataka ko ang pagtatagal ng anim na buan upang ang bagay na iyan ay mapasiyahan!
El Filibusterismo,11,LOS BAÑOS,194,—Hindi’t may napapagitnang mga bagaybagay—ang malamig na tugon ni P. Sibyla na ipinikit ng kaunti ang mata.
El Filibusterismo,11,LOS BAÑOS,195,Muling ikinibit ng mataas na kawani ang kaniyang balikat na waring hindi niya batid kung ano ang mga bagaybagay na iyon.
El Filibusterismo,11,LOS BAÑOS,196,"—Bukod sa wala sa panahon ang ninanasa,—ang patuloy ng dominiko—bukod sa taglay niyang laban sa aming kapangyarihan...."
El Filibusterismo,11,LOS BAÑOS,197,Hindi nakapagpatuloy si P. Sibyla at tumingin kay Simoun.
El Filibusterismo,11,LOS BAÑOS,198,—Ang kahilingan ay may anyong dapat paghinalaan—ang dugtong nitong huli na nakipagtinginan sa dominiko.
El Filibusterismo,11,LOS BAÑOS,199,Ito’y makalawang pumikit.
El Filibusterismo,11,LOS BAÑOS,200,"Nang makita ni P. Irene ang gayon ay nahalata na niyang ang kaniyang usap ay talo na halos, sapagka’t kalaban si Simoun."
El Filibusterismo,11,LOS BAÑOS,201,"—Isang payapang pagtakwil, isang pagbabangong ang gamit ay papel sellado—ang dugtong ni P. Sibyla."
El Filibusterismo,11,LOS BAÑOS,202,"—¿Pagbabangon, pagtakwil?"
El Filibusterismo,11,LOS BAÑOS,203,"—ang tanong ng mataas na kawani, na napatingin sa madla na waring walang maantiluhan."
El Filibusterismo,11,LOS BAÑOS,204,"—Ang nangungulo ay mga binatang kilala sa pagkamakabago at napakalalo, kundi panganganlan ng iba pang tawag;—ang dugtong ng kalihim sa dominiko—ang isa sa kanila’y nagngangalang Isagani, ulong hindi matino...... pamangkin ng isang klerigo......"
El Filibusterismo,11,LOS BAÑOS,205,—Isa sa mga tinuturuan ko—ang sagot ni P. Fernandez—at ako’y nasisiyahang loob sa kaniya.
El Filibusterismo,11,LOS BAÑOS,206,"—¡Puñales, kasiyahan din naman iyan!"
El Filibusterismo,11,LOS BAÑOS,207,"—ang bulalas ni P. Camorra,—kamunti na kaming magpanuntukan sa bapor: sapagka’t napakawalang galang, ¡itinulak ko siya at itinulak naman ako!"
El Filibusterismo,11,LOS BAÑOS,208,—Mayroon pang isang nagngangalang Makaragui o Makarai......
El Filibusterismo,11,LOS BAÑOS,209,"—Makaraig,—ang sagot ni P. Irene na nakihalo sa usapan,—isang binatang napakagandang ugali at nakalulugod."
El Filibusterismo,11,LOS BAÑOS,210,At ibinulong sa General.
El Filibusterismo,11,LOS BAÑOS,211,"—Iyan ang sinabi ko sa inyo, mayaman...... iniluluhog ng condesa na inyong tingnan."
El Filibusterismo,11,LOS BAÑOS,212,—¡Ah!
El Filibusterismo,11,LOS BAÑOS,213,—Isang nag-aaral sa panggagamot na nagngangalang Basilio.
El Filibusterismo,11,LOS BAÑOS,214,—Sa Basiliong iyan ay wala akong masasabi—ang tugon ni P. Irene na itinaas at ibinuka ang mga kamay na waring mag dodominus vobiscum;—sa ganang akin iyan ay tubig na hindi kumikilos.
El Filibusterismo,11,LOS BAÑOS,215,Kailan ma’y hindi ko naunawa ang ninanasa ni ang iniisip.
El Filibusterismo,11,LOS BAÑOS,216,¡Sayang at hindi natin kaharap ngayon si P. Salvi upang magpakilala sa atin ng pinagmulan ng binatang iyan!
El Filibusterismo,11,LOS BAÑOS,217,Naaalala kong aking nadingig na sinasabing niyong kaniyang kabataan ay may ipinakialam sa kaniya ang guardia sibil.... ang kaniyang ama’y napatay sa isang gulo na hindi ko na maalaala....
El Filibusterismo,11,LOS BAÑOS,218,"Si Simoun ay napangiting malumanay, walang kalatis, ipinatanaw lamang ang kaniyang ngiping mapuputi’t mabuti ang pagkakahanay...."
El Filibusterismo,11,LOS BAÑOS,219,"—¡Aha, aha!"
El Filibusterismo,11,LOS BAÑOS,220,—anang General na tumango tango—¿gayon pala?
El Filibusterismo,11,LOS BAÑOS,221,¡Itala ninyo ang pangalang iyan!
El Filibusterismo,11,LOS BAÑOS,222,"—Nguni, aking General,—ang sabi ng mataas na kawani ng makitang masama ang tungo ng salitaan—hanggang sa ngayon ay wala pang nababatid na bagay na laban sa mga binatang iyan; ang kanilang kahilingan ay matuwid at wala tayong karapatang huwag dinggin dahil sa panunulay lamang sa mga hakahaka."
El Filibusterismo,11,LOS BAÑOS,223,Sa akala ko ay nararapat na sang-ayunan ng Pamahalaan ang kahilingan at sa gayon ay magpapamalas ng kaniyang pagkakatiwala sa bayan at ng katibayan ng kaniyang pagkakatatag; at siya’y may kalayaang bawiing muli ang pahintulot kung makitang dahil sa kaniyang mabuting kalooban ay nagpapakalabis.
El Filibusterismo,11,LOS BAÑOS,224,"Mga sanhi at paraan sa pagbawi ay hindi mawawalan, mababantayan natin sila...."
El Filibusterismo,11,LOS BAÑOS,225,"¿Ano’t pasasamain ang loob ng ilang binata, na mangyayaring magdamdam pagkatapos, gayong ang kanilang hinihiling ay nalalagda sa mga utos ng hari?"
El Filibusterismo,11,LOS BAÑOS,226,"Si P. Irene, si don Custodio at si P. Fernandez ay nagpamalas ng kanilang pagsang-ayon sa pamagitan ng tango ng ulo."
El Filibusterismo,11,LOS BAÑOS,227,—Ngunit ang mga indio ay hindi nararapat matuto ng wikang kastila ¿batid baga ninyo?
El Filibusterismo,11,LOS BAÑOS,228,"—ang sigaw ni P. Camorra—hindi dapat matuto, sapagka’t pagkatapos ay nakikipangatuwiranan sa atin, at ang mga indio ay hindi dapat mangatuwiran kundi sumunod lamang at magbayad.... hindi dapat manghimasok sa pagsuri ng sinasabi ng mga kautusan at ng mga aklat ¡napakamatatalas at mga mapag-usap!"
El Filibusterismo,11,LOS BAÑOS,229,Pagkaalam ng wikang kastila ay nagiging kalaban ng Dios at ng España.... basahin ninyo ang kabuhayang “Tandang Basio Makunat” at kung hindi gayon; ¡iyan ang aklat!
El Filibusterismo,11,LOS BAÑOS,230,¡May mga katotohanang ganganito!
El Filibusterismo,11,LOS BAÑOS,231,At ipinakita ang mabibilog niyang kamay na pasuntok.
El Filibusterismo,11,LOS BAÑOS,232,Hinaplos ni P. Sibyla ang kaniyang anit na bilang tanda ng pagkainip.
El Filibusterismo,11,LOS BAÑOS,233,—¡Isang salita!
El Filibusterismo,11,LOS BAÑOS,234,"—aniya na umanyo ng anyong lalong mapayapa sa gitna ng kaniyang pagngingitngit—hindi ang pagtuturo lamang ng wikang kastila ang pinag-uusapan dito, dito’y may isang piping pagtutunggali ng mga nag-aaral at ng mga pari sa Unibersidad ng Sto."
El Filibusterismo,11,LOS BAÑOS,235,"Tomas; kung masusunod ng mga nag-aaral ang kanilang hangad ay manghihina ang pananalig sa amin, sasabihing kami’y dinaig at mangagmamataas, at wala na ang paniniwala, wala na ang lahat!"
El Filibusterismo,11,LOS BAÑOS,236,Pagkaguho ng unang sagka ¿sino pa ang makahahadlang sa kabataang iyan?
El Filibusterismo,11,LOS BAÑOS,237,Sa aming paglagpak ay wala kaming gagawin kun di ang ipakilala naman ang paglagpak ninyo!
El Filibusterismo,11,LOS BAÑOS,238,Matapos kami ang pamahalaan naman.
El Filibusterismo,11,LOS BAÑOS,239,"—¡Iyan ang hindi mangyayari, puñales!"
El Filibusterismo,11,LOS BAÑOS,240,—ang sigaw ni P. Camorra—¡tingnan muna natin kung sino ang may malakas na pangsuntok!
El Filibusterismo,11,LOS BAÑOS,241,"Sa gayon ay nagsalita si P. Fernandez, na sa buong pagtatalo ay nanira lamang sa kangingiti."
El Filibusterismo,11,LOS BAÑOS,242,Lahat ay nakimatyag sapagka’t kilalang siya’y may mabuting ulo.
El Filibusterismo,11,LOS BAÑOS,243,"—Huwag sumama ang loob ninyo sa akin, P. Sibyla, kung hindi ninyo ako kaisa sa paghuhulong ukol sa bagay na ito, ngunit napakatanging kapalaran ang sa akin, na kailan man halos, ay kasalungat ako ng aking mga kapatid."
El Filibusterismo,11,LOS BAÑOS,244,Ang sabi ko nga’y hindi tayo dapat mabakla.
El Filibusterismo,11,LOS BAÑOS,245,"Ang pagtuturo ng wikang kastila ay mangyayaring pahintulutan ng walang anomang kapanganiban, at upang huwag lumabas na isang pagdaig sa Unibersidad, ay nararapat na tayong mga dominiko ay magpauna sa pagkagalak ng dahil sa bagay na iyan; iyan ang politica."
El Filibusterismo,11,LOS BAÑOS,246,"¿Bakit tayo makikipaglabanan tuwi na sa bayan, sa tayo ay kakaunti at sila ay marami, sa kailangan natin sila at tayo’y hindi nila kailangan?"
El Filibusterismo,11,LOS BAÑOS,247,"—¡Hintay muna kayo, P. Camorra, hintay muna kayo!"
El Filibusterismo,11,LOS BAÑOS,248,"—Payagan na nating ngayon ay mahina ang bayan at walang maraming nalalaman, ako man ay gayon din ang akala ko, ngunit bukas ay hindi na gayon, ni sa makalawa."
El Filibusterismo,11,LOS BAÑOS,249,"Bukas makalawa ay sila ang magiging malakas, mababatid ang kanilang mga kailangan at hindi natin mapipigil, gaya rin naman ng hindi mangyayaring mapigil, na, pagdating ng bata sa ilang gulang ay makaalam ng maraming bagay..."
El Filibusterismo,11,LOS BAÑOS,250,"Ang sinasabi ko nga ay ¿bakit hindi natin samantalahin ang kalagayang ito sa kamangmangan upang magpalit ng paraan sa pamamalakad at itatag sa matibay na batayan, na hindi mapapawi, sa batayang katwiran, sa halimbawa, at huwag sa batayang kamangmangan?"
El Filibusterismo,11,LOS BAÑOS,251,"Sapagka’t wala nang kagaya ng maging makatwiran, gaya ng sinabi ko sa tuwi na sa aking mga kapatid, ngunit ayaw akong dinggin."
El Filibusterismo,11,LOS BAÑOS,252,"Ang indio, gaya rin ng alin mang bayang bata pa ay mapag-usig ng katwiran; humihingi ng parusa kung nagkasala, at namumuhi pag hindi kinamit ang gayon."
El Filibusterismo,11,LOS BAÑOS,253,¿Marapat ang hinihingi?
El Filibusterismo,11,LOS BAÑOS,254,"Ipagkaloob, ibigay natin sa kanila ang lahat ng paaralang kailangan, mapapagod din sila: ang kabataan ay bulagbol na talaga, ang nag-uudyok lamang sa kanila sa pag-uusig ay ang ating pagsalungat."
El Filibusterismo,11,LOS BAÑOS,255,"Ang ating panilong karangalan ay luma na, P. Sibyla: gumawa tayo ng iba, ang panilong pagkilala ng utang na loob, sa halimbawa."
El Filibusterismo,11,LOS BAÑOS,256,"Huwag tayong magsamangmang, gayahan natin ang mga hesuita......"
El Filibusterismo,11,LOS BAÑOS,257,"—¡Oh, oh, P. Fernandez!"
El Filibusterismo,11,LOS BAÑOS,258,"Hinding hindi: matitiis na lahat ni P. Sibyla, liban na lamang sa pagayahan sa kaniya ang mga hesuita."
El Filibusterismo,11,LOS BAÑOS,259,Namumutla’t nanginginig na nagbubusa ng mga matalas na wika.
El Filibusterismo,11,LOS BAÑOS,260,—Magpransiskano na muna....
El Filibusterismo,11,LOS BAÑOS,261,"¡Kahit na ano, huwag lamang hesuita!"
El Filibusterismo,11,LOS BAÑOS,262,—ang sabing walang patumangga.
El Filibusterismo,11,LOS BAÑOS,263,"—¡Oh, oh!"
El Filibusterismo,11,LOS BAÑOS,264,"—¡Eh, eh!"
El Filibusterismo,11,LOS BAÑOS,265,Padre P.....!!
El Filibusterismo,11,LOS BAÑOS,266,"Ang sumunod ay isang pagtatalong panabay ng lahat, na nalimot na ang General; nagsasalitang sabaysabay, nagsisigawan, hindi mangagkalinaw, nangagtatalo; si Ben Zayb ay kaharap ni P. Camorra at nag-uumangan ng suntok, binabanggit ng isa ang mga gansa at ang isa’y ang mga manghihitit ng tinta, tinutukoy ni P. Sibyla ang kapitulo at si P. Fernandez naman ay ang sa Summa ni Sto."
El Filibusterismo,11,LOS BAÑOS,267,"Tomas, at ibp."
El Filibusterismo,11,LOS BAÑOS,268,", hangang sa pumasok ang kura sa Los Baños at sinabing nakahanda na ang pananghalian."
El Filibusterismo,11,LOS BAÑOS,269,Tumindig ang Capitan General at sa gayo’y naputol ang pagtatalo.
El Filibusterismo,11,LOS BAÑOS,270,"—¡Siya, mga ginoo!"
El Filibusterismo,11,LOS BAÑOS,271,"—ang sabi—ngayo’y marami tayong nagawa, gayong tayo’y nasa kapanahunan ng pagpapahinga!"
El Filibusterismo,11,LOS BAÑOS,272,May nagsabing ang mga maseselang na bagay ay dapat pag-usapan sa pagtatapos ng pagkain.
El Filibusterismo,11,LOS BAÑOS,273,Ako’y lubos na sang-ayon sa sabing iyon.
El Filibusterismo,11,LOS BAÑOS,274,"—Baka masira ang tiyan natin—ang sabi ng kalihim, na ang tinutukoy ay ang init ng salitaan."
El Filibusterismo,11,LOS BAÑOS,275,—Kung gayon ay ipagpabukas na natin.
El Filibusterismo,11,LOS BAÑOS,276,Nagtindigang lahat.
El Filibusterismo,11,LOS BAÑOS,277,—Aking General—ang sabing marahan ng mataas na kawani—ang anak na babai ni kabisang Tales ay nagbalik na muli’t hinihingi ang paglaya ng kaniyang nunong may sakit na hinuling bilang kapalit ng ama......
El Filibusterismo,11,LOS BAÑOS,278,"Tiningnan siyang masama ang loob ng General, na hinaplos ang malapad na noo."
El Filibusterismo,11,LOS BAÑOS,279,—Putris yatang ¡hindi na babayaang ang tao’y makapananghaling mapayapa!
El Filibusterismo,11,LOS BAÑOS,280,—Ikatlong araw na ng kaniyang pagparito; isang kaawaawang dalaga...
El Filibusterismo,11,LOS BAÑOS,281,"—¡Ah, demonio!"
El Filibusterismo,11,LOS BAÑOS,282,—ang bulalas ni P. Camorra—sinasabi ko na ngang mayroon akong bagay na sasabihin sa General; kung kaya nga ako naparito ay...... upang katigan ang kahilingan ng binibining iyan!
El Filibusterismo,11,LOS BAÑOS,283,Kinamot ng General ang kaniyang tainga.
El Filibusterismo,11,LOS BAÑOS,284,—¡Siya!
El Filibusterismo,11,LOS BAÑOS,285,—ang sabi—padalhan ng sulat ng kalihim ang teniente ng guardia sibil upang pakawalan.
El Filibusterismo,11,LOS BAÑOS,286,¡Hindi masasabing hindi ako maawain at mahabagin!
El Filibusterismo,11,LOS BAÑOS,287,At tumingin kay Ben Zayb.
El Filibusterismo,11,LOS BAÑOS,288,Ikinisap ng mamamahayag ang kaniyang mata.
El Filibusterismo,12,PLACIDO PENITENTE,1,Masama ang loob at halos ang mga mata’y lumuluha ng lumalakad sa Escolta si Placido Penitente upang tumungo sa Universidad ng Sto.
El Filibusterismo,12,PLACIDO PENITENTE,2,Tomas.
El Filibusterismo,12,PLACIDO PENITENTE,3,May mga ilang linggo lamang na kararating na galing sa kaniyang bayan at makalawa nang sumulat sa kaniyang ina na ang iniuukilkil ay ang kaniyang nasang iwan ang pag-aaral upang umuwi at maghanap buhay.
El Filibusterismo,12,PLACIDO PENITENTE,4,"Sinagot siya ng kaniyang ina na magtiistiis, makuha man lamang ang pagka bachiller en artes, sapagka’t sayang namang iwan ang pag-aaral, matapos ang apat na taong paggugugol at paghihirap ng isa’t isa sa kanila."
El Filibusterismo,12,PLACIDO PENITENTE,5,"¿Saan buhat ang pag-ayaw ni Penitente sa pag-aaral, gayong siya’y isa sa mga masumigasig at bantog sa paaralang pinamamahalaan ni P. Valerio sa Tanawan?"
El Filibusterismo,12,PLACIDO PENITENTE,6,"Doon ay nabibilang si Penitente na isa sa mga lalong mabuti sa latin at matalas sa pakikipagkatwiranan, na marunong gumusot at maghanay ng mga paguusap na lalong magaan at walang kahirapan; siya ang inaaring lalong pinakamatalas ng kaniyang mga kababayan, at dahil sa kabantugang iyon, ay ibinibilang na siyang pilibustero ng kaniyang kura, katunayang lubos na hindi siya hangal ni taong walang namumuwangan."
El Filibusterismo,12,PLACIDO PENITENTE,7,"Hindi mawatasan ng kanyang mga kasama ang gayong nasang pag-uwi at iwan ang pag-aaral; wala namang nililigawan, hindi manunugal, bahagya ng marunong ng hungkian at kapangahasan na sa kaniya ang pakikilaro ng isang rebesino; hindi naniniwala sa payo ng mga prayle, kinukutya ang tandang Basio, may salaping higit sa kailangan, may mahuhusay na damit; ngunit gayon man, ay masama ang loob kung pumasok at kinasusuklaman ang mga aklat."
El Filibusterismo,12,PLACIDO PENITENTE,8,"Sa tulay ng España, na ang tanging bagay na taglay na ukol sa España ay ang pangalan lamang, sapagka’t sampu ng kaniyang mga bakal ay galing sa ibang lupain, ay nakatagpo ng mahabang hanay ng mga binatang tungo sa loob ng Maynila upang pumasok sa kanikanilang paaralang pinapasukan."
El Filibusterismo,12,PLACIDO PENITENTE,9,"Ang ilan ay suot taga Europa, matutulin ang lakad, na dala ang mga aklat at kuaderno, may iniisip, inaalaala ang kanilang mga lisyon at mga sinulat na ihaharap; ang mga ito’y taga Ateneo."
El Filibusterismo,12,PLACIDO PENITENTE,10,"Ang mga taga Letran ay napupuna sapagka’t lahat halos ay suot pilipino, sila ang lalong makapal at walang maraming aklat."
El Filibusterismo,12,PLACIDO PENITENTE,11,"Ang bihis ng mga taga Universidad ay lalong maayos at makisig, mararahan ang lakad at madalas pang tungkod ang dala at hindi aklat."
El Filibusterismo,12,PLACIDO PENITENTE,12,"Ang kabataang nag-aaral sa Pilipinas ay hindi mapanggulo at mapag-ingay; nangaglalakad na wari’y may iniisip; ang sino mang makakita sa kanila ay magsasabing sa harap ng kanilang mga mata ay walang ano mang pag-asang natatanaw, ni magandang kinabukasan."
El Filibusterismo,12,PLACIDO PENITENTE,13,"Kahi’t na sa mga ilan ilang dako’y nakapagpapasaya sa hanay ang matalaghay at makulay na anyo ng mga nag-aaral na babai sa Escuela Municipal, na may mga sintas sa balikat at bitbit ang kanilang mga pinag-aaralang aklat at kasunod ang kanilang mga alila, ay bahagya nang madingig ang isang tawa, bahagya nang madingig ang isang aglahi; walang mga awitan; walang masasayang parunggit; kung baga man ay mabibigat na biro, awayan ng maliliit."
El Filibusterismo,12,PLACIDO PENITENTE,14,Ang mga malalaki ay karaniwan nang walang kibo at maayos ang kagayakan na gaya ng mga nag-aaral na aleman.
El Filibusterismo,12,PLACIDO PENITENTE,15,Si Placido ay naglalakad sa liwasan ni Magallanes upang pumasok sa butas—dating pinto—ng Sto.
El Filibusterismo,12,PLACIDO PENITENTE,16,"Domingo nang biglang tumanggap ng isang tampal sa balikat na siyang nakapagpalingon sa kaniyang bigla, na masama ang ulo."
El Filibusterismo,12,PLACIDO PENITENTE,17,"—¡Hoy, Penitente, hoy, Penitente!"
El Filibusterismo,12,PLACIDO PENITENTE,18,"Ang tumampal pala ay ang kasama niyang si Juanito Pelaez, ang mapaglangis at minamahal ng mga guro, walang kapara sa kasamaan at kalikutan, may tinging mapanukso at ngiting mapagbiro."
El Filibusterismo,12,PLACIDO PENITENTE,19,"Anak ng isang mestisong kastila, mayamang mangangalakal ng isa sa mga arrabal, na umaasa sa katalinuhan ng binata; dahil sa kaniyang pagkamakulabid ay hindi nahuhuli sa iba, may ugaling mapagbiro ng masama sa lahat at pagkatapos ay magkakanlong sa likuran ng mga kasama at may katangitangi siyang kakubaan na lumalaki kailan ma’t may panunuksong ginagawa at nagtatawa."
El Filibusterismo,12,PLACIDO PENITENTE,20,"—¿Nakapag-aliw ka bang mabuti, Penitente?"
El Filibusterismo,12,PLACIDO PENITENTE,21,—ang tanong na kasabay ang mga malakas na pagtampal sa balikat.
El Filibusterismo,12,PLACIDO PENITENTE,22,"—Ganoon, ganoon—ang sagot na may kamuhian ni Placido—¿at ikaw?"
El Filibusterismo,12,PLACIDO PENITENTE,23,—¡Mabuting mabuti!
El Filibusterismo,12,PLACIDO PENITENTE,24,"Sukat ba namang anyayahan ako ng kura sa Tiani, na sa kaniyang bayan ako magpahinga; naparoon ako........ kaibigan!"
El Filibusterismo,12,PLACIDO PENITENTE,25,¿Kilala mo ba si P. Camorra?
El Filibusterismo,12,PLACIDO PENITENTE,26,"Siya’y isang kurang mapagpaumanhin, mabuting kaibigan, matapat, lubhang mapagtapat, kagaya ni P. Paco...."
El Filibusterismo,12,PLACIDO PENITENTE,27,"At sa dahilang maraming dalagang magaganda doon, ay nanapatan kaming dalawa, ang pigil niya’y gitarra at kumakanta ng mga peteneras at ako nama’y biolin...."
El Filibusterismo,12,PLACIDO PENITENTE,28,"Masasabi ko sa iyo, kaibigan, na gayon na lamang ang saya namin; walang bahay na hindi namin inakyat."
El Filibusterismo,12,PLACIDO PENITENTE,29,Bumulong sa tainga ni Placido ng ilang salita at pagkatapos ay nagtawa.
El Filibusterismo,12,PLACIDO PENITENTE,30,"At sa dahilang nagpakita ng pagkakamangha si Placido, ay idinagdag pang:"
El Filibusterismo,12,PLACIDO PENITENTE,31,—¡Maisusumpa ko sa iyo!
El Filibusterismo,12,PLACIDO PENITENTE,32,"At walang hindi pangyayari, sapagka’t sa pamag-itan ng isang utos ng pamahalaan ay maaaring pawiin ang ama, asawa o kapatid at tapus ang salitaan!"
El Filibusterismo,12,PLACIDO PENITENTE,33,"Gayon man ay nakatagpo kami ng isang ungas, katipan mandin ni Basilio sa akala ko."
El Filibusterismo,12,PLACIDO PENITENTE,34,Napakaulol niyong si Basilio!
El Filibusterismo,12,PLACIDO PENITENTE,35,"Magkaroon ba naman ng niligawang hindi marunong ng wikang kastila, walang yaman at naging alila pa!"
El Filibusterismo,12,PLACIDO PENITENTE,36,Masungit na masungit ngunit maganda.
El Filibusterismo,12,PLACIDO PENITENTE,37,Isang gabi’y hinambalos ni P. Camorra ang dalawang nanapatan sa kaniya at salamat na lamang at hindi nangapatay.
El Filibusterismo,12,PLACIDO PENITENTE,38,Ngunit gayon man ay masungit pa rin ang babai.
El Filibusterismo,12,PLACIDO PENITENTE,39,Datapwa’y susuko rin siya na gaya ng iba.
El Filibusterismo,12,PLACIDO PENITENTE,40,Si Juanito Pelaez ay malakas na humahalakhak na wari’y ikinaliligaya niyang lubos ang gayon.
El Filibusterismo,12,PLACIDO PENITENTE,41,Minasdan siyang masama ang loob ni Placido.
El Filibusterismo,12,PLACIDO PENITENTE,42,—Hintay ka pala ¿ano ba ang iniulat kahapon ng katedratiko?
El Filibusterismo,12,PLACIDO PENITENTE,43,—ang tanong na iniba ang salitaan.
El Filibusterismo,12,PLACIDO PENITENTE,44,—Kahapon ay walang pasok.
El Filibusterismo,12,PLACIDO PENITENTE,45,—¡Oho!
El Filibusterismo,12,PLACIDO PENITENTE,46,At kamakalawa?
El Filibusterismo,12,PLACIDO PENITENTE,47,"—¡Tao ka, Huebes, e!"
El Filibusterismo,12,PLACIDO PENITENTE,48,—Siya nga pala ¡napakahayop ako!
El Filibusterismo,12,PLACIDO PENITENTE,49,¿Alam mo Placido na nagiging hayop ako?
El Filibusterismo,12,PLACIDO PENITENTE,50,At noong Mierkoles?
El Filibusterismo,12,PLACIDO PENITENTE,51,—¿Noong Mierkoles?
El Filibusterismo,12,PLACIDO PENITENTE,52,Hintay ka.... niyong Mierkoles ay umambon.
El Filibusterismo,12,PLACIDO PENITENTE,53,—¡Mainam!
El Filibusterismo,12,PLACIDO PENITENTE,54,at noong Martes?
El Filibusterismo,12,PLACIDO PENITENTE,55,"—Noong Martes ay pista ng katedratiko at hinandugan namin siya ng isang orkesta, kumpol ng mga bulaklak at ilan pang handog...."
El Filibusterismo,12,PLACIDO PENITENTE,56,"—¡Ah, putris!"
El Filibusterismo,12,PLACIDO PENITENTE,57,"—ang bulalas ni Juanito—nakalimutan ko nga pala, ¡napakahayop ako!"
El Filibusterismo,12,PLACIDO PENITENTE,58,At ¿itinanong ba ako?
El Filibusterismo,12,PLACIDO PENITENTE,59,Kinibit ni Penitente ang kaniyang balikat.
El Filibusterismo,12,PLACIDO PENITENTE,60,"—Ayawan ko, ngunit ibinigay sa kaniya ang talaan ng mga may gawa ng pista."
El Filibusterismo,12,PLACIDO PENITENTE,61,—¡Putris!.... at noong Lunes ¿ano ang nangyari?
El Filibusterismo,12,PLACIDO PENITENTE,62,—Sa dahilang siyang unang araw ng pasukan ay binasa ang talaan ng mga pangalan at itinakda ang lisyon: ang ukol sa mga salamin.
El Filibusterismo,12,PLACIDO PENITENTE,63,"Tingnan mo; mula rito hanggang doon, isasaulo, walang labis walang kulang.... tatalunan ang kaputol na ito at ito ang isusunod."
El Filibusterismo,12,PLACIDO PENITENTE,64,"At itinuturo ng daliri sa pisika ni Ramos ang mga dakong pag-aaralan, ng biglang sumalipadpad sa hangin ang aklat dahil sa isang tampal na papaitaas na ibinigay ni Juanito."
El Filibusterismo,12,PLACIDO PENITENTE,65,"—Siya bayaan mo nga ang lisyon, mag ipit na araw na tayo."
El Filibusterismo,12,PLACIDO PENITENTE,66,"Tinatawag na ipit na araw ng mga nag-aaral sa Maynila, ang araw na napapagitna sa dalawang kapistahan, na inaalis at pinapawi sa kaibigang sarili ng mga nag-aaral."
El Filibusterismo,12,PLACIDO PENITENTE,67,—¿Alam mo bang napakahayop mo nga?
El Filibusterismo,12,PLACIDO PENITENTE,68,—ang tugong pagalit ni Placido samantalang pinupulot ang kaniyang aklat at mga papel.
El Filibusterismo,12,PLACIDO PENITENTE,69,—Halinang mag ipit na araw—ang ulit ni Juanito.
El Filibusterismo,12,PLACIDO PENITENTE,70,Ayaw si Placido: hindi dahil sa pagkukulang ng dalawa’y hindi itutuloy ang klase ng mahigit sa isang daa’t limang pu.
El Filibusterismo,12,PLACIDO PENITENTE,71,Naaalaala ang mga paghihirap at pag-iimpok ng kaniyang ina na siyang nagbibigay ng ginugugol niya sa Maynila at siyang nagsasalat.
El Filibusterismo,12,PLACIDO PENITENTE,72,Nang mga sumandaling iyon ay pumapasok sila sa butas ng Sto.
El Filibusterismo,12,PLACIDO PENITENTE,73,Domingo.
El Filibusterismo,12,PLACIDO PENITENTE,74,—Maalala ko pala—ang bulalas ni Juanito ng makita ang liwasan sa harap ng bahay-aduana—¿alam mo bang ako ang natungkulang mangilak ng ambagan?
El Filibusterismo,12,PLACIDO PENITENTE,75,—¿Anong ambagan?
El Filibusterismo,12,PLACIDO PENITENTE,76,—Ang sa monumento.
El Filibusterismo,12,PLACIDO PENITENTE,77,—¿Anong monumento?
El Filibusterismo,12,PLACIDO PENITENTE,78,—¡Alin pa!
El Filibusterismo,12,PLACIDO PENITENTE,79,ang sa kay P. Baltazar ¿hindi mo ba nalalaman?
El Filibusterismo,12,PLACIDO PENITENTE,80,—¿At sino ba ang P. Baltazar na iyan?
El Filibusterismo,12,PLACIDO PENITENTE,81,—¡Aba!
El Filibusterismo,12,PLACIDO PENITENTE,82,¡isang dominiko!
El Filibusterismo,12,PLACIDO PENITENTE,83,Kaya’t lumapit ang mga pari sa mga nag-aaral.
El Filibusterismo,12,PLACIDO PENITENTE,84,"¡Sulong na, magbigay ka na ng tatlo o apat na piso upang makitang tayo’y hindi maramot!"
El Filibusterismo,12,PLACIDO PENITENTE,85,Upang huwag masabing sa pagtatayo ng isang estatua ay ang alapot nila ang dinukot.
El Filibusterismo,12,PLACIDO PENITENTE,86,¡Sulong na Placidete!
El Filibusterismo,12,PLACIDO PENITENTE,87,hindi mawawalang kabuluhan ang salapi mo!
El Filibusterismo,12,PLACIDO PENITENTE,88,At sinabayan ang salitang ito ng isang makahulugang kindat.
El Filibusterismo,12,PLACIDO PENITENTE,89,"Naalaala ni Placido iyong isang nag-aaral na nakalalampas sa pagsusuri dahil sa paghahandog ng kanario, kaya’t nagbigay ng tatlong piso."
El Filibusterismo,12,PLACIDO PENITENTE,90,"—Tingnan mo, isusulat kong maliwanag ang iyong pangalan upang mabasa ng propesor, ¿nakikita mo ba?"
El Filibusterismo,12,PLACIDO PENITENTE,91,"Placido Penitente, tatlong piso."
El Filibusterismo,12,PLACIDO PENITENTE,92,¡Ah!
El Filibusterismo,12,PLACIDO PENITENTE,93,¡tingnan mo!
El Filibusterismo,12,PLACIDO PENITENTE,94,Sa loob ng ikalabing limang araw ay pista ng propesor sa Historia Natural....
El Filibusterismo,12,PLACIDO PENITENTE,95,"Alam mong napakamasaya, na hindi naglalagay ng pagkukulang at hindi tumatanong ng lisyon."
El Filibusterismo,12,PLACIDO PENITENTE,96,"¡Kaibigan, dapat tayong gumanti ng utang na loob!"
El Filibusterismo,12,PLACIDO PENITENTE,97,—¡Siya nga!
El Filibusterismo,12,PLACIDO PENITENTE,98,"—¿Ano, dapat ba nating handugan ng isang pista?"
El Filibusterismo,12,PLACIDO PENITENTE,99,Ang orkesta ay dapat na maging kaparis ng dinala ninyo sa katedratiko sa Pisika.
El Filibusterismo,12,PLACIDO PENITENTE,100,—¡Siya nga!
El Filibusterismo,12,PLACIDO PENITENTE,101,—¿Ano sa akala mo kung gawin nating tigalawang piso ang ambagan?
El Filibusterismo,12,PLACIDO PENITENTE,102,"Sulong Placiding, magpauna ka sa pagbibigay, sa gayon ay mauuna ka sa talaan."
El Filibusterismo,12,PLACIDO PENITENTE,103,"At sa dahilang ibinigay ng walang gatol ni Placido ang hinihinging dalawang piso, ay idinagdag ang:"
El Filibusterismo,12,PLACIDO PENITENTE,104,"—Hoy, apat na ang ibigay mo, at saka ko na isasauli sa iyo ang dalawa; upang maging pain lamang."
El Filibusterismo,12,PLACIDO PENITENTE,105,—Kung isasauli mo rin ¿ano’t ibibigay ko pa sa iyo?
El Filibusterismo,12,PLACIDO PENITENTE,106,Sukat nang ilagay mong apat.
El Filibusterismo,12,PLACIDO PENITENTE,107,"—¡Ah, siya nga pala!"
El Filibusterismo,12,PLACIDO PENITENTE,108,napakahayop ako!
El Filibusterismo,12,PLACIDO PENITENTE,109,¿alam mong nagiging hayop ako ngayon?
El Filibusterismo,12,PLACIDO PENITENTE,110,Ngunit ibigay mo na rin sa akin upang ipakita ko sa iba.
El Filibusterismo,12,PLACIDO PENITENTE,111,"Upang huwag pabulaanan ni Placido ang kura na naglagay sa kaniya ng pangalan, ay ibinigay ang hinihingi sa kaniya."
El Filibusterismo,12,PLACIDO PENITENTE,112,Dumating sila sa Universidad.
El Filibusterismo,12,PLACIDO PENITENTE,113,Sa papasukan at sa hinabahaba ng banketa na nakalatag sa palibid ng Unibersidad ay nangaghihintuan ang mga nag-aaral na nag-aantay ng pagpanaog ng mga propesor.
El Filibusterismo,12,PLACIDO PENITENTE,114,"Ang mga nag-aaral ng taong paghahanda upang mag-aral ng Derecho, ikalimang taon ng segunda enseñanza, at ng paghahanda upang mag-aral ng Medicina ay nagkakahalobilo: ang mga huling tinuran ay madaling makilala dahil sa kanilang kagayakan at sa kanilang kiyas na hindi nakikita sa iba: ang marami sa kanila ay galing sa Ateneo Municipal at kapiling nila ang makatang si Isagani na ipinakikilala sa isang kasama ang panganganinag ng liwanag."
El Filibusterismo,12,PLACIDO PENITENTE,115,"Sa isang pulutong ay nagtatalotalo, nagkakatwiranan, bumabanggit ng sinabi ng propesor, ng mga natatala sa aklat, ng mga principios escolasticos; sa ibang pulutong ay nagkukumpayan ng mga aklat, sa pamagitan ng mga tungkod ay iginuguhit sa lupa ang ibig ipakilala; sa dako pa roon ang nangalilibang naman sa panonood sa mga mapanatang tumutungo sa kalapit na simbahan, at kung ano ano ang ibinubuhay dahil sa namamalas."
El Filibusterismo,12,PLACIDO PENITENTE,116,"Isang matandang babai na akay ng isang dalaga ay papilaypilay na nagdadasal; nakatungong lumalakad ang binibini, natatakot-takot, nahihiyang dumaan sa harap ng gayong karaming tumitingin; itinataas ng matanda ang kaniyang saya na kulay kape ng mga kakapatid ni Sta. Rita, upang ipakita ang matatabang paa at mga medias na puti; kinagagalitan ang kaniyang kasama at tinitingnan ng masamang tingin ang mga nanonood."
El Filibusterismo,12,PLACIDO PENITENTE,117,—¡Mga saragate!
El Filibusterismo,12,PLACIDO PENITENTE,118,"—ang pangitngit na bulong—¡huwag mo silang tingnan, itungo mo ang iyong ulo!"
El Filibusterismo,12,PLACIDO PENITENTE,119,"Ang lahat ay napupuna, ang lahat ay nagiging sanhi ng biruan at buhaybuhay."
El Filibusterismo,12,PLACIDO PENITENTE,120,"Minsan ay isang mainam na victoria na hihinto sa piling ng pintuan upang iwan doon ang isang mag-aanak na mapanata; dadalaw sa Birhen del Rosario sa kaniyang piniling araw: ang mga mata ng nanonood ay handang lahat upang tanawin ang anyo at laki ng paa ng mga binibini sa pag-ibis sa sasakyan: minsan ay isang nag-aaral na lumalabas sa pintuan na taglay pa sa mukha ang pagkakapanalangin: dumaan sa simbahan upang idalangin sa Birhen na mangyaring maliwanagan niya ang lisyon, upang tingnan kung naroroon ang kaniyang nilalangit, makipagsulyapan at tumungo sa paaralan na taglay sa alaala ang mga matang magiliw na iyon."
El Filibusterismo,12,PLACIDO PENITENTE,121,"Ngunit namatyag sa mga pulutong ang galawan, isang waring pagaantabay, at si Isagani ay napatigil at namutla."
El Filibusterismo,12,PLACIDO PENITENTE,122,Isang sasakyan ang huminto sa pintuan: ang magkaparis na kabayong puti ay kilalang-kilala.
El Filibusterismo,12,PLACIDO PENITENTE,123,"Yaon ang sasakyan ni Paulita Gomez na nakalundag na agad sa lupa, na mabilis na wari’y ibon, na hindi binigyang panahong makita ng mga nanonood ang kaniyang paa."
El Filibusterismo,12,PLACIDO PENITENTE,124,"Sa isang mainam na kilos at isang haplos ng kamay ay naayos ang mga tupi ng kaniyang saya, at sa isang matuling sulyap na wari’y hindi kinukusa ay nakita si Isagani, bumati’t ngumiti."
El Filibusterismo,12,PLACIDO PENITENTE,125,"Bumaba naman si aling Victorina, tumingin ng paimbabaw sa kanyang salamin, nakita si Juanito Pelaez, ngumiti at binati ito ng magiliw."
El Filibusterismo,12,PLACIDO PENITENTE,126,"Si Isagani ay sumagot ng bating takot, na namumula dahil sa lugod; si Juanito ay nagpakayukoyuko, nag-alis ng sombrero at ikinilos ang mukha na kagaya ng bantog na komiko at karikato Panza kung tumatanggap ng pagakpakan."
El Filibusterismo,12,PLACIDO PENITENTE,127,—¡Mecachis!
El Filibusterismo,12,PLACIDO PENITENTE,128,¡Kay gandang dalaga!
El Filibusterismo,12,PLACIDO PENITENTE,129,"—ang bulalas ng isa, na humanda sa pagyao—sabihin ninyo sa katedratiko na ako’y malubha."
El Filibusterismo,12,PLACIDO PENITENTE,130,"At si Tadeo, ito ang kaniyang pangalan, ay pumasok sa simbahan upang sundan ang dalaga."
El Filibusterismo,12,PLACIDO PENITENTE,131,Si Tadeo ay pumaparoon araw araw sa Unibersidad upang itanong kung may pasok at tuwi na’y nagtataka kung bakit may pasok: mayroon siyang hinalang may isang cuacha na panay at walang katapusan at inaantay niyang dumating sa bawa’t sandali.
El Filibusterismo,12,PLACIDO PENITENTE,132,"At bawa’t umaga, matapos na hindi mangyari ang mungkahi niyang magliwaliw, ay aalis na nagdadahilang may malaking kagipitan, o gagawin, o sakit, sa sandali pa namang ang kaniyang mga kasama ay papasok sa klase."
El Filibusterismo,12,PLACIDO PENITENTE,133,"Ngunit sa di mabatid na kaparaanan ay nakalalampas si Tadeo sa mga pagsusuri, ginigiliw ng kaniyang mga propesor at nahaharap sa isang magandang kinabukasan."
El Filibusterismo,12,PLACIDO PENITENTE,134,Samantala naman ay nagsisimula ang mga kilusan at gumagalaw ang mga pulupulutong; pumanaog na sa klase ang propesor sa Pisika at Kimika.
El Filibusterismo,12,PLACIDO PENITENTE,135,"Ang mga nag-aaral, na waring nawalan ng pag-asa, ay pumasok sa loob ng paaralan na nangakabitiw ng ilang bulalas sa di kasiyahang loob."
El Filibusterismo,12,PLACIDO PENITENTE,136,Si Placido Penitente ay nakisunod sa karamihan.
El Filibusterismo,12,PLACIDO PENITENTE,137,"—¡Penitente, Penitente!"
El Filibusterismo,12,PLACIDO PENITENTE,138,—ang tawag sa kaniyang palihim ng isa—lumagda ka rito!
El Filibusterismo,12,PLACIDO PENITENTE,139,—At ¿ano iyan?
El Filibusterismo,12,PLACIDO PENITENTE,140,"—Huwag mo nang tanungin, lumagda ka!"
El Filibusterismo,12,PLACIDO PENITENTE,141,"Waring naramdaman ni Placido na may pumipirol sa kaniyang tainga; nasa sa alaala niya ang kabuhayan ng isang kabisa sa kaniyang bayan, na dahil sa pagkakalagda sa isang kasulatang hindi batid ang laman, ay nabilanggong malaon at kaunti pang napatapon."
El Filibusterismo,12,PLACIDO PENITENTE,142,Upang huwag niyang malimot ang pangyayaring iyon ay pinirol siya ng malakas sa tainga ng isa niyang amain.
El Filibusterismo,12,PLACIDO PENITENTE,143,At kailan mang nakakadingig siya ng salitaang ukol sa paglagda ay waring nararamdaman niya sa kaniyang tainga ang sakit na tinanggap.
El Filibusterismo,12,PLACIDO PENITENTE,144,"—Patawarin mo ako, kasama, ngunit hindi ako lumalagda sa ano man, kailan pa ma’t hindi ko pa nauunawa."
El Filibusterismo,12,PLACIDO PENITENTE,145,—¡Napakahangal mo!
El Filibusterismo,12,PLACIDO PENITENTE,146,nakalagda na rito ang dalawang carabineros celestiales ¿ano pa ang ikatatakot mo?
El Filibusterismo,12,PLACIDO PENITENTE,147,Ang pangalang carabineros celestiales ay nakapagbibigay tiwala.
El Filibusterismo,12,PLACIDO PENITENTE,148,"Yaon ay isang banal na pulutong na itinatag upang tumulong sa Dios sa pakikibaka sa dilang kasamaan, upang pigilin ang pagpasok ng contrabando heretico sa talipapa ng bagong Siyon."
El Filibusterismo,12,PLACIDO PENITENTE,149,"Lalagda na sana si Placido upang matapos na lamang ang usap sapagka’t nagmamadali; ang kaniyang mga kasama ay nagdadasal na ng O Thoma, ngunit naramdaman niya manding pinipigilan ng kaniyang amain ang kaniyang tainga, kaya’t nagsabing:"
El Filibusterismo,12,PLACIDO PENITENTE,150,—¡Makatapos na ang klase!
El Filibusterismo,12,PLACIDO PENITENTE,151,ibig ko munang mabasa.
El Filibusterismo,12,PLACIDO PENITENTE,152,"—Napakahaba, ¿alam mo ba?"
El Filibusterismo,12,PLACIDO PENITENTE,153,"ang bagay ay upang gumawa ng isang kahilingang laban, sa tuwid na sabi, isang tutol."
El Filibusterismo,12,PLACIDO PENITENTE,154,¿Alam mo ba?
El Filibusterismo,12,PLACIDO PENITENTE,155,"Si Makaraig at ilan pang kasama ay humihinging magbukas ng isang akademia ng wikang kastila, bagay na isang malaking kaululan......"
El Filibusterismo,12,PLACIDO PENITENTE,156,"—¡Siya, siya!"
El Filibusterismo,12,PLACIDO PENITENTE,157,"kasama, mamaya na sapagka’t nangagsisimula na—ang sabi ni Placido na nagpupumiglas."
El Filibusterismo,12,PLACIDO PENITENTE,158,"—¡Ngunit, hindi naman bumabasa ng talaan ang inyong propesor!"
El Filibusterismo,12,PLACIDO PENITENTE,159,"—Oo, kung minsan ay bumabasa."
El Filibusterismo,12,PLACIDO PENITENTE,160,¡Mamaya na!
El Filibusterismo,12,PLACIDO PENITENTE,161,mamaya na!
El Filibusterismo,12,PLACIDO PENITENTE,162,At saka.... ayokong sumalungat kay Makaraig.
El Filibusterismo,12,PLACIDO PENITENTE,163,"—Ngunit hindi naman pagsalungat, lamang ay......"
El Filibusterismo,12,PLACIDO PENITENTE,164,"Hindi na siya nadingig ni Placido, malayo na’t nagtutumulin sa pagtungo sa klase."
El Filibusterismo,12,PLACIDO PENITENTE,165,Nakadingig ng iba’t ibang ¡adsum!
El Filibusterismo,12,PLACIDO PENITENTE,166,¡adsum!
El Filibusterismo,12,PLACIDO PENITENTE,167,"¡putris, binabasa ang talaan!.... nagmadali at dumating sa pinto ng nasa letrang Q pa naman."
El Filibusterismo,12,PLACIDO PENITENTE,168,—¡Tinamaan ng...!
El Filibusterismo,12,PLACIDO PENITENTE,169,—ang bulong na napakagat labi.
El Filibusterismo,12,PLACIDO PENITENTE,170,Nag-alinlangan kung dapat o hindi dapat pumasok; ang guhit ay nakalagay na at hindi na maaalis.
El Filibusterismo,12,PLACIDO PENITENTE,171,"Kaya lamang dumadalo sa klase ay hindi upang mag-aral kundi upang huwag lamang magkaroon ng guhit; walang ginagawa sa klase kundi pagsasabi ng lisyong sinaulo, basahin ang aklat at malaki na ang mangisangisang tanong na malabo, malalim, nakalilito, wari’y bugtong; tunay nga na di nawawala ang munting pag-aaral—ang dati rin—na ukol sa kapakumbabaan, sa pagka-maalinsunod, sa paggalang sa mga pari, at siya, si Placido, ay mapakumbaba, masunurin at magalang."
El Filibusterismo,12,PLACIDO PENITENTE,172,Aalis na sana ngunit naaalaalang nalalapit ang paglilitis at hindi pa siya natatanong ng propesor at waring hindi siya napupuna; mabuting pagkakataon iyon upang siya’y mapuna at makilala.
El Filibusterismo,12,PLACIDO PENITENTE,173,"Ang makilala ay katimbang ng pagkaraan ng isang taon, sa dahilang kung walang anoman ang magbigay ng suspenso sa isang hindi kilala, ay kailangang magkaroon ng pusong matigas upang huwag mabakla sa pagkakita sa isang binata na isinisisi sa araw-araw ang pagkaaksaya ng isang taon niyang buhay."
El Filibusterismo,12,PLACIDO PENITENTE,174,Pumasok nga si Placido na hindi patiyad na gaya ng dating ugali kundi pinatunog pa ang kaniyang mga takon ng sapatos.
El Filibusterismo,12,PLACIDO PENITENTE,175,At ¡labis na tinamo ang ninanasa!
El Filibusterismo,12,PLACIDO PENITENTE,176,"Tiningnan siya ng katedratiko, ikinunot ang noo at iginalaw ang ulo na waring ang ibig sabihin, ay:"
El Filibusterismo,12,PLACIDO PENITENTE,177,"—¡Walang galang, magbabayad ka rin sa akin!"
El Filibusterismo,13,ANG ARALAN NG PISIKA,1,Ang klase ay isang look na higit ang kahabaan sa kaluwangan at may malalaking durungawang may karali na pinapasukan ng hangin at liwanag.
El Filibusterismo,13,ANG ARALAN NG PISIKA,2,"Sa hinabahaba ng dingding na bato ay may tatlong baitang na bato na may takip na dalig, na puno ng mga nag-aaral na ang pagkakahanay ay alinsunod sa unang letra ng kanilang pangalan; sa ibayo ng pasukan, sa ilalim ng isang larawan ni Santo Tomas de Aquino, ay nalalagay ang luklukan ng propesor, mataas at may dalawang hagdan sa magkabilang panig."
El Filibusterismo,13,ANG ARALAN NG PISIKA,3,"Liban sa isang magandang tablero na may markong narra na hindi halos nagagamit, sapagka’t nasusulat pa ang viva!"
El Filibusterismo,13,ANG ARALAN NG PISIKA,4,"na nakita roon sapol sa araw ng pasukan, doon ay walang anomang kasangkapang matino o sira."
El Filibusterismo,13,ANG ARALAN NG PISIKA,5,"Ang mga dingding, na pinintahan ng puti at natatanggol sa ilang dako ng mga lariong may sarisaring kulay upang maiwasan ang mga pagkakakiskis, ay buhad na buhad; ni isang guhit, ni isang inukit, ni bahagyang kasangkapan na ukol sa Pisika!"
El Filibusterismo,13,ANG ARALAN NG PISIKA,6,"Ang mga nag-aaral ay hindi nangangailangan ng higit pa sa roon, walang naghahanap ng pagtuturo sa pamamag-itan ng pagsasanay sa isang karunungang lubhang ukol sa kasanayan; mahabang panahon nang gayon ang pagtuturo at hindi nagulo ang Pilipinas, kundi patuloy pa rin ngang gaya ng dati."
El Filibusterismo,13,ANG ARALAN NG PISIKA,7,"Maminsan minsan ay bumababang buhat sa langit ang isang kasangkapan na ipinakikitang malayo sa nag-aaral, gaya ng pagpapakita ng Santisimo sa mga mapanambang nangakaluhod, tingnan mo ako ngunit huwag salangin."
El Filibusterismo,13,ANG ARALAN NG PISIKA,8,"Panapanahon, pag nagkakaroon ng nagtuturong may magandang loob, ay nagtatakda ng isang araw sa loob ng taon upang dalawin ang makababalaghang Gabinete at hangaan mula sa labas ang mga kasangkapang di maturan ang kabuluhan, na nangakalagay sa loob ng mga kinalalagyan; walang makadadaing; ng araw na iyon ay nakakita ng maraming tanso, maraming bubog, maraming tubo, bilog, gulong, kampana, at ibp."
El Filibusterismo,13,ANG ARALAN NG PISIKA,9,"; at hindi na hihigit pa roon ang pagtatanyag, ni hindi nagugulo ang Pilipinas."
El Filibusterismo,13,ANG ARALAN NG PISIKA,10,Sa isang dako naman ay alam ng mga nag-aaral na ang mga kasangkapang iyon ay hindi binili dahil sa kanila ¡hindi hangal ang mga prayle!
El Filibusterismo,13,ANG ARALAN NG PISIKA,11,"Ang Gabineteng iyon ay ginawa upang ipakita sa mga taga ibang lupa at sa mga matataas na kawaning nanggagaling sa España, upang sa pagkakita noon ay igalaw ang ulo na may kasiyahang loob, samantalang ang umaabay sa kanila’y ngumingiting ang ibig sabihin wari’y:"
El Filibusterismo,13,ANG ARALAN NG PISIKA,12,—¡Eh!
El Filibusterismo,13,ANG ARALAN NG PISIKA,13,Inakala ninyong ang matatagpuan ay mga paring huli sa kapanahunan?
El Filibusterismo,13,ANG ARALAN NG PISIKA,14,Kami ay kapantay ng mga kasalukuyan; mayroon kaming isang Gabinete!
El Filibusterismo,13,ANG ARALAN NG PISIKA,15,"At isusulat pagkatapos ng mga dayuhan at mga matataas na kawani, na pinasalubungan ng malugod na pagtanggap, sa kanilang mga paglalakbay o mga tala, na: Ang Real y Pontificia Universidad ng Sto."
El Filibusterismo,13,ANG ARALAN NG PISIKA,16,"Tomas sa Maynila, na pinamamahalaan ng bihasang orden dominikana, ay may isang mainam na Gabinete ng Pisika na ukol sa ikatututo ng kabataan..."
El Filibusterismo,13,ANG ARALAN NG PISIKA,17,"Sa taontaon ay may dalawang daa’t limang pu ang nag-aaral ng tinurang asignatura, at marahil dala ng katamaran, ng pagwawalang bahala, sa kauntian ng kaya ng indio o iba pang sanhing likas sa kanila o bagay na di mawatasan.... hanggang sa ñgayon ay hindi pa sumisipot ang isang kahi’t munti man lamang, na Lavoisier, isang Secchi, ni isang Tyndall, na lahing malayong pilipino."
El Filibusterismo,13,ANG ARALAN NG PISIKA,18,"Datapwa’y upang mapagkilala ang katotohanan ay sasabihin namin, na sa Gabineteng ito nag-aaral ang tatlo o apat na pung pumapasok sa ampliacion sa ilalim ng pamamahala ng isang nagtuturong gumaganap naman ng mabuti sa kanyang tungkulin; ngunit sa dahilang ang lalong marami sa mga nag-aaral ay galing sa Ateneo Municipal na ang pagtuturo doon ay sa pagsasanay sa loob ng Gabinete, ay wala ring malaking kabuluhan ang gayong pangyayari na di gaya nang kung ang makasamantala noon ay ang dalawang daa’t limang pung nagbabayad ng kanilang matricula, bumibili ng aklat, nangag-aaral at gumugugol ng isang taon at walang namumuangan pagkatapos."
El Filibusterismo,13,ANG ARALAN NG PISIKA,19,"Ang nangyayari, liban sa isang kapista o utusan na naging bantay ng mahabang panahon sa museo, kailan man ay walang nabalitang may napala sa mga isinaulong lisyon na pinagkakahirapan muna bago natutuhan."
El Filibusterismo,13,ANG ARALAN NG PISIKA,20,Ngunit balikan natin ang klase.
El Filibusterismo,13,ANG ARALAN NG PISIKA,21,Ang katedratiko ay isang dominikong bata na tumungkol ng lubhang mahigpit at mabantog sa kaniyang pagtuturo sa ilang katedra sa paaralang San Juan de Letran.
El Filibusterismo,13,ANG ARALAN NG PISIKA,22,Bantog siya sa pagkamabuting manalita’t mabuting pilosopo at isa sa mga may mainam na maaasahan sa loob ng kaniyang pangkatin.
El Filibusterismo,13,ANG ARALAN NG PISIKA,23,"Ang mga matatanda’y may pagtingin sa kaniya at kinaiinggitan siya ng mga bata, sapagka’t sila man ay mayroon ding pangkatpangkat."
El Filibusterismo,13,ANG ARALAN NG PISIKA,24,"Yaon ang pangatlong taon na ng kaniyang pagtuturo at kahi’t ng taong iyon lamang siya magtuturo ng Pisika at Kimika, ay kinikilala na siyang marunong, hindi lamang ng mga nag-aaral, kundi sampu ng mga kagaya niyang palipatlipat na mga propesor."
El Filibusterismo,13,ANG ARALAN NG PISIKA,25,"Si P. Millon ay hindi kabilang ng karamihang sa taontaon ay palipatlipat ng katedra upang magkaroon ng kaunting pagkabatid sa karunungan, nag-aaral sa gitna ng ibang nag-aaral, na walang pagkakaiba kundi ang pangyayaring iisang bagay lamang ang pinag-aaralan, tumatanong at hindi tinatanong, may mahigit na pagkabatid ng wikang kastila at hindi nililitis pagkatapos ng taon."
El Filibusterismo,13,ANG ARALAN NG PISIKA,26,"Hinahalungkat ni P. Millon ang karunungan, kilala niya ang Pisika ni Aristoteles at ang kay P. Amat; maingat niyang binabasa ang Ramos at maminsanminsan ay tumutunghay sa Ganot."
El Filibusterismo,13,ANG ARALAN NG PISIKA,27,"Gayon man ay iginagalaw kung minsan ang ulo na wari’y nag-aalinlangan, mangingiti at bubulong ng: transeat."
El Filibusterismo,13,ANG ARALAN NG PISIKA,28,"Tungkol sa Kimika, ay inaakalang mayroon siyang di karaniwang kabatiran sapol noong, sa pag-alinsunod sa isang banggit ni Sto."
El Filibusterismo,13,ANG ARALAN NG PISIKA,29,"Tomas, na ang tubig ay isang halo, ay maliwanag niyang pinatunayan na ang taga langit na doctor ay nagpauna ng malaki sa mga Berzelius, Gay Lussac, Bunsen at iba pang materialista, na pawang may munti o malaking kahambugan."
El Filibusterismo,13,ANG ARALAN NG PISIKA,30,"Datapwa’t kahi’t na naging propesor sa Geografia ay mayroon siyang mga ilang pag-aalinlangan tungkol sa kabilugan ng mundo at gumagamit ng may makakahulugang ngiti pagsasalita ng pag-ikit at pagligid sa araw, at binabanggit yaong:"
El Filibusterismo,13,ANG ARALAN NG PISIKA,31,"Ngumingiting may pakahulugan sa harap ng ilang paghahaka tungkol sa pisika at inaakalang hibang, kundi man bangaw, ang hesuitang si Secchi, na umano’y ang pagputol nito ng pariparisukat sa ostia ay anak ng pagkagulo sa astronomia, at dahil doon, ang sabi’y pinagbawalang magmisa; marami ang nakapuna sa kaniya ng tila pagkamuhi sa bagay na itinuturo; ngunit ang mga kapintasang ito’y maliliit na bagay, mga himaling sa paraan ng pag-aaral at pananampalataya, at madaling malilinawan, hindi lamang sa dahilang ang karunungan sa pisika ay lubos na galing sa kasanayan, sa kababatyag at panghihinuha, samantalang siya’y malakas sa pilosopia, lubos na ukol sa paghuhulohulo, sa palagay at kuro, hindi, sa dahilang siya’y mabuting dominiko, na magiliw sa karangalan ng kaniyang kapisanan, ay hindi mangyayaring malugod sa isang katarungang hindi ikinabantog ng isa man sa kaniyang mga kapatid—siya na ang unang hindi naniniwala sa kimika ni Sto."
El Filibusterismo,13,ANG ARALAN NG PISIKA,32,"Tomas—ngunit ikinadadakila ng ibang Samahang kalaban, sabihin na nating katunggali nila."
El Filibusterismo,13,ANG ARALAN NG PISIKA,33,"Ito ang propesor ng umagang iyon, na matapos mabasa ang talaan, ay ipinauulit sa mga tinuturuan ang mga isinaulong lisyon na walang labis walang kulang."
El Filibusterismo,13,ANG ARALAN NG PISIKA,34,"Ang mga ponograpo ay umalinsunod, ang ilan ay mabuti, ang iba’y masama, ang iba’y pautal-utal, nag-aanasan."
El Filibusterismo,13,ANG ARALAN NG PISIKA,35,Ang makapagturing ng walang mali ay nagtatamo ng isang mabuting guhit at masamang guhit ang magkamali ng higit sa makaitlo.
El Filibusterismo,13,ANG ARALAN NG PISIKA,36,"Ang isang batang mataba, na mukhang nag-aantok at ang mga buhok ay nangagtuwid at matitigas na wari’y balahibo ng isang sepilyo, ay naghikab ng makalinsad-sihang at nag-inat na iniunat ang mga kamay na wari’y nakahiga pa sa banig."
El Filibusterismo,13,ANG ARALAN NG PISIKA,37,Nakita ng katedratiko at pinag-isipang gulatin......
El Filibusterismo,13,ANG ARALAN NG PISIKA,38,—¡Oy!
El Filibusterismo,13,ANG ARALAN NG PISIKA,39,"ikaw, matutulugin, aba!"
El Filibusterismo,13,ANG ARALAN NG PISIKA,40,cosa?
El Filibusterismo,13,ANG ARALAN NG PISIKA,41,"Perezoso tambien, siguro hindi ka marunong ng lisyon, ha?"
El Filibusterismo,13,ANG ARALAN NG PISIKA,42,"Hindi lamang hindi pinupupo ni P. Millon ang lahat ng nag-aaral, gaya ng sino mang mabuting prayle, kundi kinakausap pa sila ng wikang tinda, bagay na natutuhan sa katedratiko sa Canones."
El Filibusterismo,13,ANG ARALAN NG PISIKA,43,"Kung sa gayong pananalita ay inakala ng Reberendo ang kutyain ang mga nag-aaral o ang mga banal na takda ng mga concilio, ay bagay na hindi pa napasisiyahan, kahi’t pinagtalunan na ng mahaba."
El Filibusterismo,13,ANG ARALAN NG PISIKA,44,Ang pagkakatukoy ay hindi ikinamuhi ng mga nag-aaral kundi ikinagalak pa at marami ang nangagtawanan; yaon ay nangyayari sa araw araw.
El Filibusterismo,13,ANG ARALAN NG PISIKA,45,"Gayon man ay hindi natawa ang mataba; biglang tumindig, kinuskos ang mga mata, at waring makina ng bapor ang nagpagalaw sa ponograpo at sinimulan ang pagsasabi ng:"
El Filibusterismo,13,ANG ARALAN NG PISIKA,46,"—“Tinatawag na salamin ang lahat ng pamukhang binuli at nalalaan upang malarawan sa kaniya, dahil sa tama ng liwanag, ang mga larawan ng bagay na ilapit sa tinurang pamukha; dahil sa mga bagay bagay na bumubuo ng mga pamukhang ito ay binabahagi sa salaming metal at salaming bubog......"
El Filibusterismo,13,ANG ARALAN NG PISIKA,47,”
El Filibusterismo,13,ANG ARALAN NG PISIKA,48,"—¡Hintay, hintay, hintay!"
El Filibusterismo,13,ANG ARALAN NG PISIKA,49,—ang biglang pigil ng katedratiko—Jesus para kang pagupak!
El Filibusterismo,13,ANG ARALAN NG PISIKA,50,Tayo’y nasa salitaang ang mga salamin ay binabahagi sa mga salaming metal at salaming bubog ¿ha?
El Filibusterismo,13,ANG ARALAN NG PISIKA,51,"At kung bigyan kita ng isang kahoy, ang kamagong sa halimbawa, na lininis na mabuti at hinibuan, o kaputol na marmol na maitim na pinakabuli, isang balok na asabatse na masisinagan ng larawan ng mga bagay na ilagay sa harap ¿saang bahagi mo ilalahok ang mga salaming iyan?"
El Filibusterismo,13,ANG ARALAN NG PISIKA,52,"Ang tinanong, sa dahilang hindi maalaman ang isasagot o kaya’y sa dahilang hindi nalinawan ang katanungan, ay tumangkang makalusot sa pagpapakilalang alam niya ang lisyon, kaya’t nagpatuloy na wari’y baha:"
El Filibusterismo,13,ANG ARALAN NG PISIKA,53,—“Ang mga una ay binubuo ng tanso o pagkakahalohalo ng iba’t ibang metal at ang pangalawa ay binubuo ng isang lapad na bubog na ang dalawang mukha’y kapwa kininis at ang isa rito’y may pahid na tinggang puti.
El Filibusterismo,13,ANG ARALAN NG PISIKA,54,”
El Filibusterismo,13,ANG ARALAN NG PISIKA,55,"—¡Tum, tum, tum!"
El Filibusterismo,13,ANG ARALAN NG PISIKA,56,hindi iyan; dominus vobiscum ang sinasabi ko sa iyo at ang isinasagot mo sa akin ay requiescat in pace!
El Filibusterismo,13,ANG ARALAN NG PISIKA,57,"At inulit sa wikang tinda, ng mabait na katedratiko, ang katanungan na linahukan sa bawa’t sandali ng mga cosa at aba."
El Filibusterismo,13,ANG ARALAN NG PISIKA,58,"Hindi makaiwas sa kagipitan ang kaawaawang binata: nag-aalinlangan sa kung nararapat niyang ihalo ang kamagong sa mga metal, ang marmol sa mga bubog at ang asabatse ay iwan sa alanganin, hanggang sa ang kalapit niyang si Juanito Pelaez ay bumulong sa kaniya ng lihim na:"
El Filibusterismo,13,ANG ARALAN NG PISIKA,59,—Ang salaming kamagong ay kasama ng mga salaming kahoy!
El Filibusterismo,13,ANG ARALAN NG PISIKA,60,"Inulit ng lito nating binata ang kaniyang nadingig, kaya’t nag-ihit sa katatawa ang kalahati ng klase."
El Filibusterismo,13,ANG ARALAN NG PISIKA,61,—¡Ikaw ang mabuting kamagong!
El Filibusterismo,13,ANG ARALAN NG PISIKA,62,"—ang sabi ng katedratiko na napilitang tumawa—Tingnan natin kung alin ang tatawagin nating salamin: ang pamukha, per se, in quantum est superficies, o ang katawang bumubuo ng ibabaw na ito o kaya’y ang bagay na kinapapatungan ng pamukhang ito ang pinagbuhatang bagay, na naiba dahil sa pagkakabago sa kaniya ng tinatawag na pamukha, sapagka’t maliwanag na, sa dahilang ang pamukha ay kabaguhan ng mga katawan, ay hindi mangyayaring mawalan ng kabagayan."
El Filibusterismo,13,ANG ARALAN NG PISIKA,63,Tingnan natin ¿ano ang sabi mo?
El Filibusterismo,13,ANG ARALAN NG PISIKA,64,¿Ako?
El Filibusterismo,13,ANG ARALAN NG PISIKA,65,¡wala!
El Filibusterismo,13,ANG ARALAN NG PISIKA,66,"ang isasagot sana ng kahabaghabag na hindi na maalaman kung ano ang pinagsasalitaan dahil sa karamihan ng mga pamukha at mga pagbabagong bumabayong masakit sa kaniyang tainga; ngunit nakapigil sa kaniya ang udyok ng kahihiyan, kaya’t balot kahapisan at pinapawisan na, noong inulit ng marahan:"
El Filibusterismo,13,ANG ARALAN NG PISIKA,67,—“Tinatawag na salamin ang lahat ng pamukha na binuli....
El Filibusterismo,13,ANG ARALAN NG PISIKA,68,”
El Filibusterismo,13,ANG ARALAN NG PISIKA,69,"—Ergo, per te, ang salamin ay ang ibabaw,—ang dukit ng katedratiko."
El Filibusterismo,13,ANG ARALAN NG PISIKA,70,—Kung gayon ay linawin mo sa akin ang ganitong bagay.
El Filibusterismo,13,ANG ARALAN NG PISIKA,71,"Kung ang pamukha ay siyang salamin, ay iba sa kabagayan ng salamin ang ano mang nalalagay sa likuran, sa dahilang ang nasa likod ay hindi makapagbabago sa nasa sa harapan, id est, ng ibabaw, quæ super faciem est, quia vocatur superficies facies ea quæ supra videtur; pinaayunan mo o hindi?"
El Filibusterismo,13,ANG ARALAN NG PISIKA,72,"Lalo pang nanindig ang buhok ng kaawaawang binata, na wari pinakilos ng isang malakas na galaw."
El Filibusterismo,13,ANG ARALAN NG PISIKA,73,—¿Pinaayunan mo o hindi?
El Filibusterismo,13,ANG ARALAN NG PISIKA,74,"—Kahi’t na ano, ang ibigin po ninyo, Padre, ang inaakala niyang isagot, ngunit hindi makapangahas na turan ang gayon, dahil sa natatakot siyang mangagtawanan."
El Filibusterismo,13,ANG ARALAN NG PISIKA,75,Yaon ang matatawag na kagipitan at kailan pa man ay hindi pa siya napapasok sa gayong kahigpit.
El Filibusterismo,13,ANG ARALAN NG PISIKA,76,"May-roon siyang munting gunita na hindi mapapaayunan ang kahi’t napakaliit na bagay sa mga prayle, na hindi nila pinalalabasan ng lahat ng pangyayari at kapakinabangang mahahaka, kundi’y magsabi na ang kanilang mga lupaing ari at mga kurato."
El Filibusterismo,13,ANG ARALAN NG PISIKA,77,"Kaya’t ang iniuudyok ng kaniyang anghel na taga pag-adya ay ipagkait ng buong tibay ng kaluluwa at katigasan ng kaniyang buhok ang ano mang bagay, at handa nang bumitiw ng isang matinding ¡nego!"
El Filibusterismo,13,ANG ARALAN NG PISIKA,78,", sa dahilang ang hindi umaamin ng anoman ay walang tinatanggap, ang sabi sa kaniya ng isang kawani sa hukuman; datapwa’y ang masamang ugaling hindi nakikingig sa udyok ng sariling budhi, ang di pananalig sa mga taong nakaaalam ng kautusan at ang paghanap ng abuloy sa iba, gayong sukat na ang kaniyang sarili, ay siyang sa kaniya’y sumira."
El Filibusterismo,13,ANG ARALAN NG PISIKA,79,"Hinuhudyatan siyang umayon ng mga kasama, lalo na si Juanito Pelaez, at sa pagpapadala sa masama niyang kapalaran, ay bumitiw ng isang umaayon po ako, Padre na ang boses ay malamlam na waring ang tinuran ay In manus tuas commendo spiritum meum."
El Filibusterismo,13,ANG ARALAN NG PISIKA,80,"—Concedo antecedentum—ang ulit ng nagtuturo na ngumiti ng may kahulugan—ergo, maaaring kayurin ko ang tinggang puti ng isang salaming bubog, palitan ng kaputol na bibingka at mayroon din tayong salamin, ¿ha?"
El Filibusterismo,13,ANG ARALAN NG PISIKA,81,"¿Ano, magkakaroon tayo?"
El Filibusterismo,13,ANG ARALAN NG PISIKA,82,"Ang binata’y tumingin sa mga nagsusuplong sa kaniya, ngunit nang makitang sila’y pawang gulilat din at hindi maalaman ang turan, ay nalarawan sa kaniyang mukha ang mapait na pagsisisi."
El Filibusterismo,13,ANG ARALAN NG PISIKA,83,"Deus meus, Deus meus, quare dereliquiste me, ang ipinahahayag ng kaniyang hapis na paningin samantalang ang kaniyang mga labi’y bumibigkas ng ¡linintikan!"
El Filibusterismo,13,ANG ARALAN NG PISIKA,84,"Walang nangyari sa kaniyang kauubo, binatak ang petsera ng kaniyang baro, itatayo ang isang paa, pagkatapos ay ang isa naman, walang matagpong kalinawan."
El Filibusterismo,13,ANG ARALAN NG PISIKA,85,"—Siya, ¿may ano tayo?"
El Filibusterismo,13,ANG ARALAN NG PISIKA,86,—ang ulit ng nagtuturo na nagtatalik sa bunga ng kaniyang tinuran.
El Filibusterismo,13,ANG ARALAN NG PISIKA,87,—¡Ang bibingka!
El Filibusterismo,13,ANG ARALAN NG PISIKA,88,—ang bulong ni Juanito Pelaez—¡ang bibingka!
El Filibusterismo,13,ANG ARALAN NG PISIKA,89,"—¡Tumigil ka, hangal!"
El Filibusterismo,13,ANG ARALAN NG PISIKA,90,—ang sigaw na tuloy ng di magkangtututong binata na ibig ng maiwasan ang kagipitan sa paraang mang-away.
El Filibusterismo,13,ANG ARALAN NG PISIKA,91,"—¡Tingnan natin, Juanito, kung mapaliwanagan mo ang bagay na ito!"
El Filibusterismo,13,ANG ARALAN NG PISIKA,92,—ang tanong ng katedratiko kay Pelaez.
El Filibusterismo,13,ANG ARALAN NG PISIKA,93,"Si Pelaez, na isa sa mga kinagigiliwan niya, ay dahandahang tumindig, ngunit siniko muna si Placido Penitente na siyang sumusunod sa lagay sa talaan."
El Filibusterismo,13,ANG ARALAN NG PISIKA,94,Ang ibig sabihin ng pag-siko ay:
El Filibusterismo,13,ANG ARALAN NG PISIKA,95,—¡Huwag kang malilingat at tambisan mo ako!
El Filibusterismo,13,ANG ARALAN NG PISIKA,96,"—¡Nego consecuentiam, Padre!"
El Filibusterismo,13,ANG ARALAN NG PISIKA,97,—ang sagot na walang kagatol-gatol.
El Filibusterismo,13,ANG ARALAN NG PISIKA,98,"—¡Aha, kung gayo’y probo consecuentiam!"
El Filibusterismo,13,ANG ARALAN NG PISIKA,99,"Per te, ang makintab na ibabaw ay siyang tunay na salamin."
El Filibusterismo,13,ANG ARALAN NG PISIKA,100,—¡Nego suppositum!
El Filibusterismo,13,ANG ARALAN NG PISIKA,101,—ang putol ni Juanito ng maramdamang binabatak siya ni Placido sa amerikana.
El Filibusterismo,13,ANG ARALAN NG PISIKA,102,—¿Papaano?
El Filibusterismo,13,ANG ARALAN NG PISIKA,103,Per te......
El Filibusterismo,13,ANG ARALAN NG PISIKA,104,—¡Nego!
El Filibusterismo,13,ANG ARALAN NG PISIKA,105,—Ergo ¿inakala mo na ang nasa likuran ay nagiging sanhi ng nasa harap?
El Filibusterismo,13,ANG ARALAN NG PISIKA,106,—¡Nego!
El Filibusterismo,13,ANG ARALAN NG PISIKA,107,"—ang sigaw na lalo pang malakas, dahil sa pagkakaramdam ng isa pang batak sa kaniyang amerikana."
El Filibusterismo,13,ANG ARALAN NG PISIKA,108,"Si Juanito, o lalong tumpak si Placido, na siyang tumatambis, ay hindi nakahahalatang ang ginagamit niyang kaparaanan ay ang sa insik: huwag tumanggap ng isa mang dayuhan upang huwag siyang masalakay."
El Filibusterismo,13,ANG ARALAN NG PISIKA,109,—¿Papaano ba tayo?
El Filibusterismo,13,ANG ARALAN NG PISIKA,110,"—ang tanong ng nagtuturo na may kaonting kalituhan at di mapalagay, na tinitingnan ang ayaw magparaang nag-aaral—¿nagbibigay sanhi o hindi sa harapan ang bagay na nasa likuran?"
El Filibusterismo,13,ANG ARALAN NG PISIKA,111,"Sa tiyak na katanungang ito, na maliwanag, na wari’y ultimatum, ay hindi maalaman ni Juanito ang isagot at wala namang iudyok sa kaniya ang kaniyang amerikana."
El Filibusterismo,13,ANG ARALAN NG PISIKA,112,Walang mapala sa kahuhudyat kay Placido; si Placido ay alinlangan.
El Filibusterismo,13,ANG ARALAN NG PISIKA,113,"Sinamantala ni Juanito ang sandaling pagkakatingin ng katedratiko sa isang nag-aaral, na palihim na inalis sa paa ang mahigpit na saping suot, at niyapakang malakas si Placido na sabay ang sabing:"
El Filibusterismo,13,ANG ARALAN NG PISIKA,114,"—¡Tambisan mo ako, sulong, tambisan mo ako!"
El Filibusterismo,13,ANG ARALAN NG PISIKA,115,—Distingo....
El Filibusterismo,13,ANG ARALAN NG PISIKA,116,¡Aray!
El Filibusterismo,13,ANG ARALAN NG PISIKA,117,¡napakahayop ka!
El Filibusterismo,13,ANG ARALAN NG PISIKA,118,"—ang sigaw na hindi kinukusa ni Placido na tinitingnang pagalit si Juanito, samantalang hinihipo ang kaniyang sapatos na tsarol."
El Filibusterismo,13,ANG ARALAN NG PISIKA,119,"Nadingig ng pari ang sigaw, nakita sila’t nahulaan ang nangyayari."
El Filibusterismo,13,ANG ARALAN NG PISIKA,120,"—¡Oy, ikaw, espiritu sastre!"
El Filibusterismo,13,ANG ARALAN NG PISIKA,121,"—ang sabi—hindi ikaw ang tinatanong ko, ngunit yayamang ginawa mo ang magligtas sa iba, ay tingnan natin, iligtas mo ang katawan mo, salva te ipsum, at paliwanagan mo sa akin ang likwad."
El Filibusterismo,13,ANG ARALAN NG PISIKA,122,Magalak na umupo si Juanito at katunayan ng kaniyang utang na loob ay pinanglawitan ng dila ang tumatambis sa kaniya.
El Filibusterismo,13,ANG ARALAN NG PISIKA,123,"Samantala namang ito, namumula dahil sa kahihiyan, ay tumindig at bumulong ng di malinawang mga dahilan."
El Filibusterismo,13,ANG ARALAN NG PISIKA,124,"Tinaya siyang sandali ni P. Millon, kagaya ng lumalasap sa tingin ng isang kakanin."
El Filibusterismo,13,ANG ARALAN NG PISIKA,125,"¡Kay inam marahil ng pangayumpapain at ilagay sa kahihiyan ang binatang iyong magara, kailan ma’y mainam ang bihis, taas ang ulo at aliwalas ang paningin!"
El Filibusterismo,13,ANG ARALAN NG PISIKA,126,"Isa ring kaawaang gawa ang gayon; kaya’t ipinatuloy ng buong puso ng nagtuturo ang gawain, na maliwanag na inulit ang katanungan:"
El Filibusterismo,13,ANG ARALAN NG PISIKA,127,—Sinasabi ng aklat na ang mga salaming metal ay binubuo ng tanso o pagkakahalo ng iba’t ibang metal totoo o hindi?
El Filibusterismo,13,ANG ARALAN NG PISIKA,128,"—Sinasabi ng aklat, Padre......"
El Filibusterismo,13,ANG ARALAN NG PISIKA,129,—Liber dixit ergo ita est; hindi mo nasa ang dumunong pa kay sa aklat....
El Filibusterismo,13,ANG ARALAN NG PISIKA,130,"—At pagkatapos ay idinugtong, na, ang mga salaming bubog ay binubuo ng isang palas na bubog, na ang dalawa niyang mukha ay kininis at ang isa sa kanila ay may pahid na ginilong na tinggang puti,—¡nota bene!"
El Filibusterismo,13,ANG ARALAN NG PISIKA,131,isang ginilong na tinggang puti.
El Filibusterismo,13,ANG ARALAN NG PISIKA,132,¿Tunay ba ito?
El Filibusterismo,13,ANG ARALAN NG PISIKA,133,"—Kung sinasabi ng aklat, Padre......"
El Filibusterismo,13,ANG ARALAN NG PISIKA,134,—¿Ang tinggang puti ay metal?
El Filibusterismo,13,ANG ARALAN NG PISIKA,135,"—Tila po, Padre; sinasabi ng aklat......"
El Filibusterismo,13,ANG ARALAN NG PISIKA,136,"—Metal nga, metal nga, at ang ibig sabihin ng salitang ginilong ay ang pagkakahalo niya sa asoge na isa ding metal."
El Filibusterismo,13,ANG ARALAN NG PISIKA,137,"Ergo ang isang salaming bubog ay isang salaming metal; ergo ang mga pagkakabahagi ay hindi maliwanag, ergo ang pagiibaiba ay masama, ergo...."
El Filibusterismo,13,ANG ARALAN NG PISIKA,138,"¿Papaano ang pagpapaliwanag mo, espiritu sastre?"
El Filibusterismo,13,ANG ARALAN NG PISIKA,139,"At tinindihan ang mga ergo at ang mga mo ng buong diin at ikinindat ang mata na waring ang ibig sabihin, ay: ¡luto ka na!"
El Filibusterismo,13,ANG ARALAN NG PISIKA,140,—Itong.... ang ibig sabihin ay itong....
El Filibusterismo,13,ANG ARALAN NG PISIKA,141,—ang bulong ni Placido.
El Filibusterismo,13,ANG ARALAN NG PISIKA,142,"—Kung gayon ay hindi mo nawatasan ang lisyon, budhing aba, na walang namumuwangan ay sumusulsol sa kapwa."
El Filibusterismo,13,ANG ARALAN NG PISIKA,143,"Ang buong klase ay hindi nagdamdam sa gayon, inari pang mainam ng marami ang pagkakatula, kaya’t nangagtawanan."
El Filibusterismo,13,ANG ARALAN NG PISIKA,144,Kinagat ni Placido ang kaniyang mga labi.
El Filibusterismo,13,ANG ARALAN NG PISIKA,145,—¿Ano ang pangalan mo?
El Filibusterismo,13,ANG ARALAN NG PISIKA,146,—ang tanong ng pari.
El Filibusterismo,13,ANG ARALAN NG PISIKA,147,Matigas na sumagot si Placido.
El Filibusterismo,13,ANG ARALAN NG PISIKA,148,—¡Aha!
El Filibusterismo,13,ANG ARALAN NG PISIKA,149,"Placido Penitente, mukha ka pang Placido Soplon o Soplado."
El Filibusterismo,13,ANG ARALAN NG PISIKA,150,Ngunit bibigyan kita ng penitencia dahil sa iyong mga sopladuria.
El Filibusterismo,13,ANG ARALAN NG PISIKA,151,"At siyang siya sa kaniyang mga pasalisalikwat na pananalita, ay ipinag-utos kay Placido na sabihin ang lisyon."
El Filibusterismo,13,ANG ARALAN NG PISIKA,152,Sa kalagayang yaon ng binata ay nagkaroon ng mahigit na tatlong mali.
El Filibusterismo,13,ANG ARALAN NG PISIKA,153,"Nang makita ang gayon ng paring nagtuturo ay itinangotango ang ulo, binuksang dahan dahan ang talaan at banayad na banayad na tinunghan, samantalang binabanggit na marahan ang mga pangalan."
El Filibusterismo,13,ANG ARALAN NG PISIKA,154,—Palencia....
El Filibusterismo,13,ANG ARALAN NG PISIKA,155,Palomo....
El Filibusterismo,13,ANG ARALAN NG PISIKA,156,Panganiban....
El Filibusterismo,13,ANG ARALAN NG PISIKA,157,Pedraza....
El Filibusterismo,13,ANG ARALAN NG PISIKA,158,Pelado....
El Filibusterismo,13,ANG ARALAN NG PISIKA,159,"Penitente, ¡aha!"
El Filibusterismo,13,ANG ARALAN NG PISIKA,160,"Placido Penitente, labing limang araw na kusang pagkukulang sa pagpasok."
El Filibusterismo,13,ANG ARALAN NG PISIKA,161,Si Placido ay umunat:
El Filibusterismo,13,ANG ARALAN NG PISIKA,162,"—¿Labing limang pagkukulang, Padre?"
El Filibusterismo,13,ANG ARALAN NG PISIKA,163,—Labing limang kusang pagkukulang sa pagpasok—ang patuloy ng nagtuturo—Kung gayo’y isa na lamang ang kulang upang maalis sa talaan.
El Filibusterismo,13,ANG ARALAN NG PISIKA,164,"—¿Labing limang pagkukulang, labing lima?"
El Filibusterismo,13,ANG ARALAN NG PISIKA,165,—ang ulit ni Placido na nagugulumihanan—makaapat pa lamang akong nagkukulang at kung baga man ay ngayon ang ikalima.
El Filibusterismo,13,ANG ARALAN NG PISIKA,166,"—¡Husito, husito, señolia!"
El Filibusterismo,13,ANG ARALAN NG PISIKA,167,"—ang sagot ng pari, na minasdan ang binata sa ibabaw ng kaniyang salaming may kulob na ginto."
El Filibusterismo,13,ANG ARALAN NG PISIKA,168,"—Kinikilala mong nagkulang ka ng makalima, at ang Dios lamang ang nakababatid kung hindi ka nagkulang ng higit pa sa roon!"
El Filibusterismo,13,ANG ARALAN NG PISIKA,169,"Atqui sa dahilang bihira kong basahin ang talaan at sa bawa’t pagkahuli ko sa isa ay nilalagyan ko ng limang guhit, ergo ¿ilan ang makalimang lima?"
El Filibusterismo,13,ANG ARALAN NG PISIKA,170,¡Nakalimot ka na marahil ng multiplicar!
El Filibusterismo,13,ANG ARALAN NG PISIKA,171,¿Makalimang lima ay ilan?
El Filibusterismo,13,ANG ARALAN NG PISIKA,172,—Dalawang pu’t lima.
El Filibusterismo,13,ANG ARALAN NG PISIKA,173,—¡Husito husito!
El Filibusterismo,13,ANG ARALAN NG PISIKA,174,Sa gayon ay nakalamang ka pa ng sampu sapagka’t makaitlo lamang kitang nahuli sa pagkukulang....
El Filibusterismo,13,ANG ARALAN NG PISIKA,175,¡Uy!
El Filibusterismo,13,ANG ARALAN NG PISIKA,176,"kung nahuli kita sa lahat ng pagkukulang mo, a...."
El Filibusterismo,13,ANG ARALAN NG PISIKA,177,At ¿ilan ang makaitlong lima?
El Filibusterismo,13,ANG ARALAN NG PISIKA,178,—Labing lima......
El Filibusterismo,13,ANG ARALAN NG PISIKA,179,"—Labing lima, parejo camaron con cangrejo!"
El Filibusterismo,13,ANG ARALAN NG PISIKA,180,"—ang tapos ng nagtuturo na itinupi ang talaan—pag nagkabiso ka pang minsan ay, sulong!"
El Filibusterismo,13,ANG ARALAN NG PISIKA,181,¡apuera de la fuerta!
El Filibusterismo,13,ANG ARALAN NG PISIKA,182,¡Ah!
El Filibusterismo,13,ANG ARALAN NG PISIKA,183,at ngayon ay isang pagkukulang sa lisyon sa araw araw.
El Filibusterismo,13,ANG ARALAN NG PISIKA,184,"At muling binuksan ang talaan, hinanap ang pangalan at linagyan ng isang munting guhit."
El Filibusterismo,13,ANG ARALAN NG PISIKA,185,"—¡Siya, isang munting guhit!"
El Filibusterismo,13,ANG ARALAN NG PISIKA,186,—ang sabi—pagka’t wala ka pa ni isa man lamang!
El Filibusterismo,13,ANG ARALAN NG PISIKA,187,"—Ngunit Padre—ang sabi ni Placido na nagpipigil pa—kung lalagyan po ninyo ako ng pagkukulang sa lisyon, Padre, ay dapat po naman, Padre, na alisin ninyo ang pagkukulang ko sa pagpasok na inilagay ninyo ngayon sa akin."
El Filibusterismo,13,ANG ARALAN NG PISIKA,188,"Ang pari ay hindi sumagot; inilagay munang dahandahan ang pagkukulang, tiningnang ikiniling ang ulo—marahil ay mainam ang pagkakaayos ng guhit—tiniklop ang talaan at pagkatapos ay pakutyang tumanong:"
El Filibusterismo,13,ANG ARALAN NG PISIKA,189,—¡Aba!
El Filibusterismo,13,ANG ARALAN NG PISIKA,190,at ¿bakit ñol?
El Filibusterismo,13,ANG ARALAN NG PISIKA,191,"—Sapagka’t hindi malilirip, Padre, na ang isang tawo’y magkulang sa pagpasok at makapagbigay ng lisyon.... ang sabi po ninyo, Padre, ay, ang naroon at ang wala......"
El Filibusterismo,13,ANG ARALAN NG PISIKA,192,—¡Naku!
El Filibusterismo,13,ANG ARALAN NG PISIKA,193,"metapisiko pa, ¡wala pa lamang sa panahon!"
El Filibusterismo,13,ANG ARALAN NG PISIKA,194,"Hindi malilirip, ha?"
El Filibusterismo,13,ANG ARALAN NG PISIKA,195,"Sed patet experientia at contra experientiam negantem, fusilibus est arguendum, alam mo?"
El Filibusterismo,13,ANG ARALAN NG PISIKA,196,"At hindi mo malirip, pilosopo, na mangyayaring magkasabay na magkulang sa pagpasok at hindi matuto ng lisyon?"
El Filibusterismo,13,ANG ARALAN NG PISIKA,197,¿Di yata’t ang hindi pagpasok ay katuturan na ng karunungan?
El Filibusterismo,13,ANG ARALAN NG PISIKA,198,¿Ano ang sasabihin mo pilosopastro?
El Filibusterismo,13,ANG ARALAN NG PISIKA,199,Ang huling binyag na ito’y siyang naging patak na nakapagpaapaw sa sisidlan.
El Filibusterismo,13,ANG ARALAN NG PISIKA,200,"Si Placido, na kinikilalang pilosopo ng kaniyang mga kaibigan, ay naubusan ng pagtitiis, inihagis ang aklat, tumindig at hinarap ang paring nagtuturo:"
El Filibusterismo,13,ANG ARALAN NG PISIKA,201,"—¡Sukat na, Padre, sukat na!"
El Filibusterismo,13,ANG ARALAN NG PISIKA,202,"Maaari pong lagyan ninyo ako ng mga pagkukulang na ibig ninyong ilagay, ngunit wala po kayong karapatang lumait sa akin."
El Filibusterismo,13,ANG ARALAN NG PISIKA,203,"Maiwan kayo sa inyong klase, sapagka’t hindi na ako makapagtitiis pa."
El Filibusterismo,13,ANG ARALAN NG PISIKA,204,At umalis na ng walang paalam.
El Filibusterismo,13,ANG ARALAN NG PISIKA,205,Ang buong paaralan ay nasindak: ang gayong pagpapakilala ng karangalan ay hindi pa halos nakikita: ¿sino ang makaakala na si Placido Penitente....?
El Filibusterismo,13,ANG ARALAN NG PISIKA,206,"Ang paring nagtuturo, na nabigla, ay napakagat labi at minasdan siya sa pag-alis na itinatango ang ulo na may pagbabala."
El Filibusterismo,13,ANG ARALAN NG PISIKA,207,"Ang boses ay nanginginig na sinimulan ang sermon na ang salaysayin ay ang dati rin, kahi’t lalong malakas at lalong mapusok ang pangungusap."
El Filibusterismo,13,ANG ARALAN NG PISIKA,208,"Tinukoy ang nagsisimulang pagmamataas, ang di paglingap ng utang na loob sapol pagkatao, ang kapalaluan, ang di paggalang sa mga nakatataas, ang kapalaluang iniuudyok sa mga binata ng sitan ng kadiliman, ang kakulangan sa pinag-aralan, ang kadahupan at ibp."
El Filibusterismo,13,ANG ARALAN NG PISIKA,209,Matapos iyon ay tumuloy naman sa pagpaparunggit at pagkutya sa hangad ng ilang sopladillo na magturo pa sa kanilang mga guro at magtatayo ng isang akademia na ukol sa pagtuturo ng wikang kastila.
El Filibusterismo,13,ANG ARALAN NG PISIKA,210,"—¡Ha, ha!"
El Filibusterismo,13,ANG ARALAN NG PISIKA,211,"—aniya—iyang mga kamakalawa lamang ay babahagyang makabigkas ng si, Padre, no, Padre ¿ay ibig pang lumalo sa mga inubanan na sa pagtuturo?"
El Filibusterismo,13,ANG ARALAN NG PISIKA,212,Ang sadyang ibig matuto ay natututo mayroon man o walang mga akademia!
El Filibusterismo,13,ANG ARALAN NG PISIKA,213,"¡Marahil iyan, iyang kaaalis pa lamang, ay isa sa mga may panukala!"
El Filibusterismo,13,ANG ARALAN NG PISIKA,214,¡Kay inam ng kalalabasan ng wikang kastila sa mga ganyang tagapagtanggol!
El Filibusterismo,13,ANG ARALAN NG PISIKA,215,¿Saang kayo kukuha ng panahong ipaparoon sa Akademia sa halos kinakapos kayo sa ikagaganap sa kailangan ng klase?
El Filibusterismo,13,ANG ARALAN NG PISIKA,216,"Ibig naming matuto kayo ng wikang kastila at masalita ninyong mabuti upang huwag ninyong sirain ang aming tainga sa inyong mga gawi at inyong mga pe, ngunit una muna ang katungkulan bago ang pagdadasal; tumupad muna kayo sa inyong pag-aaral at saka kayo mag-aral ng wikang kastila at pumasok pa kayong manunulat kung ibig ninyo."
El Filibusterismo,13,ANG ARALAN NG PISIKA,217,"At nagpatuloy sa gayong kasasalita hangang sa tumugtog ang kampana at natapos ang klase, at ang dalawang daan at tatlong pu’t apat na nag-aaral, matapos makapagdasal, ay umalis na wala ring namumuwangang kagaya ng pumasok, ngunit nangagsihingang wari’y naalisan ng isang malaking pataw sa katawan."
El Filibusterismo,13,ANG ARALAN NG PISIKA,218,"Ang bawa’t isa sa mga binata’y nawalan ng isang oras pa sa kaniyang pamumuhay at kasabay noon ang isang bahagi ng karangalan at pagpapahalaga sa sarili, ngunit sa isang dako naman ay nararagdagan ang panghihina ng loob, ang di pagkagiliw sa pag-aaral at ang mga pagdaramdam ng mga puso."
El Filibusterismo,13,ANG ARALAN NG PISIKA,219,"¡Matapos ito’y hingan sila ng karunungan, karangalan, pagkilala ng utang na loob!"
El Filibusterismo,13,ANG ARALAN NG PISIKA,220,"—¡De nobis post hæc, tristis sententia fertur!"
El Filibusterismo,13,ANG ARALAN NG PISIKA,221,"At gaya rin ng dalawang daa’t tatlong pu’t apat na ito’y dinaan ang mga oras ng kanilang klase ng libo at libong nag-aral na nauna sa kanila, at, kung hindi maaayos ang mga bagaybagay, ay daraan ding gayon ang mga susunod at magiging mga batingol, at ang karangalang sinugatan at ang sigabong ligaw ng kabataan ay magiging pagtatanim at katamaran, na gaya ng mga alon, na nagiging maputik sa ilang pook ng dalampasigan, na sa pagsusunuran ay lalo’t lalo pang lumalapad ang naiiwanan ng yagit."
El Filibusterismo,13,ANG ARALAN NG PISIKA,222,"Datapwa’y, Yaong mula sa walang katapusan ay nakakikita sa mga ibubunga ng isang kagagawan na nakakalas na wari’y sinulid, Yaong tumitimbang ng mga sandali at nagtakda sa kaniyang mga nilalang na ang unang batas ay ang paghanap ng ikasusulong at ng kawastuan, Yaong, kung tapat, ay hihingi ng pagtutuus sa dapat hingan, ng dahil sa mga yutayutang pag-iisip na pinalabo at binulag, ng dahil sa karangalang pinawi sa yutayutang tao at ng dahil sa di mabilang na panahong lumipas at gawang nawalan ng kabuluhan!"
El Filibusterismo,13,ANG ARALAN NG PISIKA,223,"At kung ang mga turo sa Ebanhelio ay may tining na katotohanan, ay mananagot din ang mga yutayutang hindi nangatutong itago ang liwanag ng kaniyang pag-iisip at ang karangalan ng kaniyang budhi, gaya rin naman ng pag-uusisa ng panginoon sa alipin nang salaping ipinanakaw niya dahil sa karuwagan!"
El Filibusterismo,14,ISANG TAHANAN NANG MGA NAG-AARAL,1,Lubhang karapatdapat dalawin ang bahay na tinitirahan ni Makaraig.
El Filibusterismo,14,ISANG TAHANAN NANG MGA NAG-AARAL,2,"Malaki, maluwang, may dalawang patong na entresuelo na may magagarang salang-bakal, wari’y isang paaralan sa mga unang oras ng umaga at isang hinalong linugaw magmula naman sa ika sampu."
El Filibusterismo,14,ISANG TAHANAN NANG MGA NAG-AARAL,3,"Sa mga oras ng paglilibang ng mga nangungupahan, mula sa pagpasok sa maluwang na silong hanggan sa itaas ng kabahayan, ay walang humpay ang tawanan, ang kaguluhan at ang galawan."
El Filibusterismo,14,ISANG TAHANAN NANG MGA NAG-AARAL,4,"May mga binatang damit pangbahay na naglalaro ng sipa, nangagsasanay sa pagpapalakas sa pamagitan ng mga trapesiong gawa lamang nila; sa hagdanan ay nagpapamook ang walo o siyam na ang mga sandata ay mga tungkod, mga sibat, mga kalawit at silo, ngunit ang mga lumulusob at nilulusob ay karaniwan nang hindi nagkakasakitan; ang mga palo ay tumatama sa likod ng insik na nagbibili ng kaniyang tindang mga kakanin at nakasisirang kalamay, sa tabi ng hagdan."
El Filibusterismo,14,ISANG TAHANAN NANG MGA NAG-AARAL,5,"Nalilibid siya ng maraming bata, binabatak ang kaniyang buhok na kalag na’t gusot, inaagawan siya ng isang kalamay, tinatawaran sa halaga, at ginagawan ng iba’t ibang kabuktutan."
El Filibusterismo,14,ISANG TAHANAN NANG MGA NAG-AARAL,6,"Ang insik ay nagsisisigaw, nagtutungayaw sa lahat ng wikang kaniyang batid, sampu sa kaniyang sariling wika, mag-iiyakiyakan, tatawa, sasamo, isasaya ang mukha kung walang mangyari sa kaniya sa masama, o pabalik."
El Filibusterismo,14,ISANG TAHANAN NANG MGA NAG-AARAL,7,"—¡A, muasama yan!"
El Filibusterismo,14,ISANG TAHANAN NANG MGA NAG-AARAL,8,—Bo kosiesia—Hienne kilistiano—Kayo limonyo—¡Salamahe!
El Filibusterismo,14,ISANG TAHANAN NANG MGA NAG-AARAL,9,—¡tusu tusu!
El Filibusterismo,14,ISANG TAHANAN NANG MGA NAG-AARAL,10,at ibp.
El Filibusterismo,14,ISANG TAHANAN NANG MGA NAG-AARAL,11,"¡Piph, paph!"
El Filibusterismo,14,ISANG TAHANAN NANG MGA NAG-AARAL,12,¡walang kailangan!
El Filibusterismo,14,ISANG TAHANAN NANG MGA NAG-AARAL,13,"Ililingong nakangiti ang mukha; kung sa kaniyang likod lamang tumatama ang mga palo ay patuloy ding walang kagambagambala sa kaniyang pangangalakal, sumisigaw na lamang ng:—No hugalo ¿e?"
El Filibusterismo,14,ISANG TAHANAN NANG MGA NAG-AARAL,14,no hugalo!
El Filibusterismo,14,ISANG TAHANAN NANG MGA NAG-AARAL,15,"ngunit pag tumama sa bilao ng kaniyang mga kakanin, ay saka susumpang hindi na babalik, pupulas sa kaniyang bibig ang lahat ng tungayaw at lait na maiisip; ang mga bata naman ay lalong nagsusumidhi upang siya’y pagalitin at pag nakitang naubos na ang masasabi ng insik at sila naman ay busog na sa hupya at inasnang buto ng pakuwan ay saka lamang siya babayaran ng walang kadayadaya at ang insik ay aalis na masaya, tumatawa, kumikindat at tinatanggap na wari’y himas ang mahihinang palo na ibinibigay ng mga nag-aaral na bilang pinakapaalam."
El Filibusterismo,14,ISANG TAHANAN NANG MGA NAG-AARAL,16,"—¡¡Huaya, homia!!"
El Filibusterismo,14,ISANG TAHANAN NANG MGA NAG-AARAL,17,"Ang mga tugtugan ng piano at biolin, ng biguela at kurdion ay nakikisaliw sa tunog ng paluan ng baston sa pag-aaral ng eskrima."
El Filibusterismo,14,ISANG TAHANAN NANG MGA NAG-AARAL,18,"Sa paligid ng isang malapad at mahabang dulang ay sumusulat ang mga nag-aaral sa Ateneo, ginagawa ang kanilang mga sulating ihaharap, niyayari ang kanilang mga suliranin sa piling ng mga ibang sumusulat sa mga papel na kulay rosa at may palamuting ukit na batbat ng mga guhit sa kanikanilang mga iniibig; ang isa’y gumagawa ng dula sa siping ng isang nag-aaral na tumugtog ng plauta, kaya’t ang mga tula’y napasusuwitan na sa simula pa lamang."
El Filibusterismo,14,ISANG TAHANAN NANG MGA NAG-AARAL,19,"Sa dako pa roon, ang may katandaan, mga nag-aaral ng facultad, na, mga sutlang midias at sapatilyang may burda ang suot, ay nangaglilibang sa pagpapagalit sa mga batang pinipirol sa tainga na namumula na tuloy dahil sa kapipingot; dalawa o tatlo ang pumipigil sa isang maliit na sumisigaw, umiiyak at ipinagtatanggol sa pamagitan ng kasisipa ang tali ng kaniyang salawal: ibig lamang na iwan siyang kagaya noong sumipot sa liwanag.... pumapalag at umiiyak."
El Filibusterismo,14,ISANG TAHANAN NANG MGA NAG-AARAL,20,"Sa isang silid, sa paligid ng isang mesa velador, ang apat ay nagrerebesino sa gitna ng tawanan at biruang ikinayayamot ng isang kunwari nag-aaral ng lisyon ngunit, ang tunay ay nag-aantay lamang na makahalili at siya naman ang makasugal."
El Filibusterismo,14,ISANG TAHANAN NANG MGA NAG-AARAL,21,"Ang isa’y dumating na wari’y nagugulumihanan sa gayon, gulilat at lumapit sa mesa."
El Filibusterismo,14,ISANG TAHANAN NANG MGA NAG-AARAL,22,—¡Napakamabisyo kayo!
El Filibusterismo,14,ISANG TAHANAN NANG MGA NAG-AARAL,23,¡Kaagaaga ay sugal na!
El Filibusterismo,14,ISANG TAHANAN NANG MGA NAG-AARAL,24,"¡Tingnan ko, tingnan ko!"
El Filibusterismo,14,ISANG TAHANAN NANG MGA NAG-AARAL,25,¡Tunggak!
El Filibusterismo,14,ISANG TAHANAN NANG MGA NAG-AARAL,26,¡ihatak mo ang tatlong espada!
El Filibusterismo,14,ISANG TAHANAN NANG MGA NAG-AARAL,27,At itinupi ang kaniyang aklat at nakilaro naman.
El Filibusterismo,14,ISANG TAHANAN NANG MGA NAG-AARAL,28,"Nadingig ang sigawan, kumalabog ang hampasan."
El Filibusterismo,14,ISANG TAHANAN NANG MGA NAG-AARAL,29,Ang dalawa’y nag-away sa kanugnog na silid: isang nag-aaral na pilay na napabarahin at isang kaawaawang kagagaling pa lamang sa kaniyang lalawigan.
El Filibusterismo,14,ISANG TAHANAN NANG MGA NAG-AARAL,30,"Ito, na bahagya pa lamang nagsisimula sa pag-aaral, ay nakatagpo ng isang aklat na ukol sa pilosopia at binasang malakas, walang kamalakmalak at masama ang diin sa pagbigkas ng mga banggit na:"
El Filibusterismo,14,ISANG TAHANAN NANG MGA NAG-AARAL,31,"—¡Cogito, ergo sum!"
El Filibusterismo,14,ISANG TAHANAN NANG MGA NAG-AARAL,32,"Inari ng pilay, na siya’y pinatatamaan, ang ibang kasama’y namagitna’t pumapayapa, ngunit ang katunayan ay naguulot pa nga, kaya’t sa huli’y nangagpanuntukan."
El Filibusterismo,14,ISANG TAHANAN NANG MGA NAG-AARAL,33,"Sa kakanan ay isang binatang may isang latang sardinas, isang boteng alak at ang mga baong dala na galing sa kaniyang bayan, ay naglulunggati sa pagpupumilit na siya’y saluhan sa pagkain ng kaniyang mga kaibigan, samantalang ang mga kaibigan naman ay nangaglulunggati rin sa pag-ayaw."
El Filibusterismo,14,ISANG TAHANAN NANG MGA NAG-AARAL,34,"Ang iba’y nangaliligo sa azotea at pinagsasanayan ang tubig sa balon sa pagbobombero, nangaglalaban ng sabuyan sa gitna ng kagalakan ng mga nanonood."
El Filibusterismo,14,ISANG TAHANAN NANG MGA NAG-AARAL,35,"Ngunit ang ingay at kaguluhan ay untiunting napapawi samantalang dumarating ang ilang may katangiang nag-aaral, na tinipan ni Makaraig upang balitaan ng lakad ng Akademia ng wikang kastila."
El Filibusterismo,14,ISANG TAHANAN NANG MGA NAG-AARAL,36,"Si Isagani’y sinalubong ng buong giliw, na gaya rin ng taga Españang si Sandoval, na kawaning dumating sa Maynila at tinatapos ang kaniyang pag-aaral, na kaisang lubos sa mga hangarin ng mga nag-aaral na pilipino."
El Filibusterismo,14,ISANG TAHANAN NANG MGA NAG-AARAL,37,Ang halang na inilalagay ng politika sa mga lahi ay nawawala sa mga paaralan na wari’y natutunaw sa init ng karunungan at ng kabataan.
El Filibusterismo,14,ISANG TAHANAN NANG MGA NAG-AARAL,38,"Sa kawalan ng mga Ateneo at lipunang ukol sa katarungan, sa wika at sa politika ay sinasamantala ni Sandoval ang lahat ng paglilipon upang gamitin ang kaniyang malaking kaya sa pagsasalaysay, sa pamag-itan ng pagbigkas ng mga talumpati, pakikipagtalo sa kahi’t na anong sanhi at napapapagakpak ang mga kaibigan at nakikingig sa kaniya."
El Filibusterismo,14,ISANG TAHANAN NANG MGA NAG-AARAL,39,Nang mga sandaling yaon ang sanhi ng salitaan ay ang pagtuturo ng wikang kastila.
El Filibusterismo,14,ISANG TAHANAN NANG MGA NAG-AARAL,40,"Sa dahilang si Makaraig ay hindi pa dumarating, ang mga paghuhulohulo ay siyang idinadaos."
El Filibusterismo,14,ISANG TAHANAN NANG MGA NAG-AARAL,41,—¿Ano kaya ang nangyari?
El Filibusterismo,14,ISANG TAHANAN NANG MGA NAG-AARAL,42,—¿Ano ang ipinasiya ng General?
El Filibusterismo,14,ISANG TAHANAN NANG MGA NAG-AARAL,43,—¿Ipinagkait ang pahintulot?
El Filibusterismo,14,ISANG TAHANAN NANG MGA NAG-AARAL,44,—¿Nagtagumpay si P. Irene?
El Filibusterismo,14,ISANG TAHANAN NANG MGA NAG-AARAL,45,—¿Nagtagumpay si P. Sibyla?
El Filibusterismo,14,ISANG TAHANAN NANG MGA NAG-AARAL,46,"Ito ang tanongtanungan ng isa’t isa, mga tanong na ang tanging makasasagot ay si Makaraig."
El Filibusterismo,14,ISANG TAHANAN NANG MGA NAG-AARAL,47,"Sa mga binatang nagkakalipon ay may mga may palagay na loob na gaya ni Isagani at ni Sandoval na nakikinikinita nang yari ang bagay, at pinag-uusapan na ang pagkalugod at pagpupuri sa Pamahalaan, ang ukol sa pag-ibig sa tinubuan ng mga nag-aaral, mga kapalagayang loob na nag-udyok kay Juanito Pelaez upang kanyahin ang malaking bahagi ng karangalan ng pagtatatag ng Kapisanan."
El Filibusterismo,14,ISANG TAHANAN NANG MGA NAG-AARAL,48,"Ang lahat ng ito’y sinasagot ng di nasisiyahang loob na si Pecson,—isang matabang kung tumawa’y animo bungo—sa pagsasalita ng ukol sa mga sulsol na makapangyayari, na ang Obispo A."
El Filibusterismo,14,ISANG TAHANAN NANG MGA NAG-AARAL,49,", si Padre B."
El Filibusterismo,14,ISANG TAHANAN NANG MGA NAG-AARAL,50,", ang Provincial C."
El Filibusterismo,14,ISANG TAHANAN NANG MGA NAG-AARAL,51,"ay pinagtanungan o hindi at ang ipinayo o hindi ay ang ipasok sa bilanguan ang lahat ng nasa kapisanan, balitang nagdudulot ng di ikapalagay ni Juanito Pelaez, na nauutal naman sa pagsasabing:"
El Filibusterismo,14,ISANG TAHANAN NANG MGA NAG-AARAL,52,"—¡Aba, huwag ninyo akong ihalo!......"
El Filibusterismo,14,ISANG TAHANAN NANG MGA NAG-AARAL,53,"Si Sandoval, dahil sa kaniyang pagkakastila at pagkamalaya, ay nag-iinit:"
El Filibusterismo,14,ISANG TAHANAN NANG MGA NAG-AARAL,54,—¡Ngunit p....!
El Filibusterismo,14,ISANG TAHANAN NANG MGA NAG-AARAL,55,—aniya—ang ganiyan ay isang paghihinala ng masama sa General!
El Filibusterismo,14,ISANG TAHANAN NANG MGA NAG-AARAL,56,"¡Alam ko ngang napakamakaprayle, ngunit sa mga ganiyang bagay ay hindi napasusulsol sa mga prayle!"
El Filibusterismo,14,ISANG TAHANAN NANG MGA NAG-AARAL,57,"¿Ibig baga ninyong turan sa akin, Pecson, kung ano ang pinanunulayan ninyo sa pagsasabing walang sariling pasiya ang General?"
El Filibusterismo,14,ISANG TAHANAN NANG MGA NAG-AARAL,58,"—Hindi iyan ang sinasabi ko, Sandoval—ang sagot ni Pecson na sa pagtawa’y ipinatatanaw halos ang kaniyang huling bagang—sa ganang akin, ang General, ay may sariling kapasiyahan, ito nga, ang kapasiyahan sa lahat ng nasa abot ng kaniyang kamay......"
El Filibusterismo,14,ISANG TAHANAN NANG MGA NAG-AARAL,59,¡Ito’y lubhang maliwanag!
El Filibusterismo,14,ISANG TAHANAN NANG MGA NAG-AARAL,60,—¡At sulong pa rin!
El Filibusterismo,14,ISANG TAHANAN NANG MGA NAG-AARAL,61,"Ngunit turan ninyo sa akin ang isang pangyayari—ang sigaw ni Sandoval—iwasan natin ang mga pagtatalong walang katuturan, ang mga salitang walang kabuluhan, at tumungo tayo sa mga pangyayari—ang dugtong na sinabayan ng makiyas na kilos ang pagsasalita—Mga pangyayari, mga ginoo, mga pangyayari; ang hindi gayon ay mga hulohulong di ko ibig tawaging pilibustero."
El Filibusterismo,14,ISANG TAHANAN NANG MGA NAG-AARAL,62,Si Pecson ay tumawa at sinabat siyang:
El Filibusterismo,14,ISANG TAHANAN NANG MGA NAG-AARAL,63,—¡Lumabas na ang pilibusterismo!
El Filibusterismo,14,ISANG TAHANAN NANG MGA NAG-AARAL,64,Ngunit hindi na ba mangyayaring makapagkatwiranan ng hindi sasapit sa masasamang bintang?
El Filibusterismo,14,ISANG TAHANAN NANG MGA NAG-AARAL,65,Si Sandoval ay tumutol at humihingi ng mga pangyayaring tunay sa pamag-itan ng isang munting talumpati.
El Filibusterismo,14,ISANG TAHANAN NANG MGA NAG-AARAL,66,"—Hindi pa nalalaunang dito’y nagkaroon ng usapin ang ilang taong bayan at ilang prayle, at pinasiyahan ng samantalang General, na, ang humatol ay ang Provincial ng mga paring kausap—ang sagot ni Pecson."
El Filibusterismo,14,ISANG TAHANAN NANG MGA NAG-AARAL,67,At muling nagtawa na wari’y walang kabuluhan ang pinag-uusapan.
El Filibusterismo,14,ISANG TAHANAN NANG MGA NAG-AARAL,68,"Tumukoy ng mga pangalan, araw at nangakong magdadala ng mga kasulatang magpapatunay ng paraang ginamit sa pagkakapit ng katwiran."
El Filibusterismo,14,ISANG TAHANAN NANG MGA NAG-AARAL,69,"—¿Ngunit saan mananangan, sabihin ninyo sa akin, saan mananangan upang huwag pahintulutan ang maliwanag na maliwanag na ikabubuti at kailangan?"
El Filibusterismo,14,ISANG TAHANAN NANG MGA NAG-AARAL,70,—ang tanong ni Sandoval.
El Filibusterismo,14,ISANG TAHANAN NANG MGA NAG-AARAL,71,Ikinibit ni Pecson ang kanyang balikat.
El Filibusterismo,14,ISANG TAHANAN NANG MGA NAG-AARAL,72,—Na mapapanganib ang tibay ng tinubuang lupa....
El Filibusterismo,14,ISANG TAHANAN NANG MGA NAG-AARAL,73,—ang tugon na ang pagsasalita’y kagaya ng isang abogado na bumabasa ng isang alegato.
El Filibusterismo,14,ISANG TAHANAN NANG MGA NAG-AARAL,74,—¡Iyan ang malaking bagay!
El Filibusterismo,14,ISANG TAHANAN NANG MGA NAG-AARAL,75,¿Ano mayroon sa tibay ng tinubuang lupa ng mga kaparaanan sa mabuting pagsasalita?
El Filibusterismo,14,ISANG TAHANAN NANG MGA NAG-AARAL,76,—May mga doctor ang Santa Madre Iglesia....
El Filibusterismo,14,ISANG TAHANAN NANG MGA NAG-AARAL,77,¿Ano ang malay ko?
El Filibusterismo,14,ISANG TAHANAN NANG MGA NAG-AARAL,78,marahil ay pangilagang mabatid namin ang mga batas at aming masunod....
El Filibusterismo,14,ISANG TAHANAN NANG MGA NAG-AARAL,79,¿Ano kaya ang mangyayari sa Pilipinas sa araw na ang isa’t isa sa amin ay magkaantiluhan?
El Filibusterismo,14,ISANG TAHANAN NANG MGA NAG-AARAL,80,Hindi naibigan ni Sandoval ang ayos na tugunan at pabiro ng kanilang pag-uusap.
El Filibusterismo,14,ISANG TAHANAN NANG MGA NAG-AARAL,81,Sa paraang iyon ay hindi maaaring sumipot ang isang talumpating may kaunting kabuluhan.
El Filibusterismo,14,ISANG TAHANAN NANG MGA NAG-AARAL,82,—Huwag ninyong idaan sa biro—ang sabi—ang pinag-uusapan ay mahalaga.
El Filibusterismo,14,ISANG TAHANAN NANG MGA NAG-AARAL,83,—¡Iligtas ako ng Lumikha sa pagbibiro kung napapagitna ang mga prayle!
El Filibusterismo,14,ISANG TAHANAN NANG MGA NAG-AARAL,84,—Ngunit ¿saan mananangan....?
El Filibusterismo,14,ISANG TAHANAN NANG MGA NAG-AARAL,85,"—Sa dahilang sa gabi ang pag-aaral—ang patuloy ni Pecson, na gayon din ang ayos, na waring ang pinag-uusapan ay kilala na’t alam—ay mangyayaring banggitin na pinakasagabal ang kahalayan, gaya ng sa paaralan sa Malolos..."
El Filibusterismo,14,ISANG TAHANAN NANG MGA NAG-AARAL,86,—¡Isa pa!
El Filibusterismo,14,ISANG TAHANAN NANG MGA NAG-AARAL,87,¿Hindi ba sa ilalim din ng balabal na madilim ng gabi idinadaos ang “Academia de dibujo” at ang mga nobenario at mga prusisyon?....
El Filibusterismo,14,ISANG TAHANAN NANG MGA NAG-AARAL,88,—Lumalabag sa karangalan ng Unibersidad—ang patuloy ng mataba na hindi pinuna ang paalaala.
El Filibusterismo,14,ISANG TAHANAN NANG MGA NAG-AARAL,89,—¡Lumabag!
El Filibusterismo,14,ISANG TAHANAN NANG MGA NAG-AARAL,90,Ang Unibersidad ay mapipilitang sumang-ayon sa kailangan ng mga nag-aaral.
El Filibusterismo,14,ISANG TAHANAN NANG MGA NAG-AARAL,91,At kung iyan ay tunay ¿ay ano kung gayon ang Unibersidad?
El Filibusterismo,14,ISANG TAHANAN NANG MGA NAG-AARAL,92,¿Isa bagang kapisanan upang huwag matuto?
El Filibusterismo,14,ISANG TAHANAN NANG MGA NAG-AARAL,93,¿Nagkasasama baga ang ilang katao na nagtataglay ng katawagang may katarungan at dunong upang humadlang na ang iba’y matuto?
El Filibusterismo,14,ISANG TAHANAN NANG MGA NAG-AARAL,94,—Hindi’t... ang mga balak ng nangasaibaba ay tinatawag na di kasiyahang loob......
El Filibusterismo,14,ISANG TAHANAN NANG MGA NAG-AARAL,95,—At mga panukala ang tawag sa nanggagaling sa itaas—ang dunggit ng isa—¡nariyan ang paaralang “Artes y Oficios”!
El Filibusterismo,14,ISANG TAHANAN NANG MGA NAG-AARAL,96,"—Dahan dahan, mga ginoo—ang sabi ni Sandoval—hindi ako makaprayle; kilala ang aking mga malayang pagkukuro, ngunit ibigay natin sa Cesar ang sa Cesar!"
El Filibusterismo,14,ISANG TAHANAN NANG MGA NAG-AARAL,97,"Ang paaralang iyan ng Artes y Oficios, na ako ang una unang nagtatanggol at ang araw na siya’y matayo ay babatiing kong wari’y unang liwayway na ikagiginhawa ng Kapuluang ito, ang paaralang iyan ng Artes y Oficios, ay ang mga prayle ang siyang nangagsumikap......"
El Filibusterismo,14,ISANG TAHANAN NANG MGA NAG-AARAL,98,"—O ang aso ng maggugulay, na kagaya rin nila—ang dagdag ni Pecson na pinutol na muli ang talumpati."
El Filibusterismo,14,ISANG TAHANAN NANG MGA NAG-AARAL,99,—¡Ngunit p....!
El Filibusterismo,14,ISANG TAHANAN NANG MGA NAG-AARAL,100,"—ang sabing pagalit ni Sandoval dahil sa pagputol, na nawala tuloy ang tuwid ng pagsasalaysay—samantalang walang masama tayong nalalaman, ay huwag tayong mag-akala ng masama, huwag tayong magkamaling maghinala sa kalayaan at pagkamasarili ng pamahalaan...."
El Filibusterismo,14,ISANG TAHANAN NANG MGA NAG-AARAL,101,"At sa pamamagitan nang magagandang pangungusap ay inihanay ang mga pagpupuri sa pamahalaan at sa mga balak nito, bagay na hindi napangahasang hadlangan ni Pecson."
El Filibusterismo,14,ISANG TAHANAN NANG MGA NAG-AARAL,102,"—Ang pamahalaang kastila—ang sabi, sa gitna ng ilang bagay—ay nagbigay sa inyo ng lahat ng kailangan, walang ipinagkait sa inyo."
El Filibusterismo,14,ISANG TAHANAN NANG MGA NAG-AARAL,103,"Sa España ay nagkaroon kami ng kapangyarihang alinsunod sa kaibigan ng iisang tao at kayo’y nagkaroon ng gayon ding pamahalaan; kinalatan ng mga prayle ng kanilang kombento ang aming mga lupain at kombento ng mga prayle ang laman ng isang katlong bahagi ng Maynila; sa España ay pinalalakad pa ang bitay, at ang bitay ay siyang huling kaparusahan dito; kami ay katoliko at ginawa namin kayong katoliko; kami’y naging escolastico at ang escolasticismo ay siyang nananagumpay sa inyong mga paaralan; sa isang sabi, mga ginoo, umiiyak kami kung kayo’y umiiyak, nagtitiis kami kung kayo’y nagtitiis, iisa ang dambana natin, iisa ang ating hukuman, iisang kaparusahan, at nararapat na ibigay namin sa inyo ang amin ding mga karapatan at ang amin ding mga katuwaan."
El Filibusterismo,14,ISANG TAHANAN NANG MGA NAG-AARAL,104,"At sa dahilang walang humahadlang sa kaniya, ay sumigabo ng sumigabo ang kalooban hanggang sa tinukoy na ang sasapitin ng Pilipinas."
El Filibusterismo,14,ISANG TAHANAN NANG MGA NAG-AARAL,105,"—Gaya ng sinabi ko, mga ginoo, ang liwayway ay hindi malayo, binubuksan ng España ang Kasilanganan sa kaniyang iniibig na Pilipinas, at ang mga kapanahunan ay nag-iiba at batid kong ang ginagawa’y higit kay sa inaakala natin."
El Filibusterismo,14,ISANG TAHANAN NANG MGA NAG-AARAL,106,"Ang pamahalaang iyan, na, ayon sa inyo, ay gumigiwang at walang sariling kalooban, ay nararapat na ating udyukan sa pagpapakilala ng ating pagtitiwala, ipakita na tayo’y nag-aantay sa kaniya; ipaalaala natin sa ating kilos (kung nakalilimot, bagay na hindi ko pinaniniwalaang mangyari) na tayo’y nananalig sa kaniyang magagandang hangad at hindi siya dapat umalinsunod sa ibang palakad liban doon sa sadyang katwiran at ikabubuti ng kaniyang mga pinamamahalaan."
El Filibusterismo,14,ISANG TAHANAN NANG MGA NAG-AARAL,107,"Hindi, mga ginoo,—ang patuloy na lalo’t lalo pang umayos nagtatalumpati—hindi natin dapat tanggapin man lamang sa bagay na ito, ang pangyayari marahil, na nagtanong sa ibang taong laban sa panukala, sapagka’t ang sapantaha lamang ay makakatimbang ng pagpapaumanhin sa pangyayari; ang inyong inaasal hanggang sa ngayon ay matapat, malinis, walang pagmamaliw, walang agam-agam; humihiling kayo sa kaniya ng maliwanag at walang palikawlikaw; ang inyong mga pinagbabatayang katwiran ay lubhang karapatdapat dinggin; ang inyong layon ay ang awasan ng gawain ang mga guro, sa mga unang taon, at maging madali ang pagkatuto ng daan daang mga nag-aaral na pumupuno sa mga klase, na hindi mangyayaring magampanan ng iisang guro."
El Filibusterismo,14,ISANG TAHANAN NANG MGA NAG-AARAL,108,"Kung hangga ngayon ay hindi pa napasisiyahan ang kasulatan ay dahil sa alam kong may maraming gawaing naiimbak; ngunit inaakala kong ang pag-uusig ay nagtagumpay, na ang sanhi ng tipan ni Makaraig ay upang ibalita sa atin ang pananalo, at bukas ay makikita nating magtatamo ang ating mga pagsusumikap ng papuri at pagkilala ng bayan, at sino ang makapagsasabi, mga ginoo, kung hindi ipalagay ng pamahalaan na kayo’y dulutan ng mabuting condecoracion dahil sa kayo’y karapatdapat sa kapurihan ng inyong bayan!"
El Filibusterismo,14,ISANG TAHANAN NANG MGA NAG-AARAL,109,Nag-umugong ang masisigabong pagakpakan; naniniwala na ang lahat sa pananalo at ang marami sa condecoracion.
El Filibusterismo,14,ISANG TAHANAN NANG MGA NAG-AARAL,110,"—¡Dapat makilala, mga ginoo,—ang sabi ni Juanito Pelaez—na ako’y isa sa mga unang nagmunakala!"
El Filibusterismo,14,ISANG TAHANAN NANG MGA NAG-AARAL,111,Ang di mapaniwalaing si Pecson ay hindi nagagalak.
El Filibusterismo,14,ISANG TAHANAN NANG MGA NAG-AARAL,112,—¡Pag hindi nagkaroon tayo ng condecoracion sa binti!
El Filibusterismo,14,ISANG TAHANAN NANG MGA NAG-AARAL,113,—ang sabi.
El Filibusterismo,14,ISANG TAHANAN NANG MGA NAG-AARAL,114,"Salamat na lamang at hindi nadingig ni Pelaez ang banggit na iyon, dahil sa lakas ng pagakpakan."
El Filibusterismo,14,ISANG TAHANAN NANG MGA NAG-AARAL,115,"Nang mahintohinto ng kaunti, ay sinabi ni Pecson, na:"
El Filibusterismo,14,ISANG TAHANAN NANG MGA NAG-AARAL,116,"—Mabuti, mabuti, mabuting mabuti, ngunit isang palagay...."
El Filibusterismo,14,ISANG TAHANAN NANG MGA NAG-AARAL,117,"¿kung sa lahat ng iyan, ang General ay sumangguni rin, sumangguni at sumangguni, at pagkatapos ay ipagkait sa atin ang kapahintulutan?"
El Filibusterismo,14,ISANG TAHANAN NANG MGA NAG-AARAL,118,Ang palagay ay bumagsak na wari’y tubig na malamig.
El Filibusterismo,14,ISANG TAHANAN NANG MGA NAG-AARAL,119,Ang lahat ay napatingin kay Sandoval; ito’y natubigan.
El Filibusterismo,14,ISANG TAHANAN NANG MGA NAG-AARAL,120,—Kung gayon....
El Filibusterismo,14,ISANG TAHANAN NANG MGA NAG-AARAL,121,—ang sabing paurongsulong.
El Filibusterismo,14,ISANG TAHANAN NANG MGA NAG-AARAL,122,—¿Kung gayon?
El Filibusterismo,14,ISANG TAHANAN NANG MGA NAG-AARAL,123,"—Kung gayon—ang bulalas ni Sandoval na sumusulak pa ang dugo dahil sa mga pagakpakan at sa isang udyok ng sigabo—sa dahilang sa mga kasulatan at sa mga limbag ay ipinahahayag na iniibig niya ang inyong ikatututo ngunit pinipigil at ipinagkakait ang gayon pag sumapit na ang pagsasagawa, kung gayon, mga ginoo, ang inyong mga pagsusumikap ay hindi nasayang, natuklas ninyo ang hindi natuklas ng sino man, na maalis ang balatkayo at kayo’y hamunin!"
El Filibusterismo,14,ISANG TAHANAN NANG MGA NAG-AARAL,124,"—¡Mabuti, mabuti!"
El Filibusterismo,14,ISANG TAHANAN NANG MGA NAG-AARAL,125,—ang masigabong sigawan ng ilan.
El Filibusterismo,14,ISANG TAHANAN NANG MGA NAG-AARAL,126,—¡Purihin si Sandoval!
El Filibusterismo,14,ISANG TAHANAN NANG MGA NAG-AARAL,127,¡Mabuti ang ukol sa paghamon!
El Filibusterismo,14,ISANG TAHANAN NANG MGA NAG-AARAL,128,—ang dagdag ng iba.
El Filibusterismo,14,ISANG TAHANAN NANG MGA NAG-AARAL,129,—¡Hamunin tayo!
El Filibusterismo,14,ISANG TAHANAN NANG MGA NAG-AARAL,130,—ang sagot ni Pecson na hindi binibigyang kabuluhan ang gayon—¿at pagkatapos?
El Filibusterismo,14,ISANG TAHANAN NANG MGA NAG-AARAL,131,"Sa gitna ng kaniyang pananagumpay ay napatigil si Sandoval, ngunit sa katalasang taglay ng kaniyang lipi at dahil sa kaniyang dugong mananalumpati ay agad nakabalikwas."
El Filibusterismo,14,ISANG TAHANAN NANG MGA NAG-AARAL,132,—¿Pagkatapos?
El Filibusterismo,14,ISANG TAHANAN NANG MGA NAG-AARAL,133,"—ang tanong—pagkatapos, kung walang pilipinong makapangahas tumugon sa hamon, ay ako, si Sandoval, sa ngalan ng España ay sasaluhin ko ang guantes, sapagka’t ang gayong paraan ay isang pagpapabulaan sa mabuting hangad na kailan ma’y tinaglay ng España sa kaniyang mga lalawigan, at sa dahilang sa gayong asal ay sinasalaula ang katungkulang ipinagkatiwala sa kaniya at nagpapakalabis sa kaniyang walang sagkang kapangyarihan, hindi siya karapatdapat sa pag-aampon ng inang bayan ni sa pagkupkop ng sino mang mamamayang kastila."
El Filibusterismo,14,ISANG TAHANAN NANG MGA NAG-AARAL,134,Ang kagalakan ng mga nakikingig ay halos naging kahibangan.
El Filibusterismo,14,ISANG TAHANAN NANG MGA NAG-AARAL,135,"Niyakap ni Isagani si Sandoval, bagay na ginayahan ng iba; nabanggit-banggit doon ang inang bayan, ang pagkakaisa, ang pagkakapatiran, ang pagkamatapat; anang mga pilipino’y kung wala kundi pawang Sandoval sa España, ang lahat ng tao sa Pilipinas ay magiging Sandoval na lahat; nagniningning ang mga mata ni Sandoval at mapapaniwalaang kung sa mga sandaling iyon ay hinagisan siya ng sino man ng isang guantes na tanda ng paghamon, ay sumakay sana sa kahi’t aling kabayo upang magpakamatay ng dahil sa Pilipinas."
El Filibusterismo,14,ISANG TAHANAN NANG MGA NAG-AARAL,136,Ang tubig na malamig lamang ang nagwikang:
El Filibusterismo,14,ISANG TAHANAN NANG MGA NAG-AARAL,137,"—Mabuti, mabuting mabuti, Sandoval; ako man ay makapagwiwika ng ganiyan kung ako’y taga España; ngunit sa dahilang hindi gayon, kung ako ang nagsabi ng kalahati man lamang ng sinabi ninyo, kayo man ay magpapalagay na ako’y pilibustero."
El Filibusterismo,14,ISANG TAHANAN NANG MGA NAG-AARAL,138,"Nagsimula na si Sandoval ng isang talumpating taganas na pagtutol, nang mapigil."
El Filibusterismo,14,ISANG TAHANAN NANG MGA NAG-AARAL,139,"—¡Matuwa na tayo, mga kaibigan!"
El Filibusterismo,14,ISANG TAHANAN NANG MGA NAG-AARAL,140,¡Tagumpay!
El Filibusterismo,14,ISANG TAHANAN NANG MGA NAG-AARAL,141,—ang sigaw ng isang binatang pumasok at niyakap ang lahat.
El Filibusterismo,14,ISANG TAHANAN NANG MGA NAG-AARAL,142,"—¡Matuwa na tayo, mga kaibigan!"
El Filibusterismo,14,ISANG TAHANAN NANG MGA NAG-AARAL,143,¡Mabuhay ang wikang kastila!
El Filibusterismo,14,ISANG TAHANAN NANG MGA NAG-AARAL,144,"Isang maugong na pagakpakan ang sumalubong sa balita; ang lahat ay nagyayakapan, ang lahat ay maningning ang mata dahil sa luha."
El Filibusterismo,14,ISANG TAHANAN NANG MGA NAG-AARAL,145,Si Pecson ang tanging nagtataglay ng kaniyang ngiting mapagmakatangi.
El Filibusterismo,14,ISANG TAHANAN NANG MGA NAG-AARAL,146,"Ang dumating na may dala ng mabuting balita ay si Makaraig, ang binatang nangungulo sa kilusan."
El Filibusterismo,14,ISANG TAHANAN NANG MGA NAG-AARAL,147,"Ang tinitirahan ng nag-aaral na ito sa bahay na iyon ay dalawang silid na napapalamutihang mabuti para sa kaniyang mag-isa lamang, mayroon siyang alila at kotsero na nag-aaruga sa kaniyang sasakyang araña at sa kanyang mga kabayo."
El Filibusterismo,14,ISANG TAHANAN NANG MGA NAG-AARAL,148,"Ang tindig niya’y makiyas, ugaling banayad, magara’t mayamang mayaman."
El Filibusterismo,14,ISANG TAHANAN NANG MGA NAG-AARAL,149,"Kahi’t nag-aaral ng pag-aabogado upang magkaroon lamang ng isang titulo academico, ay may kabantugan siya sa pagkamasipag mag-aral, at kung sa pagsasalita ng alinsunod sa turong paaralan ay hindi na mahuhuli sa ibang mapaghamon sa pagtatalo sa loob ng Unibersidad."
El Filibusterismo,14,ISANG TAHANAN NANG MGA NAG-AARAL,150,Hindi rin naman nahuhuli sa mga akala’t bagong mga pagkasulong; sa tulong ng kaniyang salapi’y nagkakaroon siya ng mga aklat at pamahayagan na hindi mapigil ng previa censura.
El Filibusterismo,14,ISANG TAHANAN NANG MGA NAG-AARAL,151,"Dahil sa mga taglay na ito, sa kaniyang kabantugan sa katapangan, sa kaniyang mapalad na pakikitunggali noong kaniyang kabataan, at sa kaniyang maganda’t mabuting ugali, ay hindi dapat pagtakhan na panuntan siya ng kaniyang mga kasama at siyang mahalal upang maisagawa ang gayong kahirap na balak na pagtuturo ng wikang kastila."
El Filibusterismo,14,ISANG TAHANAN NANG MGA NAG-AARAL,152,"Makaraan ang mga unang silakbo ng kagalakan, na sa kabataan ay nagkakaroon kailan man ng kasagwaan dahil sa ang kaniyang malas sa lahat ng bagay ay maganda, ay siniyasat kung papaano ang nangyari."
El Filibusterismo,14,ISANG TAHANAN NANG MGA NAG-AARAL,153,—Kanginang umaga’y nakipagkita ako kay P. Irene—ang sabi ni Makaraig na wari’y palihim.
El Filibusterismo,14,ISANG TAHANAN NANG MGA NAG-AARAL,154,—¡Mabuhay si P. Irene!
El Filibusterismo,14,ISANG TAHANAN NANG MGA NAG-AARAL,155,—ang sigaw ng isang nagagalak na nag-aaral.
El Filibusterismo,14,ISANG TAHANAN NANG MGA NAG-AARAL,156,—Inihayag sa akin ni P. Irene—ang patuloy ni Makaraig—ang lahat ng nangyari sa Los Baños.
El Filibusterismo,14,ISANG TAHANAN NANG MGA NAG-AARAL,157,"Tila isang linggo silang nagtatalo, ipinaglaban at ipinagtanggol niya ang ating usap ng laban sa lahat, laban sa kay P. Sibyla, sa kay P. Fernandez, sa kay P. Salvi, sa General, sa Segundo Cabo, sa mag-aalahas na si Simoun......"
El Filibusterismo,14,ISANG TAHANAN NANG MGA NAG-AARAL,158,—¡Ang mag-aalahas na si Simoun!
El Filibusterismo,14,ISANG TAHANAN NANG MGA NAG-AARAL,159,—ang putol ng isa—¿ngunit ano ang ipinanghihimasok ng hudyong iyan sa mga bagay bagay ng ating bayan?
El Filibusterismo,14,ISANG TAHANAN NANG MGA NAG-AARAL,160,At pinayayaman natin iyan sa pagbili......
El Filibusterismo,14,ISANG TAHANAN NANG MGA NAG-AARAL,161,—¡Tumigil ka nga!
El Filibusterismo,14,ISANG TAHANAN NANG MGA NAG-AARAL,162,"—ang sabi ng isa, na naiinip sapagka’t ibig mabatid kaagad kung papaano at tinalo ni P. Irene ang mga nakasisindak na kalabang iyon."
El Filibusterismo,14,ISANG TAHANAN NANG MGA NAG-AARAL,163,"—Mayroon pa manding matataas na kawaning laban sa ating panukala, ang Namamahala sa Pangasiwaan, ang Gobernador Civil, ang insik na si Quiroga......"
El Filibusterismo,14,ISANG TAHANAN NANG MGA NAG-AARAL,164,—¡Ang insik na si Quiroga!
El Filibusterismo,14,ISANG TAHANAN NANG MGA NAG-AARAL,165,Ang bugaw ng mga....
El Filibusterismo,14,ISANG TAHANAN NANG MGA NAG-AARAL,166,"—¡Tumigil ka na, tao ka!"
El Filibusterismo,14,ISANG TAHANAN NANG MGA NAG-AARAL,167,"—Sa kahulihulihan—ang patuloy ni Makaraig—ay itatago na sana ang kahilingan at babayaang makatulog doon ng ilang buwan, ng maalala ni P. Irene ang Kataastaasang Lupon ng Paaralan at ipinalagay niyang ang kasulatan ay mahulog sa Lupong yaon upang magbigay ng munkahing nararapat yamang ang ukol sa pagtuturo ng wikang kastila ang pinag-uusapan......"
El Filibusterismo,14,ISANG TAHANAN NANG MGA NAG-AARAL,168,—Ngunit ang Lupong iyan ay malaon ng hindi kumikilos—ang tukoy ni Pecson.
El Filibusterismo,14,ISANG TAHANAN NANG MGA NAG-AARAL,169,"—Iyan din nga ang isinagot kay P. Irene—ang patuloy ni Makaraig—at sinagot niyang mabuti ngang pagkakataon upang muling mabuhay, at sinamantala ang pagkakaparoon ni Don Custodio, na isa sa mga kasangguni, at nagpalagay noon din ng isang lupon, at sa dahilang kilala ang kasipagan ni D. Custodio ay siyang tinakdaang magpalagay ng ipapasiya, kaya’t ngayo’y nasa kamay niya ang kasulatan."
El Filibusterismo,14,ISANG TAHANAN NANG MGA NAG-AARAL,170,Ipinangako ni D. Custodio na lulutasin niya sa loob ng buwang ito.
El Filibusterismo,14,ISANG TAHANAN NANG MGA NAG-AARAL,171,—¡Mabuhay si D. Custodio!
El Filibusterismo,14,ISANG TAHANAN NANG MGA NAG-AARAL,172,—¿At kung ang ipasiya ni D. Custodio ay laban?
El Filibusterismo,14,ISANG TAHANAN NANG MGA NAG-AARAL,173,—ang tanong ng di mapag-asang si Pecson.
El Filibusterismo,14,ISANG TAHANAN NANG MGA NAG-AARAL,174,"Iyan ang hindi nila naaalaala, dahil sa kahibangan sa akalang mabuti ang lakad ng usap."
El Filibusterismo,14,ISANG TAHANAN NANG MGA NAG-AARAL,175,Lahat ay napatingin kay Makaraig upang mabatid kung ano ang sasabihin.
El Filibusterismo,14,ISANG TAHANAN NANG MGA NAG-AARAL,176,"—Ang bagay ding iyan ang sinabi ko kay P. Irene, ngunit sinabi sa akin, na kasabay ang kaniyang palabirong tawa, na: Malaki na ang ating tinamo, nagawa nating ang usap ay makarating sa isang kapasiyahan, mapipilitan ang kalaban na tanggapin ang pakikihamok...."
El Filibusterismo,14,ISANG TAHANAN NANG MGA NAG-AARAL,177,"Kung mangyayaring mapakiling natin si D. Custodio, upang sa pag-alinsunod sa kaniyang malayang hilig, ay magpasiya ng sang-ayon, ay nanalo na tayo; ang General ay nagpapakilalang walang kikilingan."
El Filibusterismo,14,ISANG TAHANAN NANG MGA NAG-AARAL,178,Si Makaraig ay huminto.
El Filibusterismo,14,ISANG TAHANAN NANG MGA NAG-AARAL,179,—¿At papaano ang pagpapakiling?
El Filibusterismo,14,ISANG TAHANAN NANG MGA NAG-AARAL,180,—ang tanong ng isang inip.
El Filibusterismo,14,ISANG TAHANAN NANG MGA NAG-AARAL,181,—May sinabi sa aking dalawang paraan si P. Irene....
El Filibusterismo,14,ISANG TAHANAN NANG MGA NAG-AARAL,182,—Ang insik na si Quiroga!
El Filibusterismo,14,ISANG TAHANAN NANG MGA NAG-AARAL,183,—ang sabi ng isa.
El Filibusterismo,14,ISANG TAHANAN NANG MGA NAG-AARAL,184,—¡Ba!
El Filibusterismo,14,ISANG TAHANAN NANG MGA NAG-AARAL,185,Hindi pinupuna si Quiroga......
El Filibusterismo,14,ISANG TAHANAN NANG MGA NAG-AARAL,186,—¡Isang mabuting handog!
El Filibusterismo,14,ISANG TAHANAN NANG MGA NAG-AARAL,187,"—Lalo pa, ipinagmamalaki ang katigasan niya sa mga handog."
El Filibusterismo,14,ISANG TAHANAN NANG MGA NAG-AARAL,188,"—¡Ay, nalalaman ko na!"
El Filibusterismo,14,ISANG TAHANAN NANG MGA NAG-AARAL,189,—ang bulalas na tumatawa ni Pecson—ang mananayaw na si Pepay.
El Filibusterismo,14,ISANG TAHANAN NANG MGA NAG-AARAL,190,"—¡A, oo nga!"
El Filibusterismo,14,ISANG TAHANAN NANG MGA NAG-AARAL,191,¡ang mananayaw na si Pepay!
El Filibusterismo,14,ISANG TAHANAN NANG MGA NAG-AARAL,192,—ang sabi ng ilan.
El Filibusterismo,14,ISANG TAHANAN NANG MGA NAG-AARAL,193,"Ang Pepay na ito’y isang makiyas na dalaga na kilalang matalik na kaibigan ni D. Custodio: sa kaniya lumalapit ang mga tumatanggap ng mga pagawa, ang mga kawani at ang mga mapaglalang kung may nasang tamuhin sa bantog na Konsehal."
El Filibusterismo,14,ISANG TAHANAN NANG MGA NAG-AARAL,194,Si Juanito Pelaez na kaibigan din ng mananayaw ay humahandog na siyang lalakad ng usap; ngunit si Isagani’y umiling at nagsabing sukat na ang pagkakagamit kay P. Irene at magiging kasagwaan ang lapitan si Pepay sa ganitong bagay.
El Filibusterismo,14,ISANG TAHANAN NANG MGA NAG-AARAL,195,—¡Tingnan ang isa pang paraan!
El Filibusterismo,14,ISANG TAHANAN NANG MGA NAG-AARAL,196,"—Ang isa ay lumapit sa abogadong pinagsanggunian, si G. Pasta, tanungang pinangangayupapaan ni D. Custodio."
El Filibusterismo,14,ISANG TAHANAN NANG MGA NAG-AARAL,197,"—Ibig ko pa iyan,—ang sabi ni Isagani—si G. Pasta ay pilipino, at naging kasama sa pag-aaral ng aking amain."
El Filibusterismo,14,ISANG TAHANAN NANG MGA NAG-AARAL,198,Ngunit ¿papaano ang gagawin upang mapakiling?
El Filibusterismo,14,ISANG TAHANAN NANG MGA NAG-AARAL,199,"—Nariyan ang kid—ang sagot ni Makaraig na tinitigan si Isagani—si ginoong Pasta ay may isang mananayaw, itong.... may isang mangbuburda......"
El Filibusterismo,14,ISANG TAHANAN NANG MGA NAG-AARAL,200,Inailing na muli ni Isagani ang kaniyang ulo.
El Filibusterismo,14,ISANG TAHANAN NANG MGA NAG-AARAL,201,—Huwag kayong napakamaselang—ang sabi sa kaniya ni Juanito Pelaez—ang mga layon ay siyang nagliligtas sa mga kaparaanan!
El Filibusterismo,14,ISANG TAHANAN NANG MGA NAG-AARAL,202,"Kilala ko ang mangbuburda, si Matea, na may isang pagawaang pinapasukan ng maraming dalaga....."
El Filibusterismo,14,ISANG TAHANAN NANG MGA NAG-AARAL,203,"—Huwag, mga ginoo,—ang putol ni Isagani—unahin muna natin ang mga paraang hindi mahalay...."
El Filibusterismo,14,ISANG TAHANAN NANG MGA NAG-AARAL,204,"Paparoon ako sa bahay ni G. Pasta at kung wala akong mapala, ay saka na ninyo gawin, ang ibig gawin sa mga mananayaw at mga mangbuburda."
El Filibusterismo,14,ISANG TAHANAN NANG MGA NAG-AARAL,205,"Napahinuhod sila sa palagay at nagkasundong si Isagani ay makipag-usap kay G. Pasta sa araw ding yaon at sa kinahapunan ay ipababatid sa Unibersidad, sa kaniyang mga kasama, ang nangyari sa pakikipagkita."
El Filibusterismo,15,SI G. PASTA,1,"Si Isagani ay naparoon sa bahay ng abogado, isa sa mga may tanging katalinuhan sa Maynila na pinagtatanungan ng mga prayle sa kanilang malalaking kagipitan."
El Filibusterismo,15,SI G. PASTA,2,"Nag-antay ng kaunti ang binata, sapagka’t maraming ipinagtatanggol ang naroroon, ngunit dumating din ang taning na ukol sa kaniya at pumasok sa gawaan o bufete gaya ng karaniwang tawag sa Pilipinas."
El Filibusterismo,15,SI G. PASTA,3,Tinanggap siya ng manananggol-usap sa pamagitan ng isang mahinang ubo at tinitingnang palihim ang kaniyang mga paa; hindi tumindig ni hindi man lamang siya pinaupo at nagpatuloy sa pagsusulat.
El Filibusterismo,15,SI G. PASTA,4,Nagkaroon si Isagani ng panahon upang matyagan siya at kilalanin.
El Filibusterismo,15,SI G. PASTA,5,"Malaki ang itinanda ng abogado, ubanin na at ang kaniyang upaw ay halos laganap sa buong tuktok."
El Filibusterismo,15,SI G. PASTA,6,Ang kaniyang mukha’y pasumangot at matigas.
El Filibusterismo,15,SI G. PASTA,7,"Sa gawaan, ang lahat ay tahimik; walang nadidingig kungdi ang anasan ng mga tagasulat o nangagsasanay na gumagawa sa kanugnog na silid: ang kanilang mga panitik ay gumagaralgal na wari’y nakikipagtunggali sa papel."
El Filibusterismo,15,SI G. PASTA,8,"Natapos din ang manananggol sa sinusulat, binitiwan ang panitik, itinaas ang ulo, at ng makilala ang binata, ay nagliwanag ang mukha, at malugod siyang kinamayan."
El Filibusterismo,15,SI G. PASTA,9,"—¡Aba, binata!.... ngunit umupo kayo, patawarin ninyo.... hindi ko napunang kayo pala."
El Filibusterismo,15,SI G. PASTA,10,¿At ang inyong amain?
El Filibusterismo,15,SI G. PASTA,11,Lumakas ang loob ni Isagani at inakalang mapapabuti ang kaniyang lakad.
El Filibusterismo,15,SI G. PASTA,12,"Isinalaysay niyang lahat ang nangyari, na pinag-aaralang mabuti ang napapala ng kaniyang sinasabi."
El Filibusterismo,15,SI G. PASTA,13,"Pinakinggang walang katigatigatig ni G. Pasta ang simula, at kahi’t batid niya ang lakad ng mga nag-aaral, ay nagmamaangmaangan upang ipakilala na wala siyang pakialam sa mga kamusmusang iyon, ngunit ng maramdaman ang pakay sa kaniya at nadingig na natutukoy sa Vice-Rector, mga prayle, Kapitang General, panukala at ibp."
El Filibusterismo,15,SI G. PASTA,14,", ang mukha niya’y untiunting nagdilim at nagtapos sa pagbulalas ng:"
El Filibusterismo,15,SI G. PASTA,15,—¡Ito ang lupain ng mga panukala!
El Filibusterismo,15,SI G. PASTA,16,"Ngunit ituloy, ituloy ninyo."
El Filibusterismo,15,SI G. PASTA,17,"Hindi nanglupaypay si Isagani: sinabi ang kapasiyahang ibibigay at nagtapos sa pagpapahayag ng pagkakatiwala ng kabinataan na siya, si G. Pasta, ay mamamagitna ng sang-ayon sa kanila sakaling si D. Custodio ay sumangguni sa kaniya, gaya ng maaasahan."
El Filibusterismo,15,SI G. PASTA,18,Hindi nangahas si Isaganing sabihin na pagpayuhan dahil sa ngibit na ipinamalas ng manananggol.
El Filibusterismo,15,SI G. PASTA,19,"Ngunit may takda ng gagawin si G. Pasta, na dili iba’t ang huwag manghimasok sa bagay na iyon, ni sumangguni, ni pagsanggunian."
El Filibusterismo,15,SI G. PASTA,20,"Alam niya ang nangyari sa Los Baños, batid niyang may dalawang pangkat at hindi si P. Irene ang tanging bayani na nasa dako ng mga nag-aaral, ni hindi siya ang nagpalagay ng pagdaraan ng kasulatan sa Lupong ng Paaralan, kundi lubos na kaiba."
El Filibusterismo,15,SI G. PASTA,21,"Si P. Irene, si P. Fernandez, ang condesa, isang mangangalakal na nakakikinikinita nang makapagbibili ng kagamitang ukol sa bagong Akademia at ang mataas na kawaning nagtukoy ng iba’t ibang kapasiyahang-hari ay mangagtatagumpay na sana, ng ipinaalaala ni P. Sibyla, upang magkapanahon, ang Kataastasang Lupon."
El Filibusterismo,15,SI G. PASTA,22,"Ang lahat ng bagay na ito’y natatala sa alaala ng abogado; kaya’t ng matapos makapagsalita si Isagani, ay tinangkang lituhin ito sa pariway na mga pangungusap, guluhin at ilipat ang usapan sa ibang bagay."
El Filibusterismo,15,SI G. PASTA,23,—¡Oo!
El Filibusterismo,15,SI G. PASTA,24,"—ang sabi na inilawit ang labi at kinamot ang upaw—walang mangunguna sa akin sa pag-ibig sa tinubuan at paghahangad ng pagkakasulong, datapwa’y.... hindi ako makasugba.... hindi ko masabi kung batid ninyo ang aking kalagayan, isang kalagayang lubhang maselang.... marami akong pag-aari.... kailangan akong kumilos sa loob ng isang masusing pagkataros.... isang pagsugba...."
El Filibusterismo,15,SI G. PASTA,25,"Ibig lituhin ng abogado ang binata sa pamag-itan ng maraming salita at nagsimula ng pagtukoy sa mga batas, sa mga kapasiyahan, at napakarami ang nasabi, na hindi ang bata ang nagulo kundi siya sa sarili ang halos nagulo sa isang pasikot sikot na kababanggit."
El Filibusterismo,15,SI G. PASTA,26,—Hindi po mangyayaring hahangarin naming ilagay kayo sa kagipitan—ang mabanayad na sagot ni Isagani—¡Iligtas kami ng Lumikha sa pagbibigay gambala sa mga taong ang kanilang buhay ay lubhang kailangan ng ibang pilipino!
El Filibusterismo,15,SI G. PASTA,27,"Datapwa’y kahi’t napakaunti ang nababatid ko tungkol sa mga batas, mga kautusang hari, mga lathala at mga kapasiyahang umiiral sa ating bayan, ay hindi ko inaakalang magkaroon ng kasamaan ang makitulong sa mga adhikain ng pamahalaan, ang punyagiin ang siya’y maalinsunod na mabuti; iisang layon ang aming inuusig at sa kaparaanan lamang kami nagkakaiba."
El Filibusterismo,15,SI G. PASTA,28,"Ang manananggol ay napangiti: ang binata’y napadadala sa ibang landas at doon niya lilituhin, lito na nga."
El Filibusterismo,15,SI G. PASTA,29,"—Diyan nga naririyan ang kid, sa karaniwang sabi; hindi nga ba kapuripuri ang tumulong sa pamahalaan pag ang pagtulong ay sa pamag-itan ng pangangayupapa, alinsunurin ang kaniyang mga kapasiyahan, ang tuwid na katuturan ng mga batas na katugon ng tuwid na paghahaka ng mga namamahala at hindi malalaban sa unang una at karaniwang paraan sa pagkukuro ng mga ginoong may hawak ng ikaaanyo ng mga taong bumubuo ng isang kapisanan."
El Filibusterismo,15,SI G. PASTA,30,"At dahil dito ay masama, karapatdapat parusahan, sapagka’t nakahahalay sa batayan ng kapangyarihan, ang gumawa ng isang bagay na laban sa kaniyang mga munakala kahi’t na inaakalang mabuti kay sa nanggagaling sa pamahalaan, sapagka’t ang gayong kagagawan ay makasusugat sa kaniyang katibayan na siyang batayan ng alin mang pamamahala sa mga bayang sakop."
El Filibusterismo,15,SI G. PASTA,31,"Ang matandang abogado, sa pananalig na ang mga tinurang iyon ay nakalito kay Isagani, ay nagpakabuti sa kaniyang silyon ng walang kaimik-imik, kahi’t na sa loob niyang sarili ay nagtatawa."
El Filibusterismo,15,SI G. PASTA,32,"Gayon man, ay tumugon si Isagani."
El Filibusterismo,15,SI G. PASTA,33,"—Inakala ko, na ang mga Pamahalaan ay dapat humanap ng ibang batayang lalong matibay kailan pa man at nadadawal...."
El Filibusterismo,15,SI G. PASTA,34,"Ang pinagbabatayang lakas ng mga pamahalaang ukol sa nasasakop ay siyang pinakamahina sa lahat, sapagka’t wala sa kanila kundi nasa mabuting kalooban ng mga nasasakupan samantalang ibig kilalanin ang gayon...."
El Filibusterismo,15,SI G. PASTA,35,Ang batayang katwiran ay siyang inaakala kong lalong matibay.
El Filibusterismo,15,SI G. PASTA,36,Itinaas ng abogado ang ulo; ¡ano!
El Filibusterismo,15,SI G. PASTA,37,"¿ang binatang iyon ay nangangahas tumutol at makipagtalo sa kaniya, siya, si G. Pasta?"
El Filibusterismo,15,SI G. PASTA,38,¿Hindi pa lito sa kaniyang mabigkas na pangungusap?
El Filibusterismo,15,SI G. PASTA,39,"—Binata, nararapat iwan sa isang dako ang mga hakang iyan, sapagka’t mapanganib,—ang hadlang ng manananggol na inginiwi ang mukha—Ang sinasabi ko sa inyo ay dapat na bayaang gumawa ang pamahalaan."
El Filibusterismo,15,SI G. PASTA,40,"—Ang mga pamahalaan ay itinatag upang ikagaling ng mga bayan, at upang makatupad ng lubos sa layunin niya ay dapat umalinsunod sa kahilingan ng mga namamayan na siyang lalong nakababatid ng kanilang mga kailangan."
El Filibusterismo,15,SI G. PASTA,41,—Ang mga bumubuo ng pamahalaan ay mga mamamayan din at yaong mga may lalong kasapatan.
El Filibusterismo,15,SI G. PASTA,42,"—Ngunit sa dahilang sila’y tao, ay maaaring magkamali, at hindi nararapat na huwag pansinin ang sa ibang haka."
El Filibusterismo,15,SI G. PASTA,43,"—Dapat magtiwala sa kanila, ibibigay nilang lahat."
El Filibusterismo,15,SI G. PASTA,44,"—May isang sawikaing likas na kastila, na ang sabi’y: ang hindi umiiyak ay hindi nakasususo."
El Filibusterismo,15,SI G. PASTA,45,Ang hindi hinihingi ay hindi ipinagkakaloob.
El Filibusterismo,15,SI G. PASTA,46,—¡Baliktad!
El Filibusterismo,15,SI G. PASTA,47,—ang sagot ng abogado na tumawang pakutya—sa pamahalaan ay pasaliwa ang nangyayari......
El Filibusterismo,15,SI G. PASTA,48,Datapwa’y biglang napahinto na wari’y nakapag-wika ng higit sa nararapat at tinangkang gamutin ang kaniyang pagkabulalas.
El Filibusterismo,15,SI G. PASTA,49,"—Pinagkalooban tayo ng pamahalaan ng mga bagay na hindi natin hiniling, ni hindi natin mahihiling.... sapagka’t ang paghiling.... ang paghiling ay nagpapakilalang may pagkukulang at dahil doon ay hindi gumaganap sa kaniyang katungkulan.... pagpayuhan siya ng isang paraan, tangkaing ibunsod siya, huwag nang siya’y tunggaliin, ay isang pagsasapantahang siya’y mangyayaring mamali, at sinabi ko na nga sa inyong ang mga gayong paghahaka’y laban sa kabuhayan ng mga pamahalaang ukol sa nasasakop...."
El Filibusterismo,15,SI G. PASTA,50,"Ang bagay na ito’y hindi batid ng karamihan at hindi alam ng mga binatang nagdadalosdalos, hindi nila kilala, ayaw kilalanin ang lubhang kaibayong ibubunga ng paghingi.... ang kasagwaang taglay ng panukalang iyan......"
El Filibusterismo,15,SI G. PASTA,51,"—Ipagpatawad po ninyo—ang putol ni Isagani na namuhi sa mga pangangatwirang ginamit sa kaniya ng abogado—pag sa makatwirang paraan ang isang bayan ay humihingi ng ano man sa isang pamahalaan ay sapagka’t inaakalang mabuti at nalalaang pagkalooban siya ng isang kabutihan, at ang kagagawang ito, ay hindi dapat makamuhi sa kanya kundi bagkus pa ngang dapat makagalak; humihingi sa ina, sa inainahan ay hindi, magpakailan man."
El Filibusterismo,15,SI G. PASTA,52,"Ang pamahalaan sa ganang pahat kong pag-aakala, ay hindi isang may laganap na paningin na nakikita’t napaglalaanan ang lahat ng bagay, at kahi’t na maging gayon, ay hindi mangyayaring mamuhi, sapagka’t naririyan ang Pananampalataya na walang ginagawa kundi maghihingi sa Dios na nakakikita at nakakikilala ng lahat ng bagay, at kayo man ay humihingi at humihiling ng maraming bagay sa mga hukuman ng pamahalaan ding iyan, at ni ang Dios, ni ang pamahalaan hanggang sa ngayon ay hindi pa nagpapahalata ng kamuhian."
El Filibusterismo,15,SI G. PASTA,53,"Nasa sa budhi ng lahat na ang pamahalaan, dahil sa siya’y itinatag ng mga tao, ay nangangailangan ng tulong ng iba, nangangailangang ipakita at iparamdam sa kaniya ang katunayan ng mga bagay bagay."
El Filibusterismo,15,SI G. PASTA,54,"Kayo na sa sarili ay hindi naniniwalang lubos sa katotohanan ng inyong mga ikinatwiran; kayo sa sarili’y alam ninyong marahas at di natutungtong sa matuwid ang pamahalaan, na, upang makapagparangal ng kalakasan at pagkamapagsarili, ay nagkakait ng lahat ng bagay sa katakutan o sa kakulangang tiwala, at ang mga bayan lamang na dinadahas at inaalipin ay siya lamang may katungkulang huwag humingi ng kahi’t ano magpakailan man."
El Filibusterismo,15,SI G. PASTA,55,Ang isang bayang nasusuklam sa kaniyang pamahalaan ay walang dapat hilingin dito kundi ang iwan ang pamamahala.
El Filibusterismo,15,SI G. PASTA,56,"Ang matandang abogado ay ngumingiwi at pinaiiling-iling ang ulo, tanda ng di kasiyahang loob at hinahaplos ng kamay ang kaniyang upaw; pagkatapos, sa isang pananalitang mapag-ampon na wari’y may pagkahabag ay nagsabing:"
El Filibusterismo,15,SI G. PASTA,57,—¡Hm!
El Filibusterismo,15,SI G. PASTA,58,"masamang aral iyan, masamang palagay, ¡hm!"
El Filibusterismo,15,SI G. PASTA,59,¡Napagkikilalang kayo’y bata at wala pa kayong pagkatalos sa ukol sa kabuhayan!
El Filibusterismo,15,SI G. PASTA,60,"Tingnan ninyo ang nangyayari sa Madrid sa mga binatang walang muwang na humihingi ng maraming pagbabago: lahat sila’y pinararatangang mga nag-uusig ng paghiwalay, marami ang hindi makapangahas na umuwi, ngunit gayon man ay ¿ano ang kanilang mga hinihingi?"
El Filibusterismo,15,SI G. PASTA,61,"Mga banal na bagay, matatanda na’t hindi makasasama sapagka’t lubos nang kilala...."
El Filibusterismo,15,SI G. PASTA,62,"Datapwa’y may mga bagay na hindi ko maipaliliwanag sa inyo, mga lubhang maselang.... siya.... ipinagtatapat ko sa inyong may iba pang katwiran, bukod sa mga tinuran na, na naguudyok sa isang matinong pamahalaan upang kailan man ay huwag dumingig sa mga kahilingan ng isang bayan...... hindi.... mangyayari ding makatagpo tayo ng mga pinunong palalo at mahangin ang.... ngunit mayroon ding ibang katwiran.... kahi’t na ang hinihingi ay yaong lalong nararapat.... ang mga pamahalaan ay may iba ibang palakad......"
El Filibusterismo,15,SI G. PASTA,63,"At ang matanda’y nag-aalinlangang nakatitig kay Isagani, at pagkatapos ay tumalaga na sa isang bagay, ikinumpay ang kamay na wari’y may inilalayong paghahaka sa kaniyang pag-iisip."
El Filibusterismo,15,SI G. PASTA,64,"—Nahuhulaan ko ang inyong ibig sabihin—ang patuloy ni Isagani na ngumiting malungkot—ibig ninyong sabihin na ang pamahalaang ukol sa nasasakupan, yamang natatatag ng hindi lubos na wasto at sa dahilang nananangan sa mga palapalagay......"
El Filibusterismo,15,SI G. PASTA,65,"—¡Hindi, hindi, hindi iyan, hindi!"
El Filibusterismo,15,SI G. PASTA,66,"—ang biglang hadlang ng matanda na nagpakunwaring may hinahanap sa kaniyang mga papel—hindi, ang ibig kong sabihin.... ngunit ¿nasaan kaya ang aking salamin sa mata?"
El Filibusterismo,15,SI G. PASTA,67,—Hayan po—ani Isagani.
El Filibusterismo,15,SI G. PASTA,68,"Ikinama ni G. Pasta ang kaniyang salamin, waring may binasang ilang kasulatan, at ng makitang inaantay siya ng binata ay nagwikang pautal-utal:"
El Filibusterismo,15,SI G. PASTA,69,"—May ibig akong sabihing isang bagay.... ibig kong sabihin, ngunit nakalimutan ko na.... kayo sa inyong kapusukan, ay pinigil ninyo ako.... isang bagay na walang malaking kabuluhan...."
El Filibusterismo,15,SI G. PASTA,70,"Kung alam lamang ninyo kung papaano ang ulo ko, ¡napakarami kasi ng aking gagawin!"
El Filibusterismo,15,SI G. PASTA,71,Naramdaman ni Isaganing siya’y iniaaboy na.
El Filibusterismo,15,SI G. PASTA,72,"—Kung gayon,—ang sabing sabay tindig—kami ay......"
El Filibusterismo,15,SI G. PASTA,73,—¡Ah!.... mabuti pang bayaan na ninyo sa kamay ng pamahalaan ang bagay na iyan; siya na ang bahalang magpapasiya diyan ng alinsunod sa kaniyang maibigan....
El Filibusterismo,15,SI G. PASTA,74,"Sinasabi ninyong ang Vice-Rector ay laban sa pagtuturo ng wikang kastila, marahil nga’y gayon, ngunit hindi sa panukala kundi sa paraan ng panukalang iyan."
El Filibusterismo,15,SI G. PASTA,75,"Sinasabing ang Rector na paparito ay may dalang panukalang pagbabago ng pagtuturo.... magantay kayo ng kaunti, bigyan ninyo ng panahon ang panahon, mangagaral kayo, sapagka’t nalalapit na ang examen at ¡putris yata!"
El Filibusterismo,15,SI G. PASTA,76,kayong mabuti nang magwikang kastila at maluwag na magsalita ¿ano’t nakikihimasok pa sa gulo?
El Filibusterismo,15,SI G. PASTA,77,ano pa ang hangad ninyong bukod na ituro?
El Filibusterismo,15,SI G. PASTA,78,¡Matitiyak na si P. Florentino ay kaisa ko sa pasiya!
El Filibusterismo,15,SI G. PASTA,79,Ipakikumusta ninyo......
El Filibusterismo,15,SI G. PASTA,80,"—Kailan pa man ay kabilinbilinan sa akin ng aking amain—ang sagot ni Isagani—na alalahanin ko ang iba gaya ng pag-aalaala ko sa sarili.... hindi ako naparito ng dahil sa akin, naparito ako sa ngalan ng mga nasa sa kalagayang lalo pang aba....."
El Filibusterismo,15,SI G. PASTA,81,"—¡A, putris!"
El Filibusterismo,15,SI G. PASTA,82,"gawin nila ang ginawa ninyo, sunugin nila ang kanilang kilay sa pag-aaral at maging upawin silang gaya ko sa pagsasaulo ng boo buong salaysay...."
El Filibusterismo,15,SI G. PASTA,83,At inaakala kong kung kaya kayo nakapagsasalita ng wikang kastila ay sapagka’t pinag-aralan ninyo; ¡kayo’y hindi taga Maynila ni anak ng kastila!
El Filibusterismo,15,SI G. PASTA,84,Pag-aralan nila ang pinag-aralan ninyo at gawin nila ang ginawa ko....
El Filibusterismo,15,SI G. PASTA,85,"Ako’y naging alila ng lahat ng prayle, ipinagluto ko sila ng chocolate, at samantalang ang kanan ko’y ipinanghahalo sa batidor ay pigil ko sa kaliwa ang gramatika, nag-aaral ako at, salamat na lamang sa Dios, hindi ako nagkailangan ng iba pang mga guro, ni iba pang akademia, ni mga pahintulot ng pamahalaan...."
El Filibusterismo,15,SI G. PASTA,86,Paniwalaan ninyo ako; ¡ang ibig na mag-aral ay nakapag-aaral at natututo!
El Filibusterismo,15,SI G. PASTA,87,—¿Ngunit ilan na sa mga ibig na matuto ang makaaabot sa inabot ninyo?
El Filibusterismo,15,SI G. PASTA,88,"Isa sa isang libo, at yaon pa man!"
El Filibusterismo,15,SI G. PASTA,89,—¡Psch!
El Filibusterismo,15,SI G. PASTA,90,¿at ano pa ang kailangan ng higit pa roon?
El Filibusterismo,15,SI G. PASTA,91,"—ang sagot ng matanda na ikinibit ang balikat—Ang mga abogado’y labis na, ang marami’y pumapasok na lamang na taga sulat."
El Filibusterismo,15,SI G. PASTA,92,¿Mga mediko?
El Filibusterismo,15,SI G. PASTA,93,"sila sila’y nagmumurahan, nag-uupasalaan at nagkakamatayan dahil sa pag-aagawan sa isang gagamutin...."
El Filibusterismo,15,SI G. PASTA,94,"¡Bisig, ginoo, ang kailangan natin ay bisig na ukol sa pagtatanim!"
El Filibusterismo,15,SI G. PASTA,95,"Nakilala ni Isagani na nag-aaksaya siya ng panahon, ngunit tumugon:"
El Filibusterismo,15,SI G. PASTA,96,"—Tunay nga—ang sagot—maraming abogado at mediko, ngunit hindi ko masasabing lumalabis, sapagka’t mayroon tayong mga bayang wala ng isa man sa kanila; ngunit kung marami man sa bilang, marahil ay kulang sa mabuti."
El Filibusterismo,15,SI G. PASTA,97,At yayamang hindi mapipigil na mag-aral ang kabataan at dito’y wala na namang ibang carrera ¿bakit babayaang masayang ang kanilang panahon at pagsisikap?
El Filibusterismo,15,SI G. PASTA,98,"Kung ang kasiraan ng pagtuturo ay hindi makahadlang na ang marami’y maging abogado o mediko, kung tayo’y magkakaroon din lamang ¿bakit hindi pa mabubuti?"
El Filibusterismo,15,SI G. PASTA,99,"at gayon man, kahi’t na ang nasa’y gawing lupain ng mga manananim ang lupaing ito, isang lupain ng mga manggagawa sa lupa, at patayin sa kaniya ang lahat ng gawaing isip, ay hindi ko maunawa ang kasamaan ng patalinuhin ang mga manananim at mga manggagawang lupang iyan, bigyan man lamang sila ng isang pinag-aralang magpahintulot sa kanila, pagkatapos, na mawasto at magwasto ng kanilang mga gawain, na ilagay baga sila sa kalagayang mawatasan ang maraming bagay na hindi batid sa ngayon."
El Filibusterismo,15,SI G. PASTA,100,"—¡Bah, bah, bah!"
El Filibusterismo,15,SI G. PASTA,101,—ang bulalas ng abogado na ikinumpay ng palikawlikaw sa hangin ang kamay na waring ibig bugawin ang mga paghahakang nabanggit—upang maging mabuting mang-aani ay hindi kailangan ang maraming retorica.
El Filibusterismo,15,SI G. PASTA,102,"¡Pangarap, maling akala, buko ng pag-iisip!"
El Filibusterismo,15,SI G. PASTA,103,¡Siya!
El Filibusterismo,15,SI G. PASTA,104,¿ibig baga ninyong sumunod sa isang hatol?
El Filibusterismo,15,SI G. PASTA,105,"At tumindig, masuyong ipinatong ang kamay sa balikat ng binata, at nagpatuloy:"
El Filibusterismo,15,SI G. PASTA,106,"—Bibigyan ko kayo ng isang lubhang mabuti, sapagka’t nakikita kong kayo’y matalino at ang hatol ay hindi mapapagayon lamang."
El Filibusterismo,15,SI G. PASTA,107,¿Magaaral kayo ng panggagamot?
El Filibusterismo,15,SI G. PASTA,108,Kung gayon ay magkasiya kayo sa pag-aaral ng kung papaano ang paglalagay ng tapal at pagpapasigid ng linta at huwag ninyong panghimasukan ang pagpapabuti o pagpapasama ng kalagayan ng inyong kapuwa.
El Filibusterismo,15,SI G. PASTA,109,"Pag kayo’y licenciado na, ay mag-asawa kayo sa isang dalagang mayaman at mapanata, pagpilitan ninyo ang makapanggamot at makasingil na mabuti, layuan ninyo ang lahat ng bagay na may pakialam sa kalagayan ng bayan, magsisimba kayo, magkumpisal at makinabang pag ang iba’y gumagawa ng gayon, at makikita ninyong pagkatapos ay pasasalamat kayo sa akin at ang gayo’y makikita ko kung ako’y buhay pa."
El Filibusterismo,15,SI G. PASTA,110,"Palagi ninyong aalalahanin na ang lalong wastong paglingap ay ang lingapin muna ang sarili; walang dapat hanapin ang tao sa mundo kundi ang lalong malaking kaligayahan ng kaniyang sarili, gaya ng sabi ni Bentham; pag kayo’y nanghimasok sa mga kaululan, ay hindi kayo magkakaroon ng carrera, ni hindi kayo magkakaasawa, ni hindi kayo magiging anoman."
El Filibusterismo,15,SI G. PASTA,111,Pag-iiwananan kayo ng lahat at ang una unang magtatawa sa inyong kalinisang ugali ay ang inyo ring mga kababayan.
El Filibusterismo,15,SI G. PASTA,112,"¡Maniwala kayo sa akin, ako’y maaalaala din ninyo at sasabihin ninyong may katwiran ako pag kayo’y nagkaroon na ng ubang kagaya ko, mga ubang kagaya nito!"
El Filibusterismo,15,SI G. PASTA,113,At hinipo ang iilan niyang buhok na puti ng matandang abogado na ngumiti ng malungkot at iniling-iling ang ulo.
El Filibusterismo,15,SI G. PASTA,114,"—Pag nagkaroon na ako ng mga ganiyang uban, ginoo,—ang sagot na malungkot din ni Isagani—at pag inilingon ko ang aking paningin sa nakaraan at makita kong wala akong ginawa kundi ang ukol sa sarili, na hindi ginawa ang mangyayaring gawin at dapat kong gawing ukol sa bayang nagbigay sa akin ng lahat ng bagay, ukol sa mga namamayang tumutulong sa aking kabuhayan, ang bawa’t uban ay magiging isang tinik sa akin, at hindi ko sila ikadadangal kundi bagkus ikahihiya!"
El Filibusterismo,15,SI G. PASTA,115,At masabi ito ay yumuko at umalis.
El Filibusterismo,15,SI G. PASTA,116,"Napatigil ang abogado sa kaniyang kinalalagyan, na ang mata’y susulingsuling."
El Filibusterismo,15,SI G. PASTA,117,Nadingig ang mga yabag na lumalayong untiunti at muling umupo na bumubulong:
El Filibusterismo,15,SI G. PASTA,118,—¡Kaawaawang binata!
El Filibusterismo,15,SI G. PASTA,119,Ang mga ganiyan ding haka ay sumagi isang araw sa aking pag-iisip!
El Filibusterismo,15,SI G. PASTA,120,"¿Maanong ang lahat ay makapagsabing: ginawa ko ito ng dahil sa aking bayan, iniuukol ko ang aking buhay sa ikabubuti ng lahat....?"
El Filibusterismo,15,SI G. PASTA,121,"¡Putong na laurel, na pigta ng katas ng kamansa, mga dahong tuyo na nagkakanlong ng mga tinik at mga uod!"
El Filibusterismo,15,SI G. PASTA,122,"¡Hindi iyan ang kabuhayan, iyan ay hindi nagbibigay ng kakanin, ni hindi nagdudulot ng karangalan; ang mga laurel ay bahagya nang magamit sa isang sawsawan.... ni hindi nagbibigay ng katiwasayan.... ni hindi nagpapanalo ng mga usap, kundi tiwali pa nga!"
El Filibusterismo,15,SI G. PASTA,123,"Ang bawa’t bayan ay may kaniyang hilig, gaya rin ng kaniyang singaw ng lupa at kaniyang mga sakit, na iba sa singaw ng lupa at mga sakit ng ibang bayan!"
El Filibusterismo,15,SI G. PASTA,124,At idinugtong pagkatapos:
El Filibusterismo,15,SI G. PASTA,125,—¡Kaawaawang binata!....
El Filibusterismo,15,SI G. PASTA,126,"Kung ang lahat sana’y nag-iisip at gumagawa ng gaya niya, ay hindi ko sinasabing hindi...."
El Filibusterismo,15,SI G. PASTA,127,¡Kaawaawang binata!
El Filibusterismo,15,SI G. PASTA,128,¡Kaawaawang Florentino!
El Filibusterismo,16,ANG MGA KAPIGHATIAN NG ISANG INSIK,1,"Nang kinagabihan ng Sabado ring yaon, ang insik na si Quiroga na nagnanasang makapagtatag ng isang consulado ng kaniyang bansa, ay naghanda ng isang hapunan sa itaas ng kaniyang tindahan na nasa daang Escolta."
El Filibusterismo,16,ANG MGA KAPIGHATIAN NG ISANG INSIK,2,"Maraming dumalo sa kaniyang pista: mga prayle, mga kawani, mga militar, mga mangangalakal, lahat ng kaniyang mga suki, mga kasama o mga ninong, ay pawang nangaroroon; ang kaniyang tindahan ay siyang kinukunan ng lahat ng kailangan ng mga kura at ng mga kombento, tumatanggap ng vale ng lahat ng kawani, mayroon siyang matatapat na alagad na masunurin at masisipag."
El Filibusterismo,16,ANG MGA KAPIGHATIAN NG ISANG INSIK,3,"Ang mga prayle ay hindi nanganganinganing dumaan ng mga buo buong oras sa kaniyang tindahan, maging sa pook na tanaw ng madla, maging sa mga silid na nasa loob, na, may mga kaayaayang kapulong...."
El Filibusterismo,16,ANG MGA KAPIGHATIAN NG ISANG INSIK,4,"Nang gabi ngang iyon, ang kabahayan ay may katangitanging anyo."
El Filibusterismo,16,ANG MGA KAPIGHATIAN NG ISANG INSIK,5,"Namumuno sa mga prayle at mga kawani na nangakaluklok sa mga uupang Viena at mga mumunting bangkong maitim ang kahoy at ang uupan ay marmol na galing sa Canton, sa harap ng mga mumunting dulang na parisukat, at nangaglalaro ng tresillo o nangag-uusap usap, sa tulong ng maningning na liwanag ng mga ginintuang lampara o ng kukutakutatap na ilaw ng mga parol insik na may matitingkad na palamuting borlas na sutla."
El Filibusterismo,16,ANG MGA KAPIGHATIAN NG ISANG INSIK,6,"Sa mga dingding ay magulong nagkakahalo ang mga panooring payapa at bughawin na gawang Canton at Hongkong, na kasama ng mga cromo ng mga babaing naglilingkod sa mga sultan, mga babaing halos hubad, mga larawan ng Cristo na mukhang babai, ng kamatayan ng banal at ng makasalanan, na pawang yari sa mga pagawaang hudio sa Alemania upang ipagbili sa mga bayang katoliko."
El Filibusterismo,16,ANG MGA KAPIGHATIAN NG ISANG INSIK,7,"Naroroon din ang mga larawang insik na nasa pulang papel na may isang lalaking nakaupo na ang anyo’y kagalanggalang, mapayapa at nakangiti, sa likuran nito’y may nakatayong aliping napakapangit, na ang pigil ay isang sibat na ang talim ay malapad at matalas: tinatawag na Mahoma ng mga taga roon at tinatawag na Santiago ng ilan, hindi namin maalaman kung bakit; ang mga insik naman ay hindi nagpapaliwanag tungkol sa pagkakakilalang iyon sa dalawang pangalan."
El Filibusterismo,16,ANG MGA KAPIGHATIAN NG ISANG INSIK,8,"Manga putok ng botella ng Champagne, bungguan ng mga kopa, tawanan, usok ng tabako at isang tanging amoy ng bahay insik, na may halong pebete, apian at mga imbak na bungang kahoy ang nagiging kabuoan ng lahat ng iyon."
El Filibusterismo,16,ANG MGA KAPIGHATIAN NG ISANG INSIK,9,"Suot wari’y mandarin, na bughaw ang borlas ng kopia, ay nagpapalakadlakad sa mga silid, si insik Quiroga, na tuwid at unat na unat, na pasulyapsulyap na waring sinisiyasat kung walang nangduduwit ng ano man."
El Filibusterismo,16,ANG MGA KAPIGHATIAN NG ISANG INSIK,10,"Datapwa’y kahi’t na taglay ang gayong di pagtitiwalang likas sa kaniya ay nakikipagkamayan, binabati ang ilan sa tulong ng mga masuyo at pakumbabang ngiti, at ang ilan ay bating mapag-ampon, at ang iba’y bating palibak na waring ang ibig sabihin ay:"
El Filibusterismo,16,ANG MGA KAPIGHATIAN NG ISANG INSIK,11,—¡Alam ko na!
El Filibusterismo,16,ANG MGA KAPIGHATIAN NG ISANG INSIK,12,hindi kayo naparito ng dahil sa akin kundi dahil sa aking hapunan.
El Filibusterismo,16,ANG MGA KAPIGHATIAN NG ISANG INSIK,13,May katwiran si insik Quiroga.
El Filibusterismo,16,ANG MGA KAPIGHATIAN NG ISANG INSIK,14,"Yaong matabang ginoo na pumupuri sa kaniya at nagsasabi ng pangangailangan ng isang konsulado ng insik dito sa Maynila, na ang ibig manding sabihin ay walang makagaganap sa katungkulang iyon liban na kay Quiroga, ay si G. Gonzalez na pumipirmang Pitili kung tinutuligsa sa mga tudling ng pahayagan ang pagparito ng insik."
El Filibusterismo,16,ANG MGA KAPIGHATIAN NG ISANG INSIK,15,"Yaong isa na may kagulangan na at sinisiyasat na malapit na malapit ang mga bagay bagay, ang mga lampara, at mga cuadro, at ibp."
El Filibusterismo,16,ANG MGA KAPIGHATIAN NG ISANG INSIK,16,", at ngumingiwi at bumubulalas ng padusta, ay si G. Timoteo Pelaez, ama ni Juanito, mangangalakal na nangangalandakan ng laban sa pakikiagaw ng mga insik na naghahapay sa kaniyang kalakal."
El Filibusterismo,16,ANG MGA KAPIGHATIAN NG ISANG INSIK,17,"At ang isa, ang nasa dako pa roon, iyong kayumangging ginoo, payat, na ang paningin ay magaslaw at banayad ang ngiti, ay yaon ang bantog na may kagagawan ng ukol sa mga pisong mehikano na nagbigay ng di kakaunting sama ng loob sa isang kinakalong ni Quiroga; ang kawaning iyon ay kilala sa Maynila dahil sa katalasan!"
El Filibusterismo,16,ANG MGA KAPIGHATIAN NG ISANG INSIK,18,"Ang nasa malayolayo pa, yaong kung tumingin ay pairap at hindi husay ang bigote ay siyang kawaning kinikilalang lalong karapatdapat sapagka’t nagkaroon ng katapangang magsalita ng laban sa pangangalakal ng mga billete sa loteria na ginagawa ni Quiroga at ng isang babaing bantog sa mga lipunan sa Maynila."
El Filibusterismo,16,ANG MGA KAPIGHATIAN NG ISANG INSIK,19,Sadya ngang kung hindi man ang kalahati ay ang dalawa ng katlong bahagi ng mga billete ay dinadala sa kainsikan at ang nalalabing kaunti sa Maynila ay ipinagbibiling may patong na sikolo.
El Filibusterismo,16,ANG MGA KAPIGHATIAN NG ISANG INSIK,20,"Lubos ang pananalig ng tinurang ginoo na sa balang araw ay mapapasa-kaniya ang pinakamalaking tama, kaya’t muhing muhi sa mga gayong kagagawan."
El Filibusterismo,16,ANG MGA KAPIGHATIAN NG ISANG INSIK,21,Samantala nama’y nagtatapos ang hapunan.
El Filibusterismo,16,ANG MGA KAPIGHATIAN NG ISANG INSIK,22,"Mula sa kakainan ay umaabot sa kabahayan ang mga bahagi ng talumpati, tawanan, mga pagsalangsang, halakhakan...."
El Filibusterismo,16,ANG MGA KAPIGHATIAN NG ISANG INSIK,23,"Ang pangalan ni Quiroga ay paulit-ulit na nadidingig, na kahalo ng mga salitang consul, pagpapantaypantay, mga karapatan...."
El Filibusterismo,16,ANG MGA KAPIGHATIAN NG ISANG INSIK,24,"Ang may piging, na hindi kumakain ng lutong Europa, ay nakikitungga na lamang maminsanminsan sa kaniyang mga panaohin, at nangangakong makikisabay sa pagkain ng mga hindi nakadulog sa unang hain."
El Filibusterismo,16,ANG MGA KAPIGHATIAN NG ISANG INSIK,25,"Nakapaghapunan na si Simoun ng dumating at nakikipag-usap, sa kabahayan, sa ilang mangangalakal na nangagsisidaing dahil sa kalagayan ng paghahanap buhay: masama ang lakad ng lahat, nahihinto ang pangangalakal, ang pakikipagsuklian sa Europa ay napakataas ang halaga; nangagsisihingi ng liwanag sa mag-aalahas o inuudyukan siya ng ilang paraan sa pag-asang sasabihin sa Capitan General."
El Filibusterismo,16,ANG MGA KAPIGHATIAN NG ISANG INSIK,26,Sa bawa’t kaparaanang ipalagay ay tinutugunan ni Simoun ng isang ngiting pakutya’t paglibak.
El Filibusterismo,16,ANG MGA KAPIGHATIAN NG ISANG INSIK,27,¡Ba!
El Filibusterismo,16,ANG MGA KAPIGHATIAN NG ISANG INSIK,28,¡kaululan!
El Filibusterismo,16,ANG MGA KAPIGHATIAN NG ISANG INSIK,29,"hanggang sa nang mamuhi na ang isa, ay itinanong ang kaniyang haka."
El Filibusterismo,16,ANG MGA KAPIGHATIAN NG ISANG INSIK,30,—¿Ang aking haka?
El Filibusterismo,16,ANG MGA KAPIGHATIAN NG ISANG INSIK,31,—ang tanong—pag-aralan ninyo kung bakit lumulusog ang ibang bansa at gayahan ninyo sila.
El Filibusterismo,16,ANG MGA KAPIGHATIAN NG ISANG INSIK,32,"—¿At bakit nangagsisilusog, G. Simoun?"
El Filibusterismo,16,ANG MGA KAPIGHATIAN NG ISANG INSIK,33,Kinibit ni Simoun ang kanyang balikat at hindi sumagot.
El Filibusterismo,16,ANG MGA KAPIGHATIAN NG ISANG INSIK,34,—¡Ang mga gawain sa daongan na nakabibigat sa pangangalakal at ang daongang hindi mayariyari!
El Filibusterismo,16,ANG MGA KAPIGHATIAN NG ISANG INSIK,35,"—ang buntonghinga ni G. Timoteo Pelaez—ay isang kayo ni Guadalupe, gaya ng sabi ng anak ko, na hinahabi at kinakalas.... ang mga buwis...."
El Filibusterismo,16,ANG MGA KAPIGHATIAN NG ISANG INSIK,36,—¡At dumadaing kayo!
El Filibusterismo,16,ANG MGA KAPIGHATIAN NG ISANG INSIK,37,—ang bulalas ng isa—¡At ngayong kapapasiya pa lamang ng General ng pagpapagiba ng mga bahay na pawid!
El Filibusterismo,16,ANG MGA KAPIGHATIAN NG ISANG INSIK,38,¡Kayong may maraming hierro galvanizado!
El Filibusterismo,16,ANG MGA KAPIGHATIAN NG ISANG INSIK,39,—Oo—ang sagot ni G. Timoteo—¡ngunit ang nagugol ko naman sa kapasiyahang iyan!
El Filibusterismo,16,ANG MGA KAPIGHATIAN NG ISANG INSIK,40,"At saka ang pagpapagiba’y hindi pa gagawin kundi sa loob ng isang buwan, hanggang dumating ang kurisma; mangyayaring may dumating pang iba.... ang ibig ko sana’y ipagiba ngayon din, datapwa’t...."
El Filibusterismo,16,ANG MGA KAPIGHATIAN NG ISANG INSIK,41,"Bukod sa rito, ano ang ibibili sa akin ng mga may ari ng bahay na iyan sa pawang maralita?"
El Filibusterismo,16,ANG MGA KAPIGHATIAN NG ISANG INSIK,42,—Mangyayari ding mabili ninyo ng murang mura ang kanilang mga bahay....
El Filibusterismo,16,ANG MGA KAPIGHATIAN NG ISANG INSIK,43,"—At pagkatapos ay lakaring pawalang bisa ang kautusan at ipagbiling muli, na ibayo ang halaga....!"
El Filibusterismo,16,ANG MGA KAPIGHATIAN NG ISANG INSIK,44,Naiyan ang isang kalakal!
El Filibusterismo,16,ANG MGA KAPIGHATIAN NG ISANG INSIK,45,"Si Simoun ay ngumiti ng ngiti niyang malamlam, at sa dahilang nakitang sumasalubong din si insik Quiroga ay iniwan ang mga madainging mangangalakal upang batiin ang magiging consul."
El Filibusterismo,16,ANG MGA KAPIGHATIAN NG ISANG INSIK,46,"Babahagya pa lamang siyang nakita nito ay nawala na ang anyong may kasiyahang loob at ang mukha’y iginaya sa mga mangangalakal, at yumuko ng bahagya."
El Filibusterismo,16,ANG MGA KAPIGHATIAN NG ISANG INSIK,47,"Iginagalang na lubha ng insik na si Quiroga ang mag-aalahas, hindi lamang sa dahilang kilala niyang mayaman, kundi dahil sa mga bulungbulungang umano’y kaututang dila ng Capitan General."
El Filibusterismo,16,ANG MGA KAPIGHATIAN NG ISANG INSIK,48,"Nababalitang inaayunan ni Simoun ang mga hangarin ng insik, kasang-ayon sa ukol sa consulado, at sa gitna ng mga banggitin, mga parunggit at mga puntos suspensivos ay tinukoy na siya ng isang pamahayagang laban sa insik, sa isang nabantog na pakikipagsagutan sa isang kasamang kampi sa mga may buhok."
El Filibusterismo,16,ANG MGA KAPIGHATIAN NG ISANG INSIK,49,Idinaragdag pa ng ilan kataong malumanay na iniuudyok sa Capitan General ng Eminencia Negra na gamitin ang mga insik sa pagsugpo sa matibay na karangalan ng mga taga rito.
El Filibusterismo,16,ANG MGA KAPIGHATIAN NG ISANG INSIK,50,—Upang maging masunurin ang isang bayan—aniya—ay walang paraang gaya ng duhagihin at ipakilala sa kaniya ang sariling kaabaan.
El Filibusterismo,16,ANG MGA KAPIGHATIAN NG ISANG INSIK,51,Madaling nagkaroon ng isang pagkakataon.
El Filibusterismo,16,ANG MGA KAPIGHATIAN NG ISANG INSIK,52,Ang mga balangay ng mga mestiso at ng mga naturales ay nangagmamanmanan at ginagamit ang kanilang katapangan at kasipagan sa paghihinala at di katiwalaan.
El Filibusterismo,16,ANG MGA KAPIGHATIAN NG ISANG INSIK,53,"Isang araw, sa misa, ang kapitan sa naturales na nakaupo sa bangkong nasa dakong kanan at lubhang payat, ay nakaisip na pagpatungin ang kaniyang mga paa, na anyong nonchalant, upang lumakilaki sa wari ang kaniyang mga pigi at maipamalas ang kaniyang mainam na sapatos; ang sa mestiso namang naluluklok sa kabilang ibayo, sa dahilang may juanete at hindi mapagpatong ang paa dahil sa katabaan at buyunin ay umanyo namang ibinikaka ang kaniyang mga hita upang malantad ang tiyang nakukulong ng isang chaleco na walang kakuton kuton na napapalamutihan ng isang magandang tanikalang ginto at brillante."
El Filibusterismo,16,ANG MGA KAPIGHATIAN NG ISANG INSIK,54,"Ang dalawang pangkatin ay nagkapakiramdaman at nagsimula na ang paghahamok: sa sumunod na pagsisimba, ang lahat ng mestiso, pati ng mga lalong payat, ay pawang may mga buyon at ibinikakang mabuti ang mga hita na waring nangangabayo: lahat ng naturales ay pinagpatong ang kanikanilang paa, sampu ng lalong matataba, kaya’t may kabisa tuloy na umarinkin."
El Filibusterismo,16,ANG MGA KAPIGHATIAN NG ISANG INSIK,55,"Ang mga insik na nakakita sa kanila, ay gumamit naman ng kanilang anyo: nangagsiupong gaya ng kung nasa sa kanilang tindahan, ang isang paa’y baluktot at nakataas, ang isa’y nakabiting kukuyakuyakoy."
El Filibusterismo,16,ANG MGA KAPIGHATIAN NG ISANG INSIK,56,"Nagkaroon ng mga tutulan, mga kasulatan, mga expediente, at ibp."
El Filibusterismo,16,ANG MGA KAPIGHATIAN NG ISANG INSIK,57,", ang mga kuadrilyero ay matuling nangagsipanandata upang pasimulan ang paghahamok ng magkakababayan, ang mga kura ay galak na galak, ang mga kastila’y nasasayahan at ang lahat ng ito’y pinagkakakitaan ng salapi, hanggang sa pinigil ng General ang kaguluhan sa pamagitan ng pag-uutos na sila’y mangag-upuang kagaya ng insik, sa dahilang ang mga ito’y siyang bumabayad ng lalong malaki, kahi’t hindi siyang lalong katoliko."
El Filibusterismo,16,ANG MGA KAPIGHATIAN NG ISANG INSIK,58,"At dito nangyari ang kagipitan ng mga mestiso at naturales, na, sa dahilang makikipot ang salawal ay hindi makagaya sa insik."
El Filibusterismo,16,ANG MGA KAPIGHATIAN NG ISANG INSIK,59,"At upang ang nasang duhagihin sila’y mabunyag, ay ginanap ang kautusan ng buong karingalan at ginamitan ng mga sangkap, nilibid ang simbahan ng isang pulutong na kabayuhan, samantalang ang lahat ng nasa loob ay pinapawisan."
El Filibusterismo,16,ANG MGA KAPIGHATIAN NG ISANG INSIK,60,"Ang usapin ay nakarating sa España, ngunit doo’y naulit ding sa dahilang ang nagbabayad ng lalong malaki ay ang mga insik ay mangyayaring pairalin ang kanilang ibigin sampu sa mga ceremonias religiosas, kahi’t pagkatapos ay tumakwil sa pananampalataya at libakin ang pagkakristiano."
El Filibusterismo,16,ANG MGA KAPIGHATIAN NG ISANG INSIK,61,Nasiyahang loob ang mga naturales at mestiso at pinag-aralan nila ang hindi pag-aaksaya ng panahon sa mga gayong bagay na walang kabuluhan.
El Filibusterismo,16,ANG MGA KAPIGHATIAN NG ISANG INSIK,62,"Sinuyosuyo ni Quiroga si Simoun sa tulong ng kaniyang haluang pananalita’t ngiting napakamakumbaba; ang kaniyang tingig ay napakamahimok, paulit-ulit ang kaniyang yuko, ngunit pinutol ng mag-aalahas ang kaniyang pangungusap at itinanong sa kaniyang bigla:"
El Filibusterismo,16,ANG MGA KAPIGHATIAN NG ISANG INSIK,63,—¿Naibigan baga ang mga galang?
El Filibusterismo,16,ANG MGA KAPIGHATIAN NG ISANG INSIK,64,"Sa tanong na ito’y napawing wari’y pangarap ang sigla ng kalooban ni Quiroga; ang tingig na dating mahimok ay naging mahinagpis, lalo pang nagpakayukoyuko at matapos pinapagdoop ang mga kamay na itinaas na pantay mukha, anyong pagbati sa kainsikan, ay dumaing ng:"
El Filibusterismo,16,ANG MGA KAPIGHATIAN NG ISANG INSIK,65,"—¡Uu, sinyo Simoun!"
El Filibusterismo,16,ANG MGA KAPIGHATIAN NG ISANG INSIK,66,"¡akieng lugi, akieng hughog!"
El Filibusterismo,16,ANG MGA KAPIGHATIAN NG ISANG INSIK,67,"—¿Bakit, insik Quiroga, kayo’y lugi at hughog?"
El Filibusterismo,16,ANG MGA KAPIGHATIAN NG ISANG INSIK,68,¡at ganyang karami ang botella ng champagne at mga panaohin!
El Filibusterismo,16,ANG MGA KAPIGHATIAN NG ISANG INSIK,69,Ipinikit ni Quiroga ang kaniyang mga mata at ngumiwi.
El Filibusterismo,16,ANG MGA KAPIGHATIAN NG ISANG INSIK,70,¡Hss!
El Filibusterismo,16,ANG MGA KAPIGHATIAN NG ISANG INSIK,71,"Ang nangyari ng hapong iyon, ang naging hanggan ng mga galang, ay nakapaghughog sa kaniya."
El Filibusterismo,16,ANG MGA KAPIGHATIAN NG ISANG INSIK,72,Si Simoun ay ngumiti: kapag ang isang mangangalakal na insik ay dumadaing ay sapagka’t mabuti ang lagay; kapag ang ipinamalas ay waring mabuting mabuti ang kaniyang lakad ay sapagka’t nakikinikinita ang isang pagkalugi o magtatanang tungo sa kanyang bayan.
El Filibusterismo,16,ANG MGA KAPIGHATIAN NG ISANG INSIK,73,"—¿Kayo mo hienne alam akieng lugi, akieng hughog?"
El Filibusterismo,16,ANG MGA KAPIGHATIAN NG ISANG INSIK,74,"¡A, sinyo Simoun, akieng hapay!"
El Filibusterismo,16,ANG MGA KAPIGHATIAN NG ISANG INSIK,75,At upang lalong maipabatid ng insik ang kaniyang kalagayan ay sinabayan ang salitang hapay ng anyong pagpapatimbuwang.
El Filibusterismo,16,ANG MGA KAPIGHATIAN NG ISANG INSIK,76,"Ibig ibig ni Simoun na siya’y pagtawanan, ngunit nagpigil at sinabing wala siyang ano mang nalalaman, wala, walang wala."
El Filibusterismo,16,ANG MGA KAPIGHATIAN NG ISANG INSIK,77,"Dinala siya ni Quiroga sa isang silid, na inilapat na mabuti ang pinto, at ipinaliwanag sa kaniya ang sanhi ng kasawian ng insik."
El Filibusterismo,16,ANG MGA KAPIGHATIAN NG ISANG INSIK,78,"Ang tatlong galang na brillante na hiningi kay Simoun upang ipakita sa kaniyang asawa, ay hindi sadyang para rito, kaawaawang india na nakukulong sa isang silid, na waring isang babaing insik, kundi para sa isang maganda at kaayaayang babaing kaibigan ng isang mataas na tao, na kailangan niya ang tulong, dahil sa isang kalakal na pagtutubuan niya ng mga anim na libong piso."
El Filibusterismo,16,ANG MGA KAPIGHATIAN NG ISANG INSIK,79,"At sa dahilang ang insik ay walang kabatiran sa mga maiibigan ng babai at nasa niyang magpakita ng gara, ay hiningi ang tatlong pinakamabuting galang na mayroon ang mag-aalahas, na tatlo o apat na libo ang halaga ng bawa’t isa."
El Filibusterismo,16,ANG MGA KAPIGHATIAN NG ISANG INSIK,80,"Ang insik ay nag-anyong walang malay at sa tulong ng kaniyang mahimok na ngiti ay sinabi sa babaing pumili ng maibigan; ngunit ang babai, lalong walang muwang at lalo pa manding mahimok, ay nagpahayag na ibig niya ang tatlo, at kinuhang lahat."
El Filibusterismo,16,ANG MGA KAPIGHATIAN NG ISANG INSIK,81,Si Simoun ay humalakhak.
El Filibusterismo,16,ANG MGA KAPIGHATIAN NG ISANG INSIK,82,"—¡A, sinyolia!"
El Filibusterismo,16,ANG MGA KAPIGHATIAN NG ISANG INSIK,83,"¡akieng lugi, akieng hoghog!"
El Filibusterismo,16,ANG MGA KAPIGHATIAN NG ISANG INSIK,84,—ang sigaw ng insik na sabay ang pagtatampal sa sarili ng kaniyang maliliit na kamay.
El Filibusterismo,16,ANG MGA KAPIGHATIAN NG ISANG INSIK,85,Patuloy din ang mag-aalahas sa katatawa.
El Filibusterismo,16,ANG MGA KAPIGHATIAN NG ISANG INSIK,86,—¡Huu!
El Filibusterismo,16,ANG MGA KAPIGHATIAN NG ISANG INSIK,87,"¡masama tao, sigulo hienne tuto sinyola!"
El Filibusterismo,16,ANG MGA KAPIGHATIAN NG ISANG INSIK,88,—ang patuloy ng insik na ginagalaw ang ulong masama ang loob—¿Ano?
El Filibusterismo,16,ANG MGA KAPIGHATIAN NG ISANG INSIK,89,"bo hiya, kahi insiek sa akieng ako tao, ¡A, sigulo hienne tuto sinyola; kung sigalela belong pa konti hiya!"
El Filibusterismo,16,ANG MGA KAPIGHATIAN NG ISANG INSIK,90,"—Nahuli kayo, nahuli kayo—ang bulalas ni Simoun na sabay sa pagtumbok ng marahan sa tiyan ng insik."
El Filibusterismo,16,ANG MGA KAPIGHATIAN NG ISANG INSIK,91,—At lahat tao hienge utang at hienne mayad ¿ano iyan?
El Filibusterismo,16,ANG MGA KAPIGHATIAN NG ISANG INSIK,92,"—at binilang sa kaniyang daliring may mahahabang kuko—impelealo, opisia, tinienti, sunnalo, ¡a, sinyo Simoun, akieng talo, akieng hapay!"
El Filibusterismo,16,ANG MGA KAPIGHATIAN NG ISANG INSIK,93,"—Siya, siya na ang kadadaing—ang sabi ni Simoun—iniligtas ko kayo sa maraming opisyal na humihingi sa inyo ng salapi...."
El Filibusterismo,16,ANG MGA KAPIGHATIAN NG ISANG INSIK,94,Sila’y pinautang ko ng huwag na kayong gambalain at batid kong hindi nila ako mababayaran......
El Filibusterismo,16,ANG MGA KAPIGHATIAN NG ISANG INSIK,95,"—Nguni, sinyo Simoun, kayo pautang sa opisia, ako pautang sa mamae, sinyola, malinelo, lahat tao......"
El Filibusterismo,16,ANG MGA KAPIGHATIAN NG ISANG INSIK,96,—¡Masisingil din ninyo!
El Filibusterismo,16,ANG MGA KAPIGHATIAN NG ISANG INSIK,97,—¿Akieng makasingil?
El Filibusterismo,16,ANG MGA KAPIGHATIAN NG ISANG INSIK,98,"¡A, sigulo hienne po ikaw alam!"
El Filibusterismo,16,ANG MGA KAPIGHATIAN NG ISANG INSIK,99,¡Pagtalo sa suga wala na mayad!
El Filibusterismo,16,ANG MGA KAPIGHATIAN NG ISANG INSIK,100,"Mamuti sa inyo melon konsu, maali habol, akieng wala...."
El Filibusterismo,16,ANG MGA KAPIGHATIAN NG ISANG INSIK,101,Si Simoun ay nagiisip.
El Filibusterismo,16,ANG MGA KAPIGHATIAN NG ISANG INSIK,102,"—Tingnan ninyo insik Quiroga,—ang sabing wari’y natatanga—ako ang maniningil ng utang sa inyo ng mga opisiyal at mga marinero, ibigay ninyo sa akin ang katibayan ng pagkakatanggap nila."
El Filibusterismo,16,ANG MGA KAPIGHATIAN NG ISANG INSIK,103,Muling namighati si Quiroga; hindi siya binibigyan kailan man ng katibayan.
El Filibusterismo,16,ANG MGA KAPIGHATIAN NG ISANG INSIK,104,"—Pag nangagsiparitong hihingi ng salapi, ay paparoonin ninyo sa akin; ibig kong iligtas kayo."
El Filibusterismo,16,ANG MGA KAPIGHATIAN NG ISANG INSIK,105,"Napasalamat ng lubos si Quiroga, ngunit nabalik na naman sa kaniyang mga pagdaing, tinukoy ang mga galang at inulit-ulit ang:"
El Filibusterismo,16,ANG MGA KAPIGHATIAN NG ISANG INSIK,106,—¡Kung sigalela belon pa hiya!
El Filibusterismo,16,ANG MGA KAPIGHATIAN NG ISANG INSIK,107,—¡Putris!
El Filibusterismo,16,ANG MGA KAPIGHATIAN NG ISANG INSIK,108,—ang sabi ni Simoun na tinitingnang pasulyap ang insik na waring ibig hulaan ang nasa kalooban—nangangailangan pa naman ako ng salapi at inaakala kong mababayaran ninyo ako.
El Filibusterismo,16,ANG MGA KAPIGHATIAN NG ISANG INSIK,109,"Ngunit ang lahat ay may kagamutan, ayaw kong mahapay kayo ng dahil lamang sa walang kabuluhang bagay na iyan."
El Filibusterismo,16,ANG MGA KAPIGHATIAN NG ISANG INSIK,110,"Siya, isang utang na loob at gagawin kong pito ang siyam na libong utang ninyo sa akin."
El Filibusterismo,16,ANG MGA KAPIGHATIAN NG ISANG INSIK,111,"Kayo’y nakapagpapasok sa aduana ng lahat ng lampara, mga bakal, mga pinggan, tanso, mga pisong mehikano; ¿nagbibigay kayo ng armas sa mga kombento?"
El Filibusterismo,16,ANG MGA KAPIGHATIAN NG ISANG INSIK,112,Napaoo ang insik sa tulong ng tango; ngunit kailangan niyang sumuhol sa maraming tao.
El Filibusterismo,16,ANG MGA KAPIGHATIAN NG ISANG INSIK,113,—¡Lahat akieng bigay sa Pale!
El Filibusterismo,16,ANG MGA KAPIGHATIAN NG ISANG INSIK,114,—Kung gayon ay tingnan ninyo—ang marahang patuloy ni Simoun—kailangan kong ipapasok ninyo ang ilang kaha ng pusil na dumating ngayong gabi.... ibig kong itago ninyo sa inyong tindahan; hindi magkakasiyang lahat sa aking bahay.
El Filibusterismo,16,ANG MGA KAPIGHATIAN NG ISANG INSIK,115,Si Quiroga’y nagulumihanan.
El Filibusterismo,16,ANG MGA KAPIGHATIAN NG ISANG INSIK,116,"—Huwag kayong masindak, hindi kayo maaano: ang mga baril na iyan ay unti unting itatago sa ilang bahay, at pagkatapos ay gagawa ng pagsisiyasat at marami ang ibinibilanggo.... marami tayong kikitain sa paglakad na makawala ang mga napipiit."
El Filibusterismo,16,ANG MGA KAPIGHATIAN NG ISANG INSIK,117,¿Batid na ninyo?
El Filibusterismo,16,ANG MGA KAPIGHATIAN NG ISANG INSIK,118,Si Quiroga ay alinlangan; takot siya sa mga armas.
El Filibusterismo,16,ANG MGA KAPIGHATIAN NG ISANG INSIK,119,Sa kaniyang mesa ay mayroon siyang isang rebolber na walang punlo na hindi niya hinihipo kailan man kundi lilingon munang nakapikit ang mata.
El Filibusterismo,16,ANG MGA KAPIGHATIAN NG ISANG INSIK,120,"—Kung hindi ninyo magagawa ay hahanap ako ng iba, ngunit kailangan ko kung gayon ang aking siyam na libong piso upang padulasin ang mga kamay at ipikit ang mga mata."
El Filibusterismo,16,ANG MGA KAPIGHATIAN NG ISANG INSIK,121,"—¡Siya, siya!"
El Filibusterismo,16,ANG MGA KAPIGHATIAN NG ISANG INSIK,122,—ang sa huli’y sabi ni Quiroga—¿ngunit huli ba malami tao?
El Filibusterismo,16,ANG MGA KAPIGHATIAN NG ISANG INSIK,123,"¿utos lekisa, ha?"
El Filibusterismo,16,ANG MGA KAPIGHATIAN NG ISANG INSIK,124,Nang bumalik sa kabahayan si Quiroga at si Simoun ay natagpuan ang mga galing sa paghapon na nangagtatalo: pinatabil ng champagne ang mga dila at nagpapagalaw sa mga utak ng ulo.
El Filibusterismo,16,ANG MGA KAPIGHATIAN NG ISANG INSIK,125,Nangag-uusapang walang kakimikimi.
El Filibusterismo,16,ANG MGA KAPIGHATIAN NG ISANG INSIK,126,"Sa isang pulutong na may maraming kawani, ilang babai at si D. Custodio, ay pinag-uusapan ang isang pasugo sa India upang pag-aralan ang ukol sa paggawa ng mga sapatos ng mga sundalo."
El Filibusterismo,16,ANG MGA KAPIGHATIAN NG ISANG INSIK,127,—¿At sinosino ang bumubuo?
El Filibusterismo,16,ANG MGA KAPIGHATIAN NG ISANG INSIK,128,—ang tanong ng isang babaing malaki.
El Filibusterismo,16,ANG MGA KAPIGHATIAN NG ISANG INSIK,129,"—Isang koronel, dalawang opisyal at ang pamangkin ng General."
El Filibusterismo,16,ANG MGA KAPIGHATIAN NG ISANG INSIK,130,—¿Apat?
El Filibusterismo,16,ANG MGA KAPIGHATIAN NG ISANG INSIK,131,—ang tanong ng isang kawani—¡ganyan na lamang ang lupon!
El Filibusterismo,16,ANG MGA KAPIGHATIAN NG ISANG INSIK,132,¿at kung magkahati sa kapasiyahan?
El Filibusterismo,16,ANG MGA KAPIGHATIAN NG ISANG INSIK,133,¿may pagkabatid man lamang kaya sa bagay na iyon?
El Filibusterismo,16,ANG MGA KAPIGHATIAN NG ISANG INSIK,134,"—Iyan nga ang tanong ko—ang dugtong ng isa—ang sabi ko’y dapat pumaroon ang isang hindi kawal sa hukbo, isang walang hilig sa pagkamilitar.... sa halimbawa, isang manggagawa ng sapatos."
El Filibusterismo,16,ANG MGA KAPIGHATIAN NG ISANG INSIK,135,—Iyan nga—ang sagot ng isang manghahango ng sapatos—ngunit sa dahilang hindi bagay na magpadala ng isang indio ni ng isang makaw at ang tanging magsasapatos na kastila ay humihingi ng malaking sahod....
El Filibusterismo,16,ANG MGA KAPIGHATIAN NG ISANG INSIK,136,—Datapuwa’y ¿ano pa’t pag-aralan ang sapin sa paa?
El Filibusterismo,16,ANG MGA KAPIGHATIAN NG ISANG INSIK,137,—ang tanong ng isang babaing malaki—¡marahil ay hindi iuukol sa mga artillerong kastila!
El Filibusterismo,16,ANG MGA KAPIGHATIAN NG ISANG INSIK,138,Ang mga indio ay maaring walang sapatos gaya nang kung nasa kanilang bayan.
El Filibusterismo,16,ANG MGA KAPIGHATIAN NG ISANG INSIK,139,—Siyang dapat ¡at ang kabang bayan ay lalong makapag-titipid!
El Filibusterismo,16,ANG MGA KAPIGHATIAN NG ISANG INSIK,140,—ang dugtong ng isang señorang balo na hindi nasisiyahan sa kaniyang sinasahod na pension.
El Filibusterismo,16,ANG MGA KAPIGHATIAN NG ISANG INSIK,141,"—Ngunit unawain naman ninyo—ang sagot ng isa sa mga kaharap, na kaibigan ng mga opisial na magsisiyasat—tunay ngang ang maraming indio ay walang sapin kung lumakad sa kanilang bayan, ngunit hindi ang lahat, at hindi magkaisa ang lumakad nang alinsunod sa sariling kaibigan kay sa nasa paglilinkod: hindi napipili ang oras, ni ang daraanan, ni hindi nakapagpapahinga kung kailan ibigin."
El Filibusterismo,16,ANG MGA KAPIGHATIAN NG ISANG INSIK,142,"Tingnan ninyo, ali, na kung katanghalian ay nakaluluto ng tinapay ang init ng lupa."
El Filibusterismo,16,ANG MGA KAPIGHATIAN NG ISANG INSIK,143,"At maglakad pa kayo sa buhanginan, doon sa may mga bato, araw sa itaas at apoy sa ibaba, at punglo sa harap...."
El Filibusterismo,16,ANG MGA KAPIGHATIAN NG ISANG INSIK,144,—¡Sa sanayan din lamang iyan!
El Filibusterismo,16,ANG MGA KAPIGHATIAN NG ISANG INSIK,145,—¡Gaya ng hayop na burro na nasanay sa hindi pagkain!
El Filibusterismo,16,ANG MGA KAPIGHATIAN NG ISANG INSIK,146,"Sa kasalukuyang labanan, ang lalong marami sa nasasawi sa atin ay gawa ng mga sugat sa talampakan...."
El Filibusterismo,16,ANG MGA KAPIGHATIAN NG ISANG INSIK,147,"¡Inuulit ko ang sa burro, ali, ang sa burro!"
El Filibusterismo,16,ANG MGA KAPIGHATIAN NG ISANG INSIK,148,—Ngunit anak ko—ang tutol ng babai—isip-isipin ninyong napakaraming salaping magugugol sa katad.
El Filibusterismo,16,ANG MGA KAPIGHATIAN NG ISANG INSIK,149,Sukat nang maibuhay sa maraming ulila’t balo upang mapagtibay ang karangalan.
El Filibusterismo,16,ANG MGA KAPIGHATIAN NG ISANG INSIK,150,"At huwag kayong ngumiti, hindi ko sinasabi nang dahil sa akin na mayroon naman akong pension, kahi’t kakaunti, lubhang kaunti sa mga ipinaglinkod ng aking asawa, tinutukoy ko ang iba na may napakamaralitang kabuhayan ngayon: hindi nararapat na matapos ang maraming kahihingi upang maparito at matapos na makapaglakbay dagat ay maging katapusan ang mamatay dito ng gutom...."
El Filibusterismo,16,ANG MGA KAPIGHATIAN NG ISANG INSIK,151,"Ang sinasabi ninyong ukol sa mga sundalo ay totoo marahil, ngunit ang katunayan ay kahi’t mahigit na akong tatlong taon dito ay hindi pa ako nakakikita ng pipilaypilay."
El Filibusterismo,16,ANG MGA KAPIGHATIAN NG ISANG INSIK,152,—Sa bagay na iyan ay kasang-ayon ako ng aling kuan—ang sabi ng isang babaing kalapit—¿ano pa’t bibigyan ng sapatos sa wala naman silang sapatos ng sumipot sa maliwanag?
El Filibusterismo,16,ANG MGA KAPIGHATIAN NG ISANG INSIK,153,—¿At ano pa ang kailangan ng baro?
El Filibusterismo,16,ANG MGA KAPIGHATIAN NG ISANG INSIK,154,—¿At ano pa ang kailangan ng salawal?
El Filibusterismo,16,ANG MGA KAPIGHATIAN NG ISANG INSIK,155,—¡Isipisipin ninyo ang mapapala natin sa pagkakaroon ng isang hukbong hubo’t hubad!
El Filibusterismo,16,ANG MGA KAPIGHATIAN NG ISANG INSIK,156,—ang tapos ng nagtatanggol sa mga sundalo.
El Filibusterismo,16,ANG MGA KAPIGHATIAN NG ISANG INSIK,157,Sa isang pulutong ay lalong mainit ang pagtatalo.
El Filibusterismo,16,ANG MGA KAPIGHATIAN NG ISANG INSIK,158,"Si Ben-Zayb ay nagsasalita’t nananalumpati, gaya ng dati’y hinahadlangan siya sa bawa’t sandali ni P. Camorra."
El Filibusterismo,16,ANG MGA KAPIGHATIAN NG ISANG INSIK,159,"Ang manunulat na prayle, kahi’t niya iginagalang na lubha ang mga taong may satsat, ay palaging nakikipagtalo kay P. Camorra na inaari niyang isang praylepraylihang mangmang; sa gayo’y ginagamit ng anyong malaya at dinudurog ang mga sabisabihan ng mga tumatawag sa kaniyang Fray Ibañez."
El Filibusterismo,16,ANG MGA KAPIGHATIAN NG ISANG INSIK,160,Kinalulugdan ni P. Camorra ang kaniyang katunggali; iyon lamang ang tanging nagpapalagay na may katuturan ang kaniyang mga tinatawag na pangangatwiran niya.
El Filibusterismo,16,ANG MGA KAPIGHATIAN NG ISANG INSIK,161,"Ang pinag-uusapan ay ang ukol sa magnetismo, espiritismo, magia at ibp."
El Filibusterismo,16,ANG MGA KAPIGHATIAN NG ISANG INSIK,162,", at ang mga salita’y sumasahimpapawid na gaya ng mga sundang at bola ng mga salamangkero: sila ang naghahagis at sila rin ang sumasalo."
El Filibusterismo,16,ANG MGA KAPIGHATIAN NG ISANG INSIK,163,"Nang taong iyon ay pinagkakaguluhan sa peria sa Kiyapo ang isang ulo na di bagay sa tawag na esfinge, na itinatanghal ni Mr."
El Filibusterismo,16,ANG MGA KAPIGHATIAN NG ISANG INSIK,164,"Leeds, isang amerikano."
El Filibusterismo,16,ANG MGA KAPIGHATIAN NG ISANG INSIK,165,Malalaking pabalita na makababalaghan at nakapangingilabot na nakaaakit sa panonood ang nangakadikit sa pader ng mga bahay.
El Filibusterismo,16,ANG MGA KAPIGHATIAN NG ISANG INSIK,166,"Ni si Ben-Zayb, ni si P. Camorra, ni si P. Irene, ni si P. Salvi ay hindi pa nakakikita sa ulong yaon; si Juanito Pelaez ang tanging nakakita isang gabi, at siyang nagbabalita ng kaniyang pagkahanga sa mga magkakalipon."
El Filibusterismo,16,ANG MGA KAPIGHATIAN NG ISANG INSIK,167,"Si Ben-Zayb, dahil sa kaniyang pagkamamamahayag, ay nagpupumilit na makatuklas ng kalinawan; binabanggit ni P. Camorra ang diablo; si P. Irene ay ngumingiti; si P. Salvi ay walang kaimik-imik."
El Filibusterismo,16,ANG MGA KAPIGHATIAN NG ISANG INSIK,168,"—Ngunit, Padre, sa hindi na pumaparito ang diablo; tayo sa ating sarili ay sukat na upang magkasala...."
El Filibusterismo,16,ANG MGA KAPIGHATIAN NG ISANG INSIK,169,—Kung hindi gayon ay hindi makukuro....
El Filibusterismo,16,ANG MGA KAPIGHATIAN NG ISANG INSIK,170,—Kung ang karunungan....
El Filibusterismo,16,ANG MGA KAPIGHATIAN NG ISANG INSIK,171,—¡Ulit na naman ang karunungan!
El Filibusterismo,16,ANG MGA KAPIGHATIAN NG ISANG INSIK,172,¡puñales!
El Filibusterismo,16,ANG MGA KAPIGHATIAN NG ISANG INSIK,173,"—Ngunit makingig kayo, aking ihahayag."
El Filibusterismo,16,ANG MGA KAPIGHATIAN NG ISANG INSIK,174,Ang lahat ay alinsunod lamang sa paningin.
El Filibusterismo,16,ANG MGA KAPIGHATIAN NG ISANG INSIK,175,"Hindi ko pa nakikita ang ulo, ni hindi ko batid kung papano itinatanghal."
El Filibusterismo,16,ANG MGA KAPIGHATIAN NG ISANG INSIK,176,Anang ginoo—itinuro si Juanito Pelaez—ay hindi kagaya ng mga ulong nagsasalita na karaniwang itinatanghal—¡kahi’t na!
El Filibusterismo,16,ANG MGA KAPIGHATIAN NG ISANG INSIK,177,"Ngunit ang sanhi ay yaon din; lahat ay dahil lamang sa paningin; hintay kayo, ilalagay na paganito ang isang salamin, ang isa pa’y sa likuran, ang malalarawan ay matatanaw... ano, isa lamang suliranin ng Pisika."
El Filibusterismo,16,ANG MGA KAPIGHATIAN NG ISANG INSIK,178,"At ibinaba sa kinalalagyan ang isang salamin, iniayos, ikiniling at sa dahilang hindi niya mapalabas ang kalinawan ay tinatapos sa wikang:"
El Filibusterismo,16,ANG MGA KAPIGHATIAN NG ISANG INSIK,179,"—Gaya ng sabi ko, walang pinagibhan sa isang pagsira lamang ng paningin."
El Filibusterismo,16,ANG MGA KAPIGHATIAN NG ISANG INSIK,180,"—Ngunit anong salamin ang ibig pa ninyo, sa sinabi sa atin ni Juanito na ang ulo ay nasa loob ng isang kaha, na ipinapatong sa isang mesa...."
El Filibusterismo,16,ANG MGA KAPIGHATIAN NG ISANG INSIK,181,"Nakikinikinita ko sa bagay na iyan ang espiritismo, sapagka’t kailan man ay gumagamit ng mesa ang mga espiritista, at sa akala ko’y sapagka’t gobernador eclesiastico si P. Salvi ay dapat niyang ipagbawal ang pagtatanghal."
El Filibusterismo,16,ANG MGA KAPIGHATIAN NG ISANG INSIK,182,Si P. Salvi ay walang kasalisalita; hindi sumasagot ng oo ni hindi.
El Filibusterismo,16,ANG MGA KAPIGHATIAN NG ISANG INSIK,183,—Upang maalaman kung may diablo o espiritu sa loob—ang sabi ni Simoun—ang mabuti’y paroonan ninyo’t tingnan ang bantog na ulong iyan.
El Filibusterismo,16,ANG MGA KAPIGHATIAN NG ISANG INSIK,184,"Ang palagay ay minabuti at tinanggap, ngunit si P. Salvi at si D. Custodio ay nagpakita ng kaunting nganingani."
El Filibusterismo,16,ANG MGA KAPIGHATIAN NG ISANG INSIK,185,"¡Sila ay maparoon sa isang peria, makipagsiksikan sa mga tao at manood ng mga esfinge at mga ulong nangungusap!"
El Filibusterismo,16,ANG MGA KAPIGHATIAN NG ISANG INSIK,186,¿Ano na lamang ang wiwikain ng mga indio?
El Filibusterismo,16,ANG MGA KAPIGHATIAN NG ISANG INSIK,187,Ariin silang tao na may hilig at kahinaan ding taglay ng iba.
El Filibusterismo,16,ANG MGA KAPIGHATIAN NG ISANG INSIK,188,"Sa gayon, si Ben-Zayb, akay ng kaniyang pagkamamamahayag ay nangakong ipamamanhik kay Mr."
El Filibusterismo,16,ANG MGA KAPIGHATIAN NG ISANG INSIK,189,"Leeds na huwag magpapasok ng manonood samantalang sila’y nasa sa loob: napakalaking karangalan ang ibibigay nila sa kanilang pagdalaw upang huwag sumangayon, at saka hindi pa sila hihingan ng upa sa pagpasok."
El Filibusterismo,16,ANG MGA KAPIGHATIAN NG ISANG INSIK,190,"At upang mapangatwiranan ni Ben-Zayb ang sinabi, anya ay:"
El Filibusterismo,16,ANG MGA KAPIGHATIAN NG ISANG INSIK,191,—¡Sapagka’t akalain na lamang ninyo!
El Filibusterismo,16,ANG MGA KAPIGHATIAN NG ISANG INSIK,192,¡Kung mahuli ko ang daya sa harap ng mga nanonood na indio!
El Filibusterismo,16,ANG MGA KAPIGHATIAN NG ISANG INSIK,193,¡Aalisan ko ng kakanin ang kaawaawang amerikano!
El Filibusterismo,16,ANG MGA KAPIGHATIAN NG ISANG INSIK,194,Si Ben-Zayb ay isang taong malingap.
El Filibusterismo,16,ANG MGA KAPIGHATIAN NG ISANG INSIK,195,"May labing dalawa ang pumanaog, na kabilang ang ating mga kilalang si D. Custodio, si P. Salvi, si P. Camorra, si P. Irene, si Ben-Zayb at si Juanito Pelaez."
El Filibusterismo,16,ANG MGA KAPIGHATIAN NG ISANG INSIK,196,Inihatid sila ng kanilang mga sasakyan sa pagpasok sa liwasan ng Kiyapo.
El Filibusterismo,17,ANG PERIYA SA KIYAPO,1,Ang gabi’y maganda at ang anyo ng liwasan ay lubhang masaya.
El Filibusterismo,17,ANG PERIYA SA KIYAPO,2,"Sa pagsasamantala sa masarap na simoy at maningning na buwan kung Enero ay punong-puno ang periya ng taong ibig makakita, makita at makapaglibang."
El Filibusterismo,17,ANG PERIYA SA KIYAPO,3,Ang mga musika ng mga kosmorama at ang ilaw ng mga parol ay siyang nagbibigay galak at kasayahan sa madla.
El Filibusterismo,17,ANG PERIYA SA KIYAPO,4,"Mahahabang hanay ng mga tindahan, nagniningningang aliyamas at mga pangkulay, lantad sa tingin ay may mga kumpol-kumpol na pelota, mga maskarang nangakatuhog sa mata, mga laruang lata, mga tren, karrong maliliit, kabayong maliliit na napagagalaw, mga sasakyan, mga bapor na may kanikanilang maliliit na kaldera, mga pinganpinganang maliliit, mga beleng mumunti na kahoy na pino, mga manikang gawa sa ibang lupain at gawa dito, ang mga una ay masasaya at bulhaw at ang mga huli ay mga walang katawatawa at mapagnilay na waring mga maliliit na babaing may gulang, sa piling ng mga batang napakalalaki."
El Filibusterismo,17,ANG PERIYA SA KIYAPO,5,"Ang tugtog ng mga tambol na maliliit, ang kaingayan ng mga trompetrompetahang lata, ang tugtuging ngongo ng mga kurdiyon at mga organillo ay nagkakahalong wari’y tugtugan sa karnabal, at sa gitna ng lahat ng iyon ay paroo’t parito ang makapal na tao na nangagtutulakan, nagkakabungguang ang mukha’y nangakalingon sa mga tindahan kaya’t madalas ang untugan at kung minsan ay katawatawa."
El Filibusterismo,17,ANG PERIYA SA KIYAPO,6,"Napipilitang pigilan ang takbo ng mga kabayo ng mga sasakyan, ang tabi!"
El Filibusterismo,17,ANG PERIYA SA KIYAPO,7,tabi!
El Filibusterismo,17,ANG PERIYA SA KIYAPO,8,"ng mga kotsero ay nadidingig na sunodsunod; nangagkakasalusalubong ang mga kawani, mga militar, mga nag-aaral, mga insik, mga dalaginding na kasama ng kanilang mga ina at ali, nangagbabatian, nangagkikindatan, masasayang nagtutudyuhan."
El Filibusterismo,17,ANG PERIYA SA KIYAPO,9,"Si P. Camorra ay nasa karurukan ng kaniyang kaligayahan sa pagkakita ng gayong karaming magagandang dalaga; napapatigil siya, napapalingon, itutulak si Ben-Zayb, mapapapaatak, sumusumpa’t aniya’y: at iyan, iyan, manghihitit ng tinta?"
El Filibusterismo,17,ANG PERIYA SA KIYAPO,10,at doon sa isa ¿ano ang masabi mo?
El Filibusterismo,17,ANG PERIYA SA KIYAPO,11,Sa kaniyang kagalakan ay hindi na pinupupo ang kaniyang kalaban at katunggali.
El Filibusterismo,17,ANG PERIYA SA KIYAPO,12,"Tinitingnan siyang maminsan minsan ni P. Salvi, ngunit hindi niya pinapansin si P. Salvi, kundi bagkus pa ngang binubunggo ang mga dalaga upang masagi sila, na kinikindatan at tinititigan ng titig na may palaman."
El Filibusterismo,17,ANG PERIYA SA KIYAPO,13,—¡Puñales!
El Filibusterismo,17,ANG PERIYA SA KIYAPO,14,¿Kailan kaya ako magiging kura sa Kiyapo?
El Filibusterismo,17,ANG PERIYA SA KIYAPO,15,—ang tanong sa sarili.
El Filibusterismo,17,ANG PERIYA SA KIYAPO,16,"Si Ben-Zayb ay biglang nakabitaw ng isang tungayaw, napalundag at pinigilan ang kaniyang bisig; sa gitna ng kagalakan ni P. Camorra ay kinurot siya."
El Filibusterismo,17,ANG PERIYA SA KIYAPO,17,Dumarating ang isang nakasisilaw na binibining pinagtitingnanan ng lahat ng taong nasa liwasan; dahil sa hindi magkasiya sa kagalakan si P. Camorra ay pinagkamalang bisig ng dalaga ang bisig ni Ben-Zayb.
El Filibusterismo,17,ANG PERIYA SA KIYAPO,18,"Ang binibini’y si Paulita Gomez, ang makisig sa madlang makisig na sinusundan ni Isagani; sa likuran ay sumusunod si aling Victorina."
El Filibusterismo,17,ANG PERIYA SA KIYAPO,19,"Ang dalaga’y nagniningning sa kagandahan; ang lahat ay napapatigil, ang mga liig ay bumabaluktot, napapahinto ang mga usap-usapan, sinusundan ng mga paningin at si aling Victorina ay tumatanggap ng mga magalang na bati."
El Filibusterismo,17,ANG PERIYA SA KIYAPO,20,"Ang suot ni Paulita Gomez ay baro’t panyong pinya na binurdahan, iba kay sa isinuot ng umagang iyon sa pagparoon sa Sto."
El Filibusterismo,17,ANG PERIYA SA KIYAPO,21,Domingo.
El Filibusterismo,17,ANG PERIYA SA KIYAPO,22,"Ang nanganganinag na habi ng pinya ay nagbibigay ng lalong ganda sa kaniyang ulo, at ang mga pilipinong nakakamalas ay iginagaya siya sa buwang nalilibid ng maputi’t manipis na ulap."
El Filibusterismo,17,ANG PERIYA SA KIYAPO,23,"Isang sayang sutla na kulay rosa, na nagkakutonkutong mainam ang ayos sa pagkakapigil ng kaniyang munting kamay, ay nagbibigay dilag sa kaniyang tuwid na ulo, na ang mga kilos na inaayusan ng malambot na liig ay nagpapahayag ng pananagumpay na lubos ng kataasan at kalindian."
El Filibusterismo,17,ANG PERIYA SA KIYAPO,24,"Si Isagani’y waring hindi nasisiyahang loob; nayayamot siya sa gayong karaming mata, karaming mga talogigi na tumatanaw sa kagandahan ng kaniyang iniibig: ang mga tingin ay inaakala niyang nakaw, at ang mga ngiti ng dalaga’y inaari niyang pagtataksil."
El Filibusterismo,17,ANG PERIYA SA KIYAPO,25,"Nang makita ni Juanito ang binibini ay pinaglalo ang kakubaan at nagpugay: sinagot siya ng pasumala ni Paulita, at tinawag siya ni aling Victorina."
El Filibusterismo,17,ANG PERIYA SA KIYAPO,26,Si Juanito ang kaniyang kinikilingan at sa ganang kaniya ay ibig pa ito kay sa kay Isagani.
El Filibusterismo,17,ANG PERIYA SA KIYAPO,27,—¡Anong gandang dalaga!
El Filibusterismo,17,ANG PERIYA SA KIYAPO,28,¡Anong ganda!
El Filibusterismo,17,ANG PERIYA SA KIYAPO,29,—ang bulong ni P. Camorra na sumilakbo ang kalooban.
El Filibusterismo,17,ANG PERIYA SA KIYAPO,30,—¡Padre ang tiyan mo po ang kurutin at bayaan ninyo kami!
El Filibusterismo,17,ANG PERIYA SA KIYAPO,31,—ang payamot na sabi ni Ben-Zayb.
El Filibusterismo,17,ANG PERIYA SA KIYAPO,32,—¡Anong gandang dalaga!
El Filibusterismo,17,ANG PERIYA SA KIYAPO,33,"anong gandang dalaga—ang ulit—at ang lumiligaw ay ang nag-aaral na kilala ko, ang nanulak."
El Filibusterismo,17,ANG PERIYA SA KIYAPO,34,—¡Mapalad siya at hindi taga roon sa bayan ko!
El Filibusterismo,17,ANG PERIYA SA KIYAPO,35,—ang patuloy pagkatapos na inilingong makailan ang ulo upang sundan ng tingin ang binibini.
El Filibusterismo,17,ANG PERIYA SA KIYAPO,36,Ibig ibig nang iwan ang kaniyang mga kasama at sundan ang dalaga.
El Filibusterismo,17,ANG PERIYA SA KIYAPO,37,Nahirapan si Ben-Zayb bago siya napahinuhod.
El Filibusterismo,17,ANG PERIYA SA KIYAPO,38,"Si Paulita ay patuloy sa paglakad at nakita ang kaniyang magandang anyo at ang kaniyang munting ulo, na mainam ang pagkakapusod, na malinding gumagalaw."
El Filibusterismo,17,ANG PERIYA SA KIYAPO,39,"Ang ating mga nagliliwaliw ay patuloy sa kanilang paglakad na ang paring artillero ay nagbubuntong hininga, at nakasapit sila sa isang tindahang nalilibid ng mga nanonood na madaling sila’y linuwagan."
El Filibusterismo,17,ANG PERIYA SA KIYAPO,40,"Yaon ay isang tindahan ng mga mumunting larawang kahoy, na gawa dito, na nagpapakilala sa sarisaring laki at anyo ng mga ayos, lahi at mga paghahanap buhay sa kapuluan, mga indio, kastila, insik, mestiso, prayle, klerigo, kawani, kapitan sa bayan, nag-aaral, sundalo at ibp."
El Filibusterismo,17,ANG PERIYA SA KIYAPO,41,"Dahil mandin sa ang mga artista ay may hilig sa mga pari, na ang mga kuton ng mga habito ay siyang naaayos sa kanilang mga kagawian sa pagyari, o dahil sa ang mga prayle, sa pakikihimasok nitong lubha sa mga lipunang pilipino’y nakapagpapaulap sa pag-iisip ng eskultor, maging alin man sa dalawang kadahilanan, ang katunayan, ay marami ang kanilang kawangki, na mabuti ang pagkakayari, anyong anyo, at itinatanghal sila sa mga dakilang sandali ng kabuhayan, baligtad kay sa ginagawa sa kanila sa Europa, na doo’y inilalarawan silang nakakatulog sa ibabaw ng mga barriles ng alak, nangagsusugal, tumutungga, nangaapungot o hinahaplos ang sariwang mukha ng isang dalaga."
El Filibusterismo,17,ANG PERIYA SA KIYAPO,42,"Hindi: ang mga prayle sa Pilipinas ay kaiba: mga makikiyas, malilinis, mabubuti ang bihis, ang anit sa tuktok ay mainam ang pagkakaputol, ang mga mukha’y ayos at maliwanag, ang mata’y mapagmasid, anyong banal, may kaunting pula sa pisngi, may tungkod na palasan sa kamay at sapatos na tsarol sa paa, na nakaaakit na sambahin sila at ilagay sa birina."
El Filibusterismo,17,ANG PERIYA SA KIYAPO,43,"Kapalit ng mga sagisag ng katakawan at kahalayang taglay ng kanilang mga kapatid na nasa Europa, ang dala ng mga nasa Maynila ay ang aklat, ang crucifijo, ang sangang sagisag ng paghihirap; kapalit ng panghahalik sa mga mangmang na babaing taga bukid, ang mga nasa Maynila ay nagpapahalik ng kamay sa mga bata, sa mga taong may kagulangan na nangakayuko’t halos nakaluhod; kapalit ng paminggalang puno ng kakanin at mga kakanan na siyang tanghalan nila sa Europa, sa Maynila ay mga dalanginan, mesang aralan; kapalit ng prayleng maralita na lumalapit sa mga bahaybahay na dala ang kaniyang burro at ang supot upang manghingi ng limos, ang prayle sa Pilipinas ay nagsasabog ng dakotdakot na ginto sa mga kaawaawang indio......"
El Filibusterismo,17,ANG PERIYA SA KIYAPO,44,"—¡Tingnan ninyo, narito si P. Camorra!"
El Filibusterismo,17,ANG PERIYA SA KIYAPO,45,—ang sabi ni Ben-Zayb na dala pa ang singaw ng champagne.
El Filibusterismo,17,ANG PERIYA SA KIYAPO,46,"At itinuturo ang larawan ng isang payat na prayle, na wari’y nag-iisip, nakaupo sa piling ng isang dulang, ang ulo’y nakapatong sa palad at sumusulat mandin ng isang sermon."
El Filibusterismo,17,ANG PERIYA SA KIYAPO,47,May isang lamparang nakapagpapaliwanag sa kaniya.
El Filibusterismo,17,ANG PERIYA SA KIYAPO,48,Ang pagkakaibayo ng anyo’y ikinahalakhak ng lahat.
El Filibusterismo,17,ANG PERIYA SA KIYAPO,49,"Naramdaman ang tukoy ni P. Camorra, na nalimutan na si Paulita, at siya namang tumanong:"
El Filibusterismo,17,ANG PERIYA SA KIYAPO,50,"—At ¿sino naman ang kamukha ng larawang ito, Ben-Zayb?"
El Filibusterismo,17,ANG PERIYA SA KIYAPO,51,At tumawa ng kaniyang tawang paleto.
El Filibusterismo,17,ANG PERIYA SA KIYAPO,52,"Ang larawan ay isang matandang babaing bulag ang isang mata, gusgusin, na nakalupasay sa sahig, gaya ng mga anito ng mga indio, na namimirinsa ng damit."
El Filibusterismo,17,ANG PERIYA SA KIYAPO,53,"Ang kasangkapan ay nagayahang mabuti; tanso, ang dingas ay palara at ang alimpuyo ng usok ay marurumi’t pinilipit na bulak."
El Filibusterismo,17,ANG PERIYA SA KIYAPO,54,"—¿Hoy, Ben-Zaib, hindi hangal ang nakamunakala, ano?"
El Filibusterismo,17,ANG PERIYA SA KIYAPO,55,—ang tanong na tumatawa ni P. Camorra.
El Filibusterismo,17,ANG PERIYA SA KIYAPO,56,—Hindi ko malaman ang ibig tukuyin!
El Filibusterismo,17,ANG PERIYA SA KIYAPO,57,—ang sabi ng manunulat.
El Filibusterismo,17,ANG PERIYA SA KIYAPO,58,—Ngunit ¡puñales!
El Filibusterismo,17,ANG PERIYA SA KIYAPO,59,"hindi ba ninyo nakikita ang pangalan, la prensa filipina?"
El Filibusterismo,17,ANG PERIYA SA KIYAPO,60,Ang kasangkapang iyan na ipinamimirinsa ng matandang babai ay tinatawag ditong prinsa!
El Filibusterismo,17,ANG PERIYA SA KIYAPO,61,Lahat ay nagtawanan at si Ben-Zayb man ay humalakhak din.
El Filibusterismo,17,ANG PERIYA SA KIYAPO,62,"Dalawang sundalong guardia sibil na may tandang mga sibil, ay nalalagay sa likuran ng isang taong nakabaliti ng matitibay na tanikala at ang mukha’y natatakpan ng sambalilo: ang pangalan ay Ang Lupain ng Abaka at waring babarilin."
El Filibusterismo,17,ANG PERIYA SA KIYAPO,63,Hindi naibigan ng marami sa ating mga dalaw ang tanghalan.
El Filibusterismo,17,ANG PERIYA SA KIYAPO,64,"Pinag-uusapan ang tuntunin ng Arte, humahanap ng pagkakatimbangtimbang ng laki, ang sabi ng isa’y walang pitong ulo ang larawang gayon, na ang mukha’y kulang ng isang ilong, wala kundi tatatlo, bagay na ikinapag-isip ng kaunti ni P. Camorra na di makahulong kung bakit, upang maging ayos ang isang larawan ay, dapat magkaroon ng apat na ilong at pitong ulo; anang isa’y kung bakit malitid, sa, ang mga indio ay hindi gayon; na kung yaon ay matatawag na escultura o carpinteria lamang, at ibp."
El Filibusterismo,17,ANG PERIYA SA KIYAPO,65,; bala na’y nagpahayag nang kaniyang panunuligsa at upang huwag namang mapahuli sa iba si P. Camorra ay nangahas humanap ng tatlong pung hita sa bawa’t manika.
El Filibusterismo,17,ANG PERIYA SA KIYAPO,66,Kung makahihingi ng ilong ang iba ay ¿bakit nga naman hindi siya makahihingi ng hita?
El Filibusterismo,17,ANG PERIYA SA KIYAPO,67,"At doon din nangagtatatalo kung ang indio’y may katalinuhan sa pag-eeskultor, kung nararapat palusugin ang gayong arte, at sisimulan na ang pagtatalong sabay-sabay na pinutol ni D. Custodio sa pagsasabing ang mga indio ay may katalinuhan, ngunit ang paggawa lamang ng santo ang dapat harapin."
El Filibusterismo,17,ANG PERIYA SA KIYAPO,68,"—Kahi’t sino ay magsasabi—ani Ben-Zayb na ng gabing yaon ay naging mapanudyo—na ang insik na iyan ay si Quiroga, ngunit kung pagwawariing mabuti ay kamukha ni P. Irene."
El Filibusterismo,17,ANG PERIYA SA KIYAPO,69,—¿At ano ang masasabi ninyo sa indio-ingles na iyan?
El Filibusterismo,17,ANG PERIYA SA KIYAPO,70,Nahahawig kay Simoun.
El Filibusterismo,17,ANG PERIYA SA KIYAPO,71,Umalingawngaw ang pamuling halakhakan.
El Filibusterismo,17,ANG PERIYA SA KIYAPO,72,Hinaplos ni P. Irene ang kaniyang ilong.
El Filibusterismo,17,ANG PERIYA SA KIYAPO,73,—¡Tunay nga!
El Filibusterismo,17,ANG PERIYA SA KIYAPO,74,—¡Tunay nga!
El Filibusterismo,17,ANG PERIYA SA KIYAPO,75,—¡Siyang siya!
El Filibusterismo,17,ANG PERIYA SA KIYAPO,76,—Datapwa’y ¿nasaan si Simoun?
El Filibusterismo,17,ANG PERIYA SA KIYAPO,77,¡Bilhin ni Simoun!
El Filibusterismo,17,ANG PERIYA SA KIYAPO,78,"Si Simoun ay nawala, walang nakakita sa kaniya."
El Filibusterismo,17,ANG PERIYA SA KIYAPO,79,—¡Puñales!
El Filibusterismo,17,ANG PERIYA SA KIYAPO,80,—ang sabi ni P. Camorra—¡napakakuripot ang amerikano!
El Filibusterismo,17,ANG PERIYA SA KIYAPO,81,Natatakot na pabayaran natin sa kaniya ang kaupahan ng lahat sa pagpasok sa patanghalan ni Mr.
El Filibusterismo,17,ANG PERIYA SA KIYAPO,82,Leeds.
El Filibusterismo,17,ANG PERIYA SA KIYAPO,83,—¡Hindi!
El Filibusterismo,17,ANG PERIYA SA KIYAPO,84,—ang sagot ni Ben-Zayb—ang ipinangangamba ay ang magipit siya.
El Filibusterismo,17,ANG PERIYA SA KIYAPO,85,Nahuhulaan na ang masamang birong aabot sa kaniyang kababayang si Mr.
El Filibusterismo,17,ANG PERIYA SA KIYAPO,86,"Leeds, kaya’t nagmamaangmaangan."
El Filibusterismo,17,ANG PERIYA SA KIYAPO,87,"At nangagpatuloy ng lakad, upang panoorin ang nababantog na ulo, na walang biniling anomang kahi’t masamang laruan."
El Filibusterismo,17,ANG PERIYA SA KIYAPO,88,Humandog si Ben-Zayb na siyang makikipag-usap: hindi maaaring hiyain ng amerikano ang isang mamamahayag na mangyayaring maghiganti sa pamagitan ng isang mapanirang lathala.
El Filibusterismo,17,ANG PERIYA SA KIYAPO,89,—Makikita ninyo’t pawang kagagawan lamang ng salamin—aniya—sapagka’t tingnan ninyo......
El Filibusterismo,17,ANG PERIYA SA KIYAPO,90,"At muling nagsimula ng isang mahabang pagpapaliwanag, at sa dahilang wala siyang kaharap na salamin na makasisira sa kaniyang sinasabi, ay idinugtong nang lahat ang kabulastugang matuturan hanggang sa kahulihulihan ay hindi na matumpakan ang sinasabi."
El Filibusterismo,17,ANG PERIYA SA KIYAPO,91,—At makikita rin ninyo kung hindi pawang pagkasira lamang ng paningin.
El Filibusterismo,18,MGA KADAYAAN,1,Sinalubong sila ng lubhang malingap ni Mr.
El Filibusterismo,18,MGA KADAYAAN,2,"Leeds, isang tunay na yankee, na ang suot ay pulos na itim."
El Filibusterismo,18,MGA KADAYAAN,3,"Mabuting magsalita ng wikang kastila dahil sa nagtirang malaon sa Amerika, sa Timog."
El Filibusterismo,18,MGA KADAYAAN,4,Hindi sumalansang sa nasa ng ating mga dalaw; sinabing maaaring siyasating lahat lahat bago gawin at matapos ang pagtatanghal; sa kasalukuyan ng pagtatanyag ay ipinamanhik na manahimik lamang.
El Filibusterismo,18,MGA KADAYAAN,5,Si Ben-Zayb ay ngumingiti at nilalasaplasap na ang sama ng loob na ibibigay niya sa amerikano.
El Filibusterismo,18,MGA KADAYAAN,6,Ang loob na nababalot na buong buo ng itim ay naiilawan ng mga matatandang lampara na ang ilaw ay aguardiente.
El Filibusterismo,18,MGA KADAYAAN,7,"Isang halang na natatakpan ng tersiopelong itim ang siyang humahati ng dalawang hating magkasinglaki sa loob na iyon; ang isa’y puno ng mga luklukang laan sa mga manonood, at ang isa, ay kinalalagyan ng isang tuntungan na ang alpombra ay pariparisukat."
El Filibusterismo,18,MGA KADAYAAN,8,"Sa ibabaw ng tuntungang ito, sa dakong gitna, ay nalalagay ang isang mesa na natatakpan ng isang mainam na kayong itim na puno ng bungo at iba pang larawang mahiwaga."
El Filibusterismo,18,MGA KADAYAAN,9,Ang mise en scene ay malungkot kaya’t nakapangilabot sa mga masasayang dalaw.
El Filibusterismo,18,MGA KADAYAAN,10,"Nahinto ang mga biruan, marahan ang mga pag uusap at kahi’t na ibig magpatanaw ang ilan ng di nila pagpapahalaga sa gayon ay hindi pumulas ang tawa sa mga labi."
El Filibusterismo,18,MGA KADAYAAN,11,Ang damdam ng lahat ay waring napasok sa isang bahay na may patay.
El Filibusterismo,18,MGA KADAYAAN,12,Isang amoy suob at pagkit ay siya pang nakapagpaparagdag sa gayon.
El Filibusterismo,18,MGA KADAYAAN,13,Si D. Custodio at si P. Salvi ay marahang nagsangguniang kung nararapat o hindi na ipagbawal ang mga gayong panoorin.
El Filibusterismo,18,MGA KADAYAAN,14,Upang mapalakas ni Ben-Zayb ang loob ng mga matatakutin at magipit niya si Mr.
El Filibusterismo,18,MGA KADAYAAN,15,Leeds ay sinabi ritong:
El Filibusterismo,18,MGA KADAYAAN,16,"—Hoy, mister, yamang walang ibang tao kundi kami lamang at hindi kami mga indio na napapahuli ay ¿ipahihintulot baga ninyong ipakita ko sa kanila ang daya?"
El Filibusterismo,18,MGA KADAYAAN,17,"Alam na naming ang lahat ng iyan ay ukol lamang sa paningin, ngunit sa dahilang si P. Camorra ay ayaw maniwala......"
El Filibusterismo,18,MGA KADAYAAN,18,"At humandang lumundag sa halang na hindi nagdaan sa sadyang pintuan, samantalang si P. Camorra ay naglulunggati sa pagtutol dahil sa nangangambang baka may katwiran si Ben-Zayb."
El Filibusterismo,18,MGA KADAYAAN,19,"—¿At bakit po hindi, ginoo?"
El Filibusterismo,18,MGA KADAYAAN,20,"—ang sagot ng amerikano;—ngunit huwag po lamang kayong sumira ng anoman, hane po?"
El Filibusterismo,18,MGA KADAYAAN,21,Ang mamamahayag ay nasa ibabaw na ng tuntungan.
El Filibusterismo,18,MGA KADAYAAN,22,—¿Ipinahihintulot po ba ninyo?
El Filibusterismo,18,MGA KADAYAAN,23,—ang sabi.
El Filibusterismo,18,MGA KADAYAAN,24,At sa pangingilag na baka hindi siya payagan ni Mr.
El Filibusterismo,18,MGA KADAYAAN,25,Leeds ay hindi na naghintay ng pahintulot at itinaas ang kayo at hinanap ang mga salaming inaantay niyang matatagpuan sa mga paa.
El Filibusterismo,18,MGA KADAYAAN,26,"Si Ben-Zayb ay nakabitiw ng kalahating tungayaw, napaurong, muling ipinasok at iniwagayway ang mga kamay niya sa ilalim ng dulang: walang maapuhap."
El Filibusterismo,18,MGA KADAYAAN,27,Ang mesa ay may tatlong paang bakal na maliliit na nakabaon sa lupa.
El Filibusterismo,18,MGA KADAYAAN,28,Ang mamamahayag ay tumingintingin sa lahat ng sulok na waring may hinahanap.
El Filibusterismo,18,MGA KADAYAAN,29,—¿Nasaan ang mga salamin?
El Filibusterismo,18,MGA KADAYAAN,30,—ang tanong ni P. Camorra.
El Filibusterismo,18,MGA KADAYAAN,31,"Mamatamata si Ben-Zayb, hinihipo ang dulang, itinataas ang kayong takip, at maminsanminsang inilalagay ang kamay sa noo na waring may ibig maalaala."
El Filibusterismo,18,MGA KADAYAAN,32,—¿Mayroon po bang nawala sa inyo?
El Filibusterismo,18,MGA KADAYAAN,33,—ang tanong ni Mr.
El Filibusterismo,18,MGA KADAYAAN,34,Leeds.
El Filibusterismo,18,MGA KADAYAAN,35,"—Ang mga salamin, mister, ¿nasaan ang mga salamin?"
El Filibusterismo,18,MGA KADAYAAN,36,"—Ang inyo’y hindi ko maalaman kung saan naroon, ang akin ay nasa fonda......"
El Filibusterismo,18,MGA KADAYAAN,37,¿ibig baga ninyong manalamin?
El Filibusterismo,18,MGA KADAYAAN,38,Masama ng kaunti ang ayos ninyo at namumutla.
El Filibusterismo,18,MGA KADAYAAN,39,"Kahi’t na may kaba, nang makita ng marami ang kapalagayang paaglahi ng amerikano’y pinagtawanan si Ben-Zayb na hiyanghiyang bumalik sa kaniyang uupan, na bumubulong ng:"
El Filibusterismo,18,MGA KADAYAAN,40,—Hindi mangyayari; makikita ninyo’t hindi magagawa ng walang salamin; mayamaya’y magpapalit iyan ng dulang....
El Filibusterismo,18,MGA KADAYAAN,41,Inilagay na muli ni Mr.
El Filibusterismo,18,MGA KADAYAAN,42,Leeds ang kayo sa mesa at nang maharap na ang mga mararangal na dalaw ay tumanong:
El Filibusterismo,18,MGA KADAYAAN,43,—¿Nasisiyahan na baga kayo?
El Filibusterismo,18,MGA KADAYAAN,44,¿mapasisimulan na natin?
El Filibusterismo,18,MGA KADAYAAN,45,—¡Napakatulog na dugo namang tao!
El Filibusterismo,18,MGA KADAYAAN,46,—ang sabi ng isang babaing balo.
El Filibusterismo,18,MGA KADAYAAN,47,—Kung gayon ay mangagsiupo na po ang kaginoohan at pag-isipin kung ano ang ibig itanong.
El Filibusterismo,18,MGA KADAYAAN,48,Pumasok si Mr.
El Filibusterismo,18,MGA KADAYAAN,49,"Leeds sa isang pinto at nang makaraan ang ilang sandali ay bumalik na may dalang isang kahang kahoy na maitim, bukbukin, na may ilang lilok na ibon, mga hayop, mga bulaklak, mga ulo ng tao at ibp."
El Filibusterismo,18,MGA KADAYAAN,50,"—Mga kaginoohan,—ang sabi ni Mr."
El Filibusterismo,18,MGA KADAYAAN,51,"Leeds na walang tawa—sa minsang pagdalaw ko sa piramide ni Khufu, ika apat na lipi ng mga Faraon, ay nakatagpo ako ng isang libingang batong buhay na pula sa isang liblib na silid."
El Filibusterismo,18,MGA KADAYAAN,52,Ang kagalakan ko’y gayon na lamang sapagka’t inakala kong nakatagpo ng isang momia ng mga anak hari; ngunit gaano ang aking sama ng loob ng matapos paghirapan ng katakot-takot ang pagbubukas ng libing ay wala akong natagpuan kundi ang kahang ito na mangyayari ninyong siyasatin.
El Filibusterismo,18,MGA KADAYAAN,53,At inilibot ang kaha sa mga nasa unang hanay ng luklukan.
El Filibusterismo,18,MGA KADAYAAN,54,"Iniurong ni P. Camorra ang kaniyang katawan na wari’y may pagkasuklam, si P. Salvi ay tuminging malapit na wari’y nakaaakit sa kaniya ang mga bagay na ukol sa libingan; si P. Irene ay ngumingiti ng ngiting matalino, si D. Custodio ay nag-anyong walang imik at mapagwalang bahala, at si Ben-Zayb ay humahanap ng salamin; doon dapat malagay, sapagka’t salamin lamang ang sangkap ng lahat ng iyon."
El Filibusterismo,18,MGA KADAYAAN,55,—¡Walang iniwan sa amoy bangkay!
El Filibusterismo,18,MGA KADAYAAN,56,—ang sabi ng isang babai—¡puff!
El Filibusterismo,18,MGA KADAYAAN,57,At namaypay ng katakot-takot.
El Filibusterismo,18,MGA KADAYAAN,58,—¡Kaamoy ng apat na libong taon!
El Filibusterismo,18,MGA KADAYAAN,59,—ang sabing bigla ng isa.
El Filibusterismo,18,MGA KADAYAAN,60,Nakalimutan ni Ben-Zayb ang salamin dahil sa pagtingin kung sino ang bumanggit ng salitang iyon.
El Filibusterismo,18,MGA KADAYAAN,61,Ang bumigkas ay isang militar na nakabasa ng kasaysayan ng buhay ni Napoleon.
El Filibusterismo,18,MGA KADAYAAN,62,"Kinainggitan siya ni Ben-Zayb, at upang bumitiw ng isang salitang dapat tumama kay P. Camorra, ay sinabing:"
El Filibusterismo,18,MGA KADAYAAN,63,—¡Amoy simbahan!
El Filibusterismo,18,MGA KADAYAAN,64,"—Ang kahang ito, kaginoohan,—ang patuloy ng amerikano—ay may lamang isang dakot na abo at kaputol na papiro, na kinatatalaan ng ilang sulat."
El Filibusterismo,18,MGA KADAYAAN,65,"Tingnan ninyo, ngunit ipinamamanhik ko lamang na huwag kayong hihingang malakas, sapagka’t kung matapon ang kaunting abo ay lalabas na sirasira ang aking esfinge."
El Filibusterismo,18,MGA KADAYAAN,66,"Ang kabulaanan, na tinuran ng buong pananalig at walang kabirobiro ay untiunting nagtagumpay, kaya’t nang idaan ang kaha ay walang isa mang nangahas na huminga."
El Filibusterismo,18,MGA KADAYAAN,67,"Si P. Camorra, na sa pulpito sa Tiani ay nagpakilalang madalas ng mga parusa at paghihirap sa inpierno samantalang pinagtatawanan sa sarili ang mga matang sindak ng mga makasalanan, ay nagtakip ng ilong; at si P. Salvi, ang tunay na si P. Salvi na sa araw ng kapistahan ng mga patay ay gumawa ng ginigini ng mga kaluluwa sa Purgatorio na may apoy at mga larawang nanganganinag na naiilawan sa dakong likuran, na may lamparang ang ilaw ay aguardiente, mga putolputol na halimayas, sa malaking dambana ng simbahan ng isang arrabal upang makakuha ng mga pamisa at limos, ang payat at walang imik na si P. Salvi ay pumigil sa kaniyang paghinga at tiningnan ng tinging may panganganib ang isang dakot na abong iyon."
El Filibusterismo,18,MGA KADAYAAN,68,"—¡Memento, homo, quia pulvis es!"
El Filibusterismo,18,MGA KADAYAAN,69,—ang bulong na nakangiti ni P. Irene.
El Filibusterismo,18,MGA KADAYAAN,70,—¡P......!
El Filibusterismo,18,MGA KADAYAAN,71,—ang bitiw ni Ben-Zayb.
El Filibusterismo,18,MGA KADAYAAN,72,Nakahanda na siya sa pagsasabi ng mga salitang iyon at inunahan siya ng kanonigo.
El Filibusterismo,18,MGA KADAYAAN,73,—Sa dahilang hindi maalaman kung ano ang dapat kong gawin—ang patuloy ni Mr.
El Filibusterismo,18,MGA KADAYAAN,74,"Leeds na inilapat nang buong pag-iingat ang takip ng kaha—ay siniyasat ko ang papiro, at nakita ko ang dalawang salita na hindi ko batid ang kahulugan."
El Filibusterismo,18,MGA KADAYAAN,75,"Hinanap ko ang katuturan at tinangka kong bigkasin ng malakas, at babahagya pa lamang na nabibigkas ang una nang maramdaman kong dumudulas sa aking kamay ang kaha na wari’y tangay ng isang malaking pataw at gumulong sa lupa, at doo’y hindi ko na magalaw."
El Filibusterismo,18,MGA KADAYAAN,76,Ang pagkakamangha ko’y naging sindak nang buksan ko’t matagpuan sa loob ang isang ulo ng tao na ang tingin sa akin ay walang kakisapkisap.
El Filibusterismo,18,MGA KADAYAAN,77,"Sindak, at dahil sa hindi ko maalaman ang gawin sa harap ng gayong kababalaghan, ay natulig akong nangaykay sumandali na waring isang gulilat...."
El Filibusterismo,18,MGA KADAYAAN,78,Ako’y nagbalikloob....
El Filibusterismo,18,MGA KADAYAAN,79,Sa akalang yaon ay isang malikmata lamang ay tinangka kong mapalipas yaon at ipinatuloy ko ang pagbasa ng pangalawang salita.
El Filibusterismo,18,MGA KADAYAAN,80,"Babahagya ko pa lamang nasasabi, ay nalapat ang takip ng kaha, nawala ang ulo, at ang napalit na muli ay ang isang dakot na abong ito."
El Filibusterismo,18,MGA KADAYAAN,81,"Hindi sinasadya’y natagpuan ko ang dalawang salitang lalong makapangyarihan, ang mga salitang panglikha at panggunaw, ang pangbuhay at pangpatay!"
El Filibusterismo,18,MGA KADAYAAN,82,Humintong sandali na waring ibig tingnan ang ibinunga ng kaniyang mga sinabi.
El Filibusterismo,18,MGA KADAYAAN,83,Pagkatapos ay lumapit sa dulang na ang lakad ay maingat at banayad at ipinatong ang makababalaghang kaha.
El Filibusterismo,18,MGA KADAYAAN,84,"—¡Mister, ang takip!"
El Filibusterismo,18,MGA KADAYAAN,85,—ang sabi ni Ben-Zayb na hindi mapigil.
El Filibusterismo,18,MGA KADAYAAN,86,—¿At bakit hindi?
El Filibusterismo,18,MGA KADAYAAN,87,—ang tugong masunurin ni Mr.
El Filibusterismo,18,MGA KADAYAAN,88,Leeds.
El Filibusterismo,18,MGA KADAYAAN,89,At matapos na maitaas ng kanang kamay ang kaha ay hinawi ng kaliwa ang kayo at naiwang lantad ang mesa na natutukuran ng kaniyang tatlong paa.
El Filibusterismo,18,MGA KADAYAAN,90,Muling inilagay ang kaha sa ibabaw at banayad na lumapit sa mga nanonood.
El Filibusterismo,18,MGA KADAYAAN,91,—¡Dito ko siya makikita!
El Filibusterismo,18,MGA KADAYAAN,92,—ang sabi ni Ben-Zaib sa kaniyang kasiping—tingnan ninyo pag hindi iyan nagdahilan ng kahi’t ano.
El Filibusterismo,18,MGA KADAYAAN,93,Ang lubos na pagbatyag ay nalalarawan sa lahat ng mukha; naghari ang katahimikan.
El Filibusterismo,18,MGA KADAYAAN,94,Maliwanag na maliwanag na nadidingig ang ingay at kaguluhan sa daan; ngunit ang lahat ay nagugulumihanan kaya’t ang kaputol na salitaang umabot hanggang sa kanila’y hindi man nila naino.
El Filibusterismo,18,MGA KADAYAAN,95,—¿Porque ba no di podi nisos entra?
El Filibusterismo,18,MGA KADAYAAN,96,—ang tanong ng isang boses babai.
El Filibusterismo,18,MGA KADAYAAN,97,"—Aba, ñora, porque ’talla el mana prailes y el mana empleau—ang sagot ng isang lalaki—’ta jasi solo para ilos el cabesa de espinge."
El Filibusterismo,18,MGA KADAYAAN,98,—¡Curioso tambien el mana prailes!
El Filibusterismo,18,MGA KADAYAAN,99,—ang sabi ng boses babai—¡no quiere pa que di sabe nisos cuando ilos ta sali ingañau!
El Filibusterismo,18,MGA KADAYAAN,100,¡Cosa!
El Filibusterismo,18,MGA KADAYAAN,101,¿querida ba de praile el cabesa?
El Filibusterismo,18,MGA KADAYAAN,102,Sa gitna ng buong katahimikan ay nagpatuloy ang amerikano na ang boses ay nanginginig:
El Filibusterismo,18,MGA KADAYAAN,103,"—Kaginoohan: sa isang salita’y bubuhayin ko ang isang dakot na abong iyan at kayo’y makikipag-usap sa isang nakababatid ng ukol sa nakaraan, ng sa kasalukuyan at maraming bagay ng sa darating."
El Filibusterismo,18,MGA KADAYAAN,104,"At banayad na bumitiw ng isang sigaw ang mahiko, mapanaghoy muna, matapos ay matindi, halohalong matatalas na tunog na wari’y tungayaw at tunog na paos na wari’y pagbabala na nakapagpangalisag sa buhok ni Ben-Zayb."
El Filibusterismo,18,MGA KADAYAAN,105,—¡Deremof!
El Filibusterismo,18,MGA KADAYAAN,106,—ang sabi ng amerikano.
El Filibusterismo,18,MGA KADAYAAN,107,"Ang mga tabing na nakapalibid sa salon ay naggalawan, ang mga ilawan ay waring mamamatay, ang mesa ay humaginit."
El Filibusterismo,18,MGA KADAYAAN,108,Isang mahinang daing ang sumagot na galing sa loob ng kaha.
El Filibusterismo,18,MGA KADAYAAN,109,Ang lahat ay nagkatinginang namumutla’t hindi mapalagay: ang isang babaing lipus katakutan at nakaramdam ng isang pagkabasang mainitinit sa kaniyang saya ay kumapit kay P. Salvi.
El Filibusterismo,18,MGA KADAYAAN,110,"Sa gayon ay nabukas na mag-isa ang kaha at sumipot sa malas ng mga nanonood ang isang ulo na anyong bangkay, na nalilibid ng isang mahaba’t makapal na buhok na itim."
El Filibusterismo,18,MGA KADAYAAN,111,Dahandahang ibinukas ng ulo ang mga mata at inilibot ang tingin sa lahat ng nanonood.
El Filibusterismo,18,MGA KADAYAAN,112,"Ang mga matang iyon ay may matalas na ningning na nararagdagan pa ng kaniyang mga panglook, at sa dahilang abyssus abyssum invocat, ang mga matang iyon ay napatitig sa mga malalalim at nangangalong mata ni P. Salvi na dilat na dilat na wari’y nakakikita ng isang multo."
El Filibusterismo,18,MGA KADAYAAN,113,Si P. Salvi ay nanginig.
El Filibusterismo,18,MGA KADAYAAN,114,—Espinghe—ani Mr.
El Filibusterismo,18,MGA KADAYAAN,115,Leeds—sabihin mo sa mga nakikingig kung sino ka.
El Filibusterismo,18,MGA KADAYAAN,116,Ang lubos na katahimikan ay naghari.
El Filibusterismo,18,MGA KADAYAAN,117,Isang malamig na simoy ang lumaganap sa salas at nagpagalaw sa bughaw na dingas ng mga lamparang gamit sa libingan.
El Filibusterismo,18,MGA KADAYAAN,118,Ang mga lalong hindi mapaniwalain ay nangilabot.
El Filibusterismo,18,MGA KADAYAAN,119,"—Ako’y si Imuthis—ang sagot ng ulo na ang boses ay malalim ngunit nagbabala mandin—ipinanganak ako ng kapanahunan ni Amasis at ako’y pinatay nang kasalukuyang nakasasakop ang mga persa, samantalang si Cambises ay papauwing galing sa sinamang pagsalakay sa kalookan ng Lybia."
El Filibusterismo,18,MGA KADAYAAN,120,"Galing ako sa pagtatapos ng aking pag-aaral makaraan ang mahabang paglalakbay sa Gresia, Asiria at Persia, at papauwi na ako sa aking bayan upang manirahan doon hanggang sa ako’y paharapin ni Thot sa kaniyang kakilakilabot na hukuman."
El Filibusterismo,18,MGA KADAYAAN,121,"Dala ng kasawian ko, sa aking pagdaraan sa Babilonia, ay nabatid ko ang isang kakilakilabot na lihim, ang lihim ng di tunay na Smerdis na nagnakaw ng kapangyarihan, ang pangahas na magong si Gaumata na namamahala sa tulong ng isang pagdaraya."
El Filibusterismo,18,MGA KADAYAAN,122,"Sa katakutang isumbong ko siya kay Cambises, ay binalak ang aking ikasasawi sa pamagitan ng mga saserdoteng taga Egipto."
El Filibusterismo,18,MGA KADAYAAN,123,"Ang mga ito’y siyang nakapangyayari noon sa aking bayan; dahil sa pag-aari nila sa dalawa ng katlong bahagi ng mga lupain, tanging may hawak ng karunungan ay inilulubog ang bayan sa kamangmangan at sa pagsiil, inilalagmak sa ugaling hamak at inihahanda upang huwag marimariman sa pagpapalitpalit ng panginoon."
El Filibusterismo,18,MGA KADAYAAN,124,"Ang mga manglulupig ay nanghahawak sa kanila at sa pagkakilala ng kanilang maitutulong ay kinakalong sila’t pinayayaman, at ang ilan ay hindi lamang umalinsunod sa kanilang maibig kundi naging tagaganap lamang nila."
El Filibusterismo,18,MGA KADAYAAN,125,Ang mga saserdoteng ehipsiyo ay umalinsunod ng buong loob sa mga utos ni Gaumata sapagka’t ako’y kanilang kinatatakutan at upang huwag kong ihayag sa bayan ang kanilang mga pang-uulol.
El Filibusterismo,18,MGA KADAYAAN,126,Upang masunod ang kanilang hangad ay ginawang paraan ang mga udyok ng puso ng isang batang saserdote sa Abidos na inaaring banal!....
El Filibusterismo,18,MGA KADAYAAN,127,Isang kahambalhambal na katahimikan ang sumunod sa mga salitang ito.
El Filibusterismo,18,MGA KADAYAAN,128,Ang ulong yaon ay nagsasalaysay ng ukol sa mga pailalim na paraan at mga pagdaraya ng mga pari at kahi’t ibang kapanahunan at ibang pananampalataya ang tinutukoy ay nakapagpaparamdam din sa mga prayleng kaharap doon sanhi marahil na makikitang ang kinauuwian ay kahawig ng kasalukuyang kalagayan.
El Filibusterismo,18,MGA KADAYAAN,129,"Si P. Salvi, na nanginginig, ay iginagalaw ang mga labi at sinusundan ng nanglilisig na mata ang titig ng ulo, na wari’y nakakahalina sa kaniya."
El Filibusterismo,18,MGA KADAYAAN,130,"Mga butil ng pawis ay nagsisimula na ng pagsipot sa kaniyang namumutlang noo, ngunit walang nakababatyag sa gayon, dahil sa lubhang nangalilibang at nangingilabot."
El Filibusterismo,18,MGA KADAYAAN,131,—¿At papano ang paraang ginawa sa iyo ng mga pari sa iyong bayan?
El Filibusterismo,18,MGA KADAYAAN,132,—ang tanong ni Mr.
El Filibusterismo,18,MGA KADAYAAN,133,Leeds.
El Filibusterismo,18,MGA KADAYAAN,134,"Ang ulo’y bumitiw ng isang kasakitsakit na daing na wari’y galing sa kaibuturan ng puso at nakita ng mga nanonood na ang kaniyang mga mata, ang mga matang iyon na nagbabaga, ay nawalan ng kinang at napuno ng luha."
El Filibusterismo,18,MGA KADAYAAN,135,Nanginig ang lahat at naramdamang nanindig ang kanilang buhok.
El Filibusterismo,18,MGA KADAYAAN,136,"Hindi, yaon ay hindi daya, hindi salisalita lamang; ang ulo’y isa ngang ginawan ng kataksilan at ang sinasabi’y ang tunay niyang kabuhayan."
El Filibusterismo,18,MGA KADAYAAN,137,—¡Ay!
El Filibusterismo,18,MGA KADAYAAN,138,"—ang sabi na umiling ng lubhang malungkot—ako’y nangingibig sa isang dalaga, anak ng isang pari, na kasinglinis ng liwanag, gaya ng loto kung bagong namumukadkad!"
El Filibusterismo,18,MGA KADAYAAN,139,Ninanasa rin naman siyang kamtan ng batang pari sa Abidos at ito’y nagmunakala ng isang pagkakagulo na sinangkalan ang aking pangalan at sa tulong ng ilang papiro ko na naparaanang makuha sa aking irog.
El Filibusterismo,18,MGA KADAYAAN,140,Ang kaguluhan ay nangyari ng kasalukuyang si Cambises ay papauwing nagngingitngit dahil sa kasawiang nangyari sa kaniyang sinamang pakikihamok.
El Filibusterismo,18,MGA KADAYAAN,141,"Ako’y isinakdal na taksil, napiit, at sa dahilang ako’y nakatanan, ay napatay ako sa lawa ng Mœris ng mga umuusig...."
El Filibusterismo,18,MGA KADAYAAN,142,"Mula sa kabilang buhay ay nakita kong nanagumpay ang kabulaanan, nakikita ko ang pag-usig gabi’t araw ng saserdote sa Abidos sa birheng nagkanlong sa simbahan ni Isis sa pulo ng Philœ.... nakikita ko siyang inuusig at inaapungutan hanggang sa mga ilalim ng lupa, tuligin sa sindak at mga pahirap, na gaya ng isang malaking paniki sa isang maputing kalapati...."
El Filibusterismo,18,MGA KADAYAAN,143,¡A!
El Filibusterismo,18,MGA KADAYAAN,144,"saserdote, saserdote sa Abidos!"
El Filibusterismo,18,MGA KADAYAAN,145,"nabuhay akong muli upang ihayag ang iyong mga kataksilan, at makaraan ang mahabang panahong pananahimik ay tinatawag kitang mamamatay, lapastangan sa Dios, mapagparatang!!"
El Filibusterismo,18,MGA KADAYAAN,146,"Isang biglang halakhak, waring galing sa libingan, ang sumunod sa mga salitang ito, samantalang ang isang timping boses ay sumasagot ng:"
El Filibusterismo,18,MGA KADAYAAN,147,—Hindi ¡mahabag......!
El Filibusterismo,18,MGA KADAYAAN,148,Yaon ay si P. Salvi na puno ng takot ay iniunat ang dalawang kamay at mabubuwal.
El Filibusterismo,18,MGA KADAYAAN,149,—¿Ano mayroon kayo P. Salvi?
El Filibusterismo,18,MGA KADAYAAN,150,¿Masama po ba ang inyong katawan?
El Filibusterismo,18,MGA KADAYAAN,151,—ang tanong ni P. Irene.
El Filibusterismo,18,MGA KADAYAAN,152,—Ang init ng salas......
El Filibusterismo,18,MGA KADAYAAN,153,—Ang amoy bangkay na nasasamyo dito.
El Filibusterismo,18,MGA KADAYAAN,154,"—¡Mamamatay, mapagparatang!"
El Filibusterismo,18,MGA KADAYAAN,155,"lapastangan sa Dios,—ang ulit ng ulo—isinusuplong kita, mamamatay, mamamatay, mamamatay!"
El Filibusterismo,18,MGA KADAYAAN,156,"At muling umugong ang halakhak, waring galing sa libingan at mapagbala, na waring dahil sa pagkalulong ng ulo sa pagmamalas sa mga kaapihan niya’y hindi naaalumana ang kaguluhang naghahari sa salas."
El Filibusterismo,18,MGA KADAYAAN,157,Si P. Salvi ay lubusan nang nahimatay.
El Filibusterismo,18,MGA KADAYAAN,158,—¡Mahabag!
El Filibusterismo,18,MGA KADAYAAN,159,¡buhay pa....!
El Filibusterismo,18,MGA KADAYAAN,160,—ang ulit ni P. Salvi at nawalan ng diwa.
El Filibusterismo,18,MGA KADAYAAN,161,Maputlang maputlang wari’y bangkay.
El Filibusterismo,18,MGA KADAYAAN,162,Inakala ng ibang babai na nararapat namang maghimatay sila at gayon nga ang ginawa.
El Filibusterismo,18,MGA KADAYAAN,163,—¡Nahihibang......
El Filibusterismo,18,MGA KADAYAAN,164,P. Salvi!
El Filibusterismo,18,MGA KADAYAAN,165,—Sinasabi ko na sa kaniyang huwag kumain ng sopas na pugad ng langaylangayan!
El Filibusterismo,18,MGA KADAYAAN,166,—ang sabi ni P. Irene—iyon ang nakasama sa kaniya.
El Filibusterismo,18,MGA KADAYAAN,167,—¡Wala namang nakain!
El Filibusterismo,18,MGA KADAYAAN,168,"—ang sagot na nangangatal ni D. Custodio—sa dahilang tinitigan siyang mabuti ng ulo, ay nagayuma siya......"
El Filibusterismo,18,MGA KADAYAAN,169,"Doon na nagkagulo, ang salas ay waring hospital, isang parang ng labanan."
El Filibusterismo,18,MGA KADAYAAN,170,"Si P. Salvi ay wari patay, at nang makita ng mga babai na hindi sila dinadaluhan ay minabuti na nila ang magbalikdiwa."
El Filibusterismo,18,MGA KADAYAAN,171,Samantala ay naging abo ang ulo at inilagay na muli ni Mr.
El Filibusterismo,18,MGA KADAYAAN,172,Leeds ang kayong itim sa ibabaw ng dulang at yumuyuku sa mga nakingig sa kaniya.
El Filibusterismo,18,MGA KADAYAAN,173,—Kailangang ipagbawal ang pagtatanghal na ito—ang sabi ni D. Custodio nang lumalabas—lubhang napakabanday at mahalay.
El Filibusterismo,18,MGA KADAYAAN,174,"—Lalonglalo na, sapagka’t hindi ginagamitan ng salamin—ang dugtong ni Ben-Zayb."
El Filibusterismo,18,MGA KADAYAAN,175,"Datapuwa’y ninasang tingnan niyang muli bago iwan ang pook na iyon, tinalon ang halang, lumapit sa dulang at itinaas ang kayo: wala, wala ring gaya ng dati."
El Filibusterismo,18,MGA KADAYAAN,176,[1]
El Filibusterismo,18,MGA KADAYAAN,177,"Nang kinabukasan ay sumulat ng isang lathala na ang tinutukoy ay ang mga karunungang lihim, ang espiritismo, at ibp."
El Filibusterismo,18,MGA KADAYAAN,178,; dalidaling pumanaog ang isang utos ng gobernador eclesiastico na pinipigil ang mga palabas; ngunit wala na si Mr.
El Filibusterismo,18,MGA KADAYAAN,179,Leeds na dinala sa Hongkong ang kaniyang lihim.
El Filibusterismo,19,ANG LAMBAL,1,Umalis sa klase si Placido Penitente na ang puso’y sumusulak at ang mga paningin ay may mapait na luha.
El Filibusterismo,19,ANG LAMBAL,2,"Siya’y lubhang karapatdapat sa kaniyang pangalan kapag hindi siya pinagagalit, ngunit pag namuhi ay nagiging baha, isang halimaw na mapipigil lamang kung mapatay o makamatay."
El Filibusterismo,19,ANG LAMBAL,3,"Ang gayon karaming paghalay, mga pagsundot, na sa araw araw ay nagpapanginig sa kaniyang puso at natatago rito upang makatulog ng tulog dahong-palay na nahihimbing, ay nangagbabangon ngayon na nangagngangalit sa poot."
El Filibusterismo,19,ANG LAMBAL,4,"Ang mga sutsot ay umuugong sa kaniyang tainga na kasama ang mga palibak na salita ng katedratiko, ang mga salitang wikang tinda, at waring nadidingig niya ang mga hampas at halakhak."
El Filibusterismo,19,ANG LAMBAL,5,Libo libong balak na paghihiganti ang sumisipot sa kaniyang pag-iisip na nangagkakasalasalabid at biglang lumilipas na wari’y mga larawang nakikita sa pangangarap.
El Filibusterismo,19,ANG LAMBAL,6,"Inuudyukan siyang walang humpay na dapat gumawa, ng kaniyang sariling damdamin, na taglay ang katigasang ulo ng isang walang pag-asa."
El Filibusterismo,19,ANG LAMBAL,7,"—Placido Penitente—anang boses—ipakilala mo sa lahat ng kabataang iyan na mayroon kang karangalan, na ikaw ay anak ng isang lalawigang matapang at bayani, na doon ang isang paghalay ay hinuhugasan ng dugo."
El Filibusterismo,19,ANG LAMBAL,8,"¡Taga Batangan ka, Placido Penitente!"
El Filibusterismo,19,ANG LAMBAL,9,"¡Gumanti ka, Placido Penitente!"
El Filibusterismo,19,ANG LAMBAL,10,"At ang binata’y umuungol at nagngangalit ang mga ngipin at binubunggo ang lahat ng tao sa lansangan, sa tulay ng España, na wari’y naghahanap ng basagulo."
El Filibusterismo,19,ANG LAMBAL,11,"Sa huling pook na ito’y nakakita ng isang sasakyang kinalululanan ng Vice-Rector na si P. Sibyla, na kasama si D. Custodio, at nagtaglay siya ng malaking nasang sunggaban ang pari at ihagis sa ilog."
El Filibusterismo,19,ANG LAMBAL,12,"Nagpatuloy sa Escolta at ngalingali nang pagsususuntukin ang dalawang agustino, na nangakaupo sa pintuan ng tindahan ni Quiroga, na nagtatawanan at binibiro ang iba pang prayle na nasa loob ng tinda at nakikipag-usap; nadidingig ang kanilang masasayang boses at matutunog na halakhakan."
El Filibusterismo,19,ANG LAMBAL,13,"Sa dakong malayo-layo ay nangakahalang sa bangketa ang dalawang cadete na nakikipag-usap sa isang kawani ng isang tindahan, na nakabaro’t walang amerikana; tinungo sila ni Placido Penitente upang buksan ang daan, ngunit ang mga cadete na masasaya at nakahalata sa masamang tangka ng binata ay nangagsilayo."
El Filibusterismo,19,ANG LAMBAL,14,Nang mga sandaling yaon ay taglay ni Placido ang udyok ng hamok na sinasabi ng mga sumusuri ng ugaling malayo.
El Filibusterismo,19,ANG LAMBAL,15,Samantalang nalalapit si Placido sa kaniyang bahay—ang bahay ng isang platero na kaniyang pinangungupahan—ay pinipilit na iayos ang kaniyang mga iniisip at niyayari ang isang balak.
El Filibusterismo,19,ANG LAMBAL,16,"Umuwi sa kaniyang bayan at maghiganti upang ipakilala sa mga prayle na hindi naaalimura ng gayongayon lamang ang isang binata, at ang gaya niya’y hindi maaring aglahiin."
El Filibusterismo,19,ANG LAMBAL,17,"Iniisip na sumulat agad sa kaniyang ina, kay kabisang Andang, upang ipabatid dito ang nangyari at sabihing hindi na siya makapapasok sa klase, at kahi’t may Ateneo ng mga hesuita upang makapag-aral ng taong yaon, marahil ay hindi siya bigyang pahintulot na makalipat ng mga dominiko at kahi’t na maari ang gayon ay mababalik din siya sa Universidad sa taong susunod na pag-aaral."
El Filibusterismo,19,ANG LAMBAL,18,—¡Sinasabing hindi kami marunong maghiganti!
El Filibusterismo,19,ANG LAMBAL,19,—ang sabi—pumutok ang lintik at saka makikita.
El Filibusterismo,19,ANG LAMBAL,20,Ngunit hindi hinihinala ni Placido ang nag-aantay sa kaniya sa bahay ng platero.
El Filibusterismo,19,ANG LAMBAL,21,"Kararating pa lamang ni kabisang Andang na galing sa Batangan at lumuwas upang mamili, dumalaw sa kaniyang anak at dalhan ng kuwalta, pindang na usa at mga panyong sutla."
El Filibusterismo,19,ANG LAMBAL,22,"Nang makaraan ang mga unang batian, ang kahabag habag na babaing sa simula pa’y napuna na ang mabalasik na tingin ng kaniyang anak, ay hindi na nakapagpigil at nagsimula na sa katatanong."
El Filibusterismo,19,ANG LAMBAL,23,"Sa mga unang pagsasalita’y inaring biro ni kabisang Andang, ngumiti’t pinagpapayuhan ang kaniyang anak, at ipinaalaala dito ang mga paghihirap, ang mga pagtitipid at ibp."
El Filibusterismo,19,ANG LAMBAL,24,", at binanggit ang anak ni kapitang Simona, na dahil sa pagkakapasok sa Seminario, ay waring obispo na kung lumakad sa kanilang bayan: ¡Ipinalalagay na ni kapitang Simona na siya’y Ina ng Dios; mangyari baga’y magiging isa pang Jesucristo ang kaniyang anak!"
El Filibusterismo,19,ANG LAMBAL,25,—Pag naging pari ang anak—ang sabi ni kabisang Andang—ay hindi na pagbabayaran ang utang sa atin....
El Filibusterismo,19,ANG LAMBAL,26,¿sino pa ang makasisingil sa kaniya pag nagkagayon?
El Filibusterismo,19,ANG LAMBAL,27,"Ngunit nang makitang tinototoo ni Placido ang pagsasalita at napansin sa mata nito ang sigwang bumabayo sa kalooban, ay nakilalang, dala ng kasawian, ay sadyang tunay ang sinasabi."
El Filibusterismo,19,ANG LAMBAL,28,Mga ilang sandaling hindi nakapangusap at pagkatapos ay naghinagpis ng katakot-takot.
El Filibusterismo,19,ANG LAMBAL,29,—¡Ay!
El Filibusterismo,19,ANG LAMBAL,30,"—aniya—¡at naipangako ko pa naman sa ama mo na aarugain kita, patuturuan at gagawing abogado!"
El Filibusterismo,19,ANG LAMBAL,31,¡Tinitipid ko ang lahat upang makapag-aral ka lamang!
El Filibusterismo,19,ANG LAMBAL,32,"¡Sa panggingeng sikosikolo na lamang ako napaparoon at hindi sa manamanalapi, at tinitiis ko na ang masasamang amoy at maruruming baraha!"
El Filibusterismo,19,ANG LAMBAL,33,¡Tingnan mo ang mga baro ko’t may sulsi!
El Filibusterismo,19,ANG LAMBAL,34,"Kahi’t makabibili ako ng mga bago ay ginugugol ang kuwalta sa mga pamisa at mga handog kay San Sebastian, kahi’t na wala akong pananalig sa kanilang bisa, sapagka’t dinadalosdalos ng pari at ang santo ay bagong bago at hindi pa marunong gumawa ng kababalaghan, at hindi batikuling kundi laniti...."
El Filibusterismo,19,ANG LAMBAL,35,¡Ay!
El Filibusterismo,19,ANG LAMBAL,36,¿Ano ang sasabihin sa akin ng ama mo pagkamatay ko’t kami’y magkita?
El Filibusterismo,19,ANG LAMBAL,37,At ang kaawaawang babai’y naghihinagpis at umiiyak; lalo pang nagdidilim ang kalooban ni Placido at namumulas sa kaniyang dibdib ang mga timping buntong-hininga.
El Filibusterismo,19,ANG LAMBAL,38,—¿Ano ang mahihita ko kung maging abogado?
El Filibusterismo,19,ANG LAMBAL,39,—ang tugon.
El Filibusterismo,19,ANG LAMBAL,40,—¿Ano ang sasapitin mo?
El Filibusterismo,19,ANG LAMBAL,41,—ang patuloy ng ina na pinagduop ang kamay—¡panganganlan kang pilibistiero at bibitayin ka!
El Filibusterismo,19,ANG LAMBAL,42,"¡Sinasabi ko na sa iyong magtitiis ka, ikaw ay magpapakumbaba!"
El Filibusterismo,19,ANG LAMBAL,43,"Hindi ko sinasabi sa iyong humalik ka sa kamay ng pari, alam kong ang pangamoy mo’y maselan na gaya ng ama mo na hindi makakain ng keso sa Europa.... ngunit dapat tayong magtiis, huwag umimik, pa oo sa lahat ng bagay...."
El Filibusterismo,19,ANG LAMBAL,44,¿Ano ang magagawa natin?
El Filibusterismo,19,ANG LAMBAL,45,"Ang mga prayle ay mayroon ng lahat ng bagay; kung ayaw sila ay walang magiging abogado, ni mediko...."
El Filibusterismo,19,ANG LAMBAL,46,"¡Magtiis ka, anak ko, magtiis ka!"
El Filibusterismo,19,ANG LAMBAL,47,"—¡Sa, nakapagtiis na akong lubha, inang; buwanang ako’y nagbata!"
El Filibusterismo,19,ANG LAMBAL,48,Patuloy si kabisang Andang sa kaniyang paghihinagpis.
El Filibusterismo,19,ANG LAMBAL,49,"Hindi niya hinihinging kumampi sa mga prayle, siya man ay hindi rin; lubos niyang batid na sa bawa’t isang mabuti ay may sampung masama na kumukuha ng salapi ng mahihirap at nagpapadala sa mayayaman sa tatapunan."
El Filibusterismo,19,ANG LAMBAL,50,"Ngunit dapat na huwag kumibo, magtiis at magbata; walang ibang paraan."
El Filibusterismo,19,ANG LAMBAL,51,"At binanggit ang ganoon at ganitong ginoo na dahil sa nagpakita ng pagka paciencioso at mapakumbaba, kahi’t na sa kaibuturan ng puso’y nagagalit sa kaniyang mga panginoon, ay naging promotor piskal gayong galing sa pagiging alila ng prayle; at si gayon na ngayo’y mayaman at mangyayaring makagawa ng mga kabangisang asal na makaaasang may ninong na mag-aampon sa kaniya ng laban sa mga kautusan ay galing sa pagiging isang maralitang sakristang mapakumbaba’t masunurin, na nagasawa sa isang magandang dalaga na ang naging anak ay inanak ng kura...."
El Filibusterismo,19,ANG LAMBAL,52,"Patuloy si kabisang Andang ng pagtutukoy sa mga pilipinong mapakumbaba at paciencioso, gaya ng sabi niya, at babanggit pa sana ng iba na dahil sa hindi gayon ay nangapatapon at pinag-uusig, nang si Placido, dahil sa isang munting bagay na dinahilan, ay umalis at naglagalag sa mga lansangan."
El Filibusterismo,19,ANG LAMBAL,53,"Linibot na tatanga-tanga at masama ang ulo ang Sibakong, Tundo, San Nicolas, Sto."
El Filibusterismo,19,ANG LAMBAL,54,"Cristo, na hindi pinupuna ang araw at ang oras, at nang makaramdam lamang ng gutom at naunawang wala siyang kuwalta dahil sa ibinigay niyang lahat sa mga pistahan at mga ambagan, ay saka umuwi sa kaniyang bahay."
El Filibusterismo,19,ANG LAMBAL,55,"Hindi niya inaantay na matatagpuan ang kaniyang ina, sapagka’t may ugali ito, kailan ma’t lumuluwas sa Maynila, na tumungo sa mga oras na iyon sa isang kapit-bahay na pinagsusugalan ng pangginge."
El Filibusterismo,19,ANG LAMBAL,56,Ngunit siya’y inaantay ni kabisang Andang upang pagsabihan ng binalak: ang matandang babai’y patutulong sa procurador ng mga agustino upang mapawi ang pagkamuhi ng mga dominiko sa kaniyang anak.
El Filibusterismo,19,ANG LAMBAL,57,Pinutol ni Placido sa isang ingos ang kaniyang pananalita.
El Filibusterismo,19,ANG LAMBAL,58,—Magtatalon na muna ako sa dagat—ang sabi—manunulisan na muna ako bago bumalik sa Unibersidad.
El Filibusterismo,19,ANG LAMBAL,59,At sa dahilang sinimulan na naman ng ina ang salaysay na ukol sa pagtitiis at kababaang loob ay umalis na muli si Placido na hindi kumain ng ano man at tinungo ang daongang himpilan ng mga bapor.
El Filibusterismo,19,ANG LAMBAL,60,"Ang pagkakita ng isang bapor na aalis na patungong Hongkong ay nag-udyok sa kaniya ng isang akala: pumaroon sa Hongkong, magtanan, magpayaman doon upang bakahin ang mga prayle."
El Filibusterismo,19,ANG LAMBAL,61,"Ang pagparoon sa Hongkong ay gumising sa kaniya ng isang alaala, isang kasaysayan ng mga kagayakang pamukha ng dambana, mga ciriales at mga titirikan ng kandila na pawang pilak na inihandog sa isang simbahan ng kabanalan ng mga mapanampalataya; anang isang platero, ay nagpagawa sa Honkong ang mga prayle ng ibang kagayakan sa dambana, mga ciriales at mga titirikan ng kandila na pawang pilak na Ruolz na siyang ipinalit sa mga tunay na pilak na ipinatunaw at ipinagawang pisong mehikano."
El Filibusterismo,19,ANG LAMBAL,62,Ito ang kasaysayang kaniyang naringig at kahi’t mga salisalita lamang yaon o bulungbulungan ay inaari na niyang totoo dahil sa sama ng kaniyang loob at nagpapaalaala pa sa kaniya ng ilang gayon ding pangyayari.
El Filibusterismo,19,ANG LAMBAL,63,Ang paghahangad na mabuhay ng malaya at ilang balak na hindi pa lubos na yari ay nakapag-udyok sa kaniyang ipatuloy ang balak na tumungo sa Hongkong.
El Filibusterismo,19,ANG LAMBAL,64,Kung doon dinadala ng mga corporacion ang lahat ng kanilang salapi ay dapat na lumakad na mabuti ang pangangalakal doon at maaaring siya’y yumaman.
El Filibusterismo,19,ANG LAMBAL,65,"—¡Ibig kong maging malaya, mabuhay ng malaya!...."
El Filibusterismo,19,ANG LAMBAL,66,"Inabot siya ng gabi sa paglilibot sa S. Fernando, at sa dahilang hindi makatagpo ng isang kaibigang mangdaragat ay nagpatuloy nang umuwi."
El Filibusterismo,19,ANG LAMBAL,67,"At sapagka’t maganda ang gabi at ang buwan ay kumikinang sa langit na binibigyan ng anyong kahariang makababalaghan ng mga hada ang maralitang siyudad, ay tumungo sa periya."
El Filibusterismo,19,ANG LAMBAL,68,"Doon nagpayao’t dito, linibot ang mga tinda na hindi napupuna ang mga bagaybagay; ang pag-iisip ay nasa Hongkong upang mamuhay ng malaya, magpayaman......"
El Filibusterismo,19,ANG LAMBAL,69,Iiwan na sana ang periya nang mamataan mandin ang manghihiyas na si Simoun na nagpapaalam sa isang taga-ibang lupa at kapuwang sa wikang ingles nag-uusap.
El Filibusterismo,19,ANG LAMBAL,70,"Sa palagay ni Placido ay ang lahat ng wikang ginagamit sa Pilipinas ng mga dayuhan, kailan ma’t hindi ang kastila, ay ingles: at saka naulinigan pa ng ating binata ang salitang Hongkong."
El Filibusterismo,19,ANG LAMBAL,71,¡Kung mangyayari sanang maipakiusap siya ng magaalahas na si Simoun sa dayuhang yaon na tutungo mandin sa Hongkong!
El Filibusterismo,19,ANG LAMBAL,72,Tumigil si Placido.
El Filibusterismo,19,ANG LAMBAL,73,Nakikilala niya ang manghihiyas dahil naparoon sa kaniyang bayan at nagbili ng alahas.
El Filibusterismo,19,ANG LAMBAL,74,Sinamahan niya sa isang paglalakbay at pinagpakitaan siya ng magandang loob ni Simoun na isinalaysay sa kaniya ang mga pamumuhay sa mga Unibersidad ng mga malalayang bansa: ¡anong laking kaibhan!
El Filibusterismo,19,ANG LAMBAL,75,Sinundan ni Placido ang mag-aalahas.
El Filibusterismo,19,ANG LAMBAL,76,"—¡Ginoong Simoun, ginoong Simoun!"
El Filibusterismo,19,ANG LAMBAL,77,—aniya.
El Filibusterismo,19,ANG LAMBAL,78,Nang mga sandaling yaon ay lululan sa sasakyan ang mang-hihiyas.
El Filibusterismo,19,ANG LAMBAL,79,Nang makilala si Placido ay tumigil.
El Filibusterismo,19,ANG LAMBAL,80,—¡Ibig ko sanang makiutang ng loob sa inyo....
El Filibusterismo,19,ANG LAMBAL,81,", dalawang salita lamang!"
El Filibusterismo,19,ANG LAMBAL,82,—ang sabi.
El Filibusterismo,19,ANG LAMBAL,83,"Si Simoun ay umanyong may pagkainip, bagay na sa katuligan ni Placido ay hindi napuna."
El Filibusterismo,19,ANG LAMBAL,84,Sa ilang salita’y isinalaysay ng binata ang nangyari sa kaniya at ipinahayag ang nasang tumungo sa Hongkong.
El Filibusterismo,19,ANG LAMBAL,85,—¿At bakit?
El Filibusterismo,19,ANG LAMBAL,86,—ang tanong ni Simoun na tinitigan si Placido sa tulong ng kaniyang mga salaming bughaw.
El Filibusterismo,19,ANG LAMBAL,87,Hindi sumagot si Placido.
El Filibusterismo,19,ANG LAMBAL,88,"Sa gayo’y tumingala si Simoun at ngumiti ng dati ring ngiting tahimik at malamlam, at sinabi kay Placido na:"
El Filibusterismo,19,ANG LAMBAL,89,—¡Siya!
El Filibusterismo,19,ANG LAMBAL,90,sumama kayo sa akin.
El Filibusterismo,19,ANG LAMBAL,91,¡Sa daang Iris!
El Filibusterismo,19,ANG LAMBAL,92,—ang sabi sa kotsero.
El Filibusterismo,19,ANG LAMBAL,93,Sa buong linakaran ay namalaging walang imik si Simoun na waring may iniisip na isang malaking bagay.
El Filibusterismo,19,ANG LAMBAL,94,Sa pag-aantay ni Placido na siya’y kausapin ay hindi bumibigkas ng anomang salita at naglibang sa pagmamasid sa maraming naglalakad na sinasamantala ang kaliwanagan ng buwan.
El Filibusterismo,19,ANG LAMBAL,95,"Mga binata, magkakaakbay na magkasintahan, mga nagkakaibigan na sinusundan ng mga maiingat na ina o mga inali; pulupulutong na mga nag-aaral na nakadamit ng puti na lalo pa manding pinatitingkad ng buwan ang kaputian; mga sungdalong halos lasing na nangakakaruahe, anim na paminsan, na dadalaw sa sambahang pawid na ukol kay Citeres; mga batang naglalaro ng tubigan, mga insik na nagtitinda ng tubo at ibp."
El Filibusterismo,19,ANG LAMBAL,96,", ang pumupuno sa dinadaanan at sa liwanag na maningning ng buwan ay nagkakaroon ng anyong mamalikmata’t mga kaayaayang ayos."
El Filibusterismo,19,ANG LAMBAL,97,Sa isang bahay ay tumutugtog ng mga balse ang orkesta at nakikita ang ilang magkalangkay na nagsasayawan sa liwanag ng mga kinke at lampara....
El Filibusterismo,19,ANG LAMBAL,98,¡napakahabag na panoorin iyon sa ganang kaniya kung ipapara sa nakikita sa mga lansangan!
El Filibusterismo,19,ANG LAMBAL,99,"At sa pag-iisip ng ukol sa Hongkong ay itinatanong sa sarili kung ang mga gabing may buwan sa pulong yaon ay kasing inam, kasing sasarap ng sa Pilipinas, at isang matinding kalungkutan ang bumalot sa kaniyang puso."
El Filibusterismo,19,ANG LAMBAL,100,Ipinag-utos ni Simoun na huminto ang sasakyan at lumunsad silang dalawa.
El Filibusterismo,19,ANG LAMBAL,101,"Nang mga sandaling yaon ay siyang pagdaraan sa kanilang tabi ni Isagani at ni Paulita Gomez na nagbubulungan ng matatamis na salita; sa likuran ay kasunod si aling Victorina na kasama si Juanito Pelaez, na malakas ang pagsasalita, nagkukukumpay at lalo pang nakukuba."
El Filibusterismo,19,ANG LAMBAL,102,Sa pagkalibang ni Pelaez ay hindi nakita ang kaniyang naging kasama sa pag-aaral.
El Filibusterismo,19,ANG LAMBAL,103,—¡Iyan ang maligaya!
El Filibusterismo,19,ANG LAMBAL,104,"—ang bulong ni Placido na nagbuntonghininga at nakatingin sa pulutong na unti unting nagiging parang anino na lamang, na ang tanging nakikitang mabuti ay ang mga bisig ni Juanito na ibinababa’t itinataas na wari’y pamagaypay ng isang gilingan."
El Filibusterismo,19,ANG LAMBAL,105,—¡Sa gayon na lamang siya magagamit—ang bulong naman ni Simoun—mabuti na ang lagay ng kabataan!
El Filibusterismo,19,ANG LAMBAL,106,¿Sino ang tinutukoy ni Placido at ni Simoun?
El Filibusterismo,19,ANG LAMBAL,107,"Hinudyatan nito ang binata, iniwan nila ang daan at nagsuot sa isang palikawlikaw na landas at mga daanang pag-itan ng ilang bahay; kung minsa’y nangagsisitalon sa maliliit na bato upang iwasan ang mumunting putikan at kung minsa’y yumuyuko upang dumaan sa bakod na masama ang pagkakayari at lalo pa manding masama ang pagkakaingat."
El Filibusterismo,19,ANG LAMBAL,108,Namangha si Placido nang makitang naglalakad sa mga pook na iyon ang mayamang mag-aalahas na wari’y sanay na sanay doon.
El Filibusterismo,19,ANG LAMBAL,109,Sa kahulihuliha’y nakarating sila sa isang wari’y kulob na malaki na may nag-iisang munting bahay na dukha na nalilibid ng sagingan at mga puno ng bunga.
El Filibusterismo,19,ANG LAMBAL,110,Ilang balangkas na kawayan at putol putol na bungbong ay nakapagpahinala kay Placido na sila’y nasa bahay ng isang kastillero.
El Filibusterismo,19,ANG LAMBAL,111,—¡A!
El Filibusterismo,19,ANG LAMBAL,112,ginoo....
El Filibusterismo,19,ANG LAMBAL,113,At dagling nanaog.
El Filibusterismo,19,ANG LAMBAL,114,—¿Nariyan na ang pulbura?
El Filibusterismo,19,ANG LAMBAL,115,—ang tanong ni Simoun.
El Filibusterismo,19,ANG LAMBAL,116,—Nangasa bayong; inaantay ko ang mga bungbong.
El Filibusterismo,19,ANG LAMBAL,117,—¿At ang mga bomba?
El Filibusterismo,19,ANG LAMBAL,118,—Nahahanda.
El Filibusterismo,19,ANG LAMBAL,119,"—Mabuti, maestro...."
El Filibusterismo,19,ANG LAMBAL,120,Ngayong gabi rin kayo lalakad at makipag-usap sa teniente at sa kabo.... at pagkatapos ay ipatuloy ang inyong lakad; sa Lamayan ay makatatagpo kayo ng isang tao sa isang bangka: pagsabihan ninyo ng “kabisa” at siya’y sasagot ng “Tales”.
El Filibusterismo,19,ANG LAMBAL,121,Kailangang dumating dito bukas.
El Filibusterismo,19,ANG LAMBAL,122,Hindi makapag-aaksaya ng panahon!
El Filibusterismo,19,ANG LAMBAL,123,At binigyan ng ilang kuwaltang ginto.
El Filibusterismo,19,ANG LAMBAL,124,—¿Bakit po ginoo?
El Filibusterismo,19,ANG LAMBAL,125,—ang tanong sa mabuting wikang kastila ng tao—¿may bagong bagay po ba?
El Filibusterismo,19,ANG LAMBAL,126,"—Oo, gagawin sa loob ng linggong darating."
El Filibusterismo,19,ANG LAMBAL,127,—¡Sa linggong darating!
El Filibusterismo,19,ANG LAMBAL,128,—ang ulit ng tao na napaurong—ang mga arabal ay hindi pa handa; inaantay na iurong ng General ang utos.... ang akala ko’y ipagpapaliban hanggang sa pagpasok ng kurisma.
El Filibusterismo,19,ANG LAMBAL,129,Umiling si Simoun.
El Filibusterismo,19,ANG LAMBAL,130,"—Hindi na natin kakailanganin ang mga arrabal—ang sabi—ang mga tao ni kabisang Tales, ang mga naging karabinero at isang regimiento ay sapat na."
El Filibusterismo,19,ANG LAMBAL,131,Kung ipagpapaliban pa marahil ay patay na si Maria Clara!
El Filibusterismo,19,ANG LAMBAL,132,¡Lumakad kayong agad!
El Filibusterismo,19,ANG LAMBAL,133,Ang lalaki’y nawala.
El Filibusterismo,19,ANG LAMBAL,134,Kaharap si Placido sa maikling pag-uusap na ito’t nadingig ang lahat; nang inaakalang nakaaninaw siya ng bahagya ay nanindig ang kaniyang buhok at tiningnan si Simoun ng matang gulat.
El Filibusterismo,19,ANG LAMBAL,135,Si Simoun ay nakangiti.
El Filibusterismo,19,ANG LAMBAL,136,—Ipinagtataka ninyo—ang sabing malamlam ang ngiti—na ang indiong iyan na masama ang suot ay makapagsalitang mabuti ng wikang kastila?
El Filibusterismo,19,ANG LAMBAL,137,"Naging guro sa paaralan, na nagpumilit na turuan ng kastila ang mga bata at hindi nagtigil hanggang naalis sa tungkulin at napatapon dahil sa salang panggugulo ng katiwasayang bayan at sapagka’t naging kaibigan ng kaawaawang Ibarra."
El Filibusterismo,19,ANG LAMBAL,138,Kinuha ko sa kinatapunan na ang inaatupag doon ay ang pagtatanim ng niyog at ginawa kong magkakastillo.
El Filibusterismo,19,ANG LAMBAL,139,Nangagsibalik sa daan at palakad na tumungo sa dakong Trozo.
El Filibusterismo,19,ANG LAMBAL,140,"Sa harapan ng isang munting bahay na tabla, na ang anyo’y masaya at malinis, ay may isang kastila na naniniin sa isang tungkod at nag-aaliw sa liwanag ng buwan."
El Filibusterismo,19,ANG LAMBAL,141,Tinungo siya ni Simoun; nang makita ito ng kastila ay nagtangkang tumindig na tinimpi ang isang daing.
El Filibusterismo,19,ANG LAMBAL,142,—¡Humanda kayo!
El Filibusterismo,19,ANG LAMBAL,143,—ani Simoun sa kaniya.
El Filibusterismo,19,ANG LAMBAL,144,—¡Kailan ma’y handa ako!
El Filibusterismo,19,ANG LAMBAL,145,—Sa linggong darating!
El Filibusterismo,19,ANG LAMBAL,146,—¿Na ba?
El Filibusterismo,19,ANG LAMBAL,147,—¡Sa unang putok ng kanyon!
El Filibusterismo,19,ANG LAMBAL,148,At lumayong kasunod si Placido na nagsisimula na ng pagtatanong sa sarili kung siya’y nananaginip.
El Filibusterismo,19,ANG LAMBAL,149,—Ikinatataka ninyo—ang tanong sa kaniya ni Simoun—ang pagkakita sa isang kastilang bata pa’y salanta nang lubha ng mga sakit?
El Filibusterismo,19,ANG LAMBAL,150,"May mga dalawang taon lamang na iyan ay kasingtibay ninyo sa pangangatawan, ngunit nagawa ng kaniyang mga kalaban na siya’y maipadala sa Balabak upang gumawa roong kasama ng isang pangkat na disciplinaria, at naiyan at tingnan ninyong may isang reuma at isang walang likat na lagnat na nag-aaboy sa kaniya sa libingan."
El Filibusterismo,19,ANG LAMBAL,151,Ang kahabaghabag na iyan ay nag-asawa sa isang magandang babai......
El Filibusterismo,19,ANG LAMBAL,152,At sa dahilang nagdaan ang isang sasakyang walang lulan ay pinahinto ni Simoun at napahatid na kasama si Placido sa kaniyang bahay sa daang Escolta.
El Filibusterismo,19,ANG LAMBAL,153,Nang mga sandaling iyon ay tinutugtog sa mga orasan ng mga simbahan ang ika sampu at kalahati ng gabi.
El Filibusterismo,19,ANG LAMBAL,154,"Makaraan ang dalawang oras ay nilisan ni Placido ang bahay ng mag-aalahas at walang imik at nagiisip na lumakad sa Escolta, na wala nang katao tao kahi’t na masaya pa rin ang mga “cafe”."
El Filibusterismo,19,ANG LAMBAL,155,Mangisangisang sasakyan ay nangagdadaang matulin na nag-uumugong ng katakot-takot sa ibabaw ng dinadaanang gasgas na batong nakalatag sa lansangan.
El Filibusterismo,19,ANG LAMBAL,156,"Mula sa isang silid ng kaniyang tahanang nakaharap sa ilog Pasig ay tinatanaw ni Simoun ang bayang kupkop ng muog na nakikita sa mga durungawang bukas ang mga bubong na hierro galvanizado na pinakikinang ng buwan, at ang kaniyang mga torre na nababadhang malulungkot, bagol, malalamlam, sa gitna nang mapanatag na anyo ng gabi."
El Filibusterismo,19,ANG LAMBAL,157,"Si Simoun ay nag-alis ng salaming bughaw sa mata, ang kaniyang maputing buhok na wari’y kulob na pilak ay nakalibid sa kaniyang matigas at sunog na mukha na malamlam, na naliliwanagan ng isang lampara, na ang ilaw ay waring mamamatay dahil sa kakulangan sa petroleo."
El Filibusterismo,19,ANG LAMBAL,158,Dahil mandin sa isang bagay na iniisip ay hindi napupuna ni Simoun na untiunting namamatay ang lampara at lumalaganap ang kadiliman.
El Filibusterismo,19,ANG LAMBAL,159,"—Sa loob ng ilang araw—ang bulong—pag nag-alab ang apat na tagiliran ng sinumpang bayang iyan na tirahan ng mga mapagpalalong walang namumuwangan at ng walang awang panggagaga sa mangmang at sa nagigipit; pag ang pagkakagulo ay mangyari na sa mga arrabal at palusubin ko sa mga lansangan ang aking mga taong manghihiganti na ibinunga ng mga panggagahis at kamalian, ay saka ko bubuksan ang muog ng iyong bilangguan, aagawin kita sa kamay ng dalubhasang pananalig, at maputing kalapati, magiging Fenix kang muling sisipot sa mainit na abo....!"
El Filibusterismo,19,ANG LAMBAL,160,"Isang panghihimagsik na binalak ng mga tao sa gitna ng kadiliman ay siyang naglayo sa akin sa piling mo; isa namang paghihimagsik din ang mag-aaboy sa akin sa mga bisig mo, bubuhay sa aking muli at ang buwang iyan, bago sumapit sa kaniyang kabilugan ay tatanglawan ang Pilipinas na linis na sa karimarimarim niyang yamutmot."
El Filibusterismo,19,ANG LAMBAL,161,Biglang huminto si Simoun na waring natigilan.
El Filibusterismo,19,ANG LAMBAL,162,"Isang tingig ang tumatanong sa loob ng kaniyang budhi kung siya, si Simoun, ay hindi bahagi rin ng yamutmot ng kalaitlait na bayan, o marahil ay siya pa ang bulok na may lalong masidhing singaw."
El Filibusterismo,19,ANG LAMBAL,163,"At kagaya ng mga magbabangong patay pagtugtog ng pakakak na kakilakilabot ay libo libong marugong multo, mga aninong nanggigipuspos ng mga lalaking pinatay, mga babaing ginahasa, mga amang inagaw sa kanilang mga anak, masasamang hilig na inudyukan at pinalusog, mga kabaitang hinalay, ay nangagsipagbangon ngayon sa tawag ng matalinghagang katanungan."
El Filibusterismo,19,ANG LAMBAL,164,"Noon lamang, sa kaniyang masamang pamumuhay sapol nang sa Habana, sa tulong ng masamang hilig ng pagsuhol ay tinangka niya ang pagyari ng isang kasangkapan upang magawa ang kaniyang mga balak, isang taong walang pananalig, walang pag-ibig sa bayan at walang budhi, noon lamang, sa kabuhayang yaon, tumataliwakas ang isang bagay sa loob niyang sarili at tumututol ng laban sa kaniyang mga inaasal."
El Filibusterismo,19,ANG LAMBAL,165,"Ipinikit ni Simoun ang kaniyang mga mata at malaong namalagi na walang katinagtinag; matapos ay hinaplos ang kaniyang noo, ayaw silayan ang kaniyang budhi at natakot."
El Filibusterismo,19,ANG LAMBAL,166,"Ayaw, ayaw suriin ang kaniyang sarili, kinulang siya ng katapangan upang lingunin ang dakong kaniyang dinaanan...."
El Filibusterismo,19,ANG LAMBAL,167,"Kulangin pa naman siya ng katapangan nang nalalapit na ng sandali ng pagkilos, kulangin siya ng paniniwala, ng pananalig sa sarili!"
El Filibusterismo,19,ANG LAMBAL,168,"At sa dahilang ang mga kakilakilabot na larawan ng mga sawing palad, na siya ay nakatulong sa sinapit, ay nasa sa kaniyang harapan pa rin na wari’y nangagsisipanggaling sa makinang na ibabaw ng ilog at nilulusob ang silid na sinisigawan siya’t inilalahad sa kaniya ang mga kamay; sa dahilang ang mga sisi at panaghoy ay waring namumuno sa hangin at nadidingig ang mga pagbabala at mga sigaw ng paghihiganti ay inilayo ang kaniyang tingin sa durungawan at marahil ay noon lamang siya nanginig."
El Filibusterismo,19,ANG LAMBAL,169,"—Hindi, marahil ay may sakit ako, marahil ay masama ang aking katawan—ang bulong—marami ang nagagalit sa akin, ang mga naghihinalang ako ang sanhi ng kanilang kasawian, ngunit....."
El Filibusterismo,19,ANG LAMBAL,170,At sa dahilang nararamdamang nag-aalab ang kaniyang noo ay tumindig at lumapit sa durungawan upang sagapin ang malamig na simuy sa gabi.
El Filibusterismo,19,ANG LAMBAL,171,"Sa kaniyang paanan ay pinauusad ng ilog Pasig ang kaniyang pilak na agos, na sa ibabaw ay nanghihinamad na kumikinang ang mga bulang umiikit, sumusulong at umuurong na sumusunod sa lakad ng mumunting uliuli."
El Filibusterismo,19,ANG LAMBAL,172,"Ang siyudad ay natatayo sa kabilang ibayo at ang kaniyang maiitim na muog ay nakikitang nakakikilabot, matalinghaga, at napapawi ang kaniyang karukhaan sa liwanag ng buwan na nakapagpaparikit at nagpapaganda sa lahat ng bagay."
El Filibusterismo,19,ANG LAMBAL,173,"Datapwa’t si Simoun ay muling nangilabot; waring nakita sa kaniyang harapan ang mabagsik na mukha ng kaniyang ama, na namatay sa bilangguan, ngunit namatay dahil sa paggawa ng mabuti, at ang mukha ng isa pang lalaki na lalo pang mabagsik, ng isang lalaking nagdulot ng buhay ng dahil sa kaniya, dahil sa inaakalang kaniyang hahanapin ang ikabubuti ng kaniyang bayan."
El Filibusterismo,19,ANG LAMBAL,174,"—Hindi, hindi ako makauurong—ang bulalas na pinahid ang pawis ng kaniyang noo—ang gawain ay magtatapos na at ang kaniyang pagtatagumpay ay siyang magbibigay katwiran sa akin...."
El Filibusterismo,19,ANG LAMBAL,175,Kung ako’y gumaya sa inyo ay nasawi ako marahil....
El Filibusterismo,19,ANG LAMBAL,176,"Siya na ang pangangarap, siya na ang maling pagkukuro!"
El Filibusterismo,19,ANG LAMBAL,177,"Apoy at patalim sa bikat, parusa sa kasamaan, at masira pagkatapos kung masama ang kasangkapan!"
El Filibusterismo,19,ANG LAMBAL,178,"Hindi, pinag-isip ko nang mabuti, ngunit ako’y nilalagnat ngayon.... ang pag-iisip ko’y uulik-ulik.... talaga.... kung ginawa ko ang kasamaan ay upang makapala ng kabutihan at ang napapala’y siyang nagliligtas sa kaparaanan...."
El Filibusterismo,19,ANG LAMBAL,179,Ang gagawin ko’y ang huwag mapara....
El Filibusterismo,19,ANG LAMBAL,180,At nahigang gulo ang pag-iisip at tinangkang makatulog.
El Filibusterismo,19,ANG LAMBAL,181,Nang kinabukasan ay pinakinggang nakasukot at nakangiti ni Placido ang pangaral ng kaniyang ina.
El Filibusterismo,19,ANG LAMBAL,182,Nang tinuran nito sa kaniya na makikiusap sa procurador ng mga agustino ay hindi tumutol ni humadlang man lamang; kundi bagkus pa ngang humandog na siya na ang gagawa upang maibisan ng kagambalaan ang kaniyang ina na pinamanhikang bumalik na kaagad sa kanilang lalawigan at kung mangyayari’y sa araw ding yaon.
El Filibusterismo,19,ANG LAMBAL,183,Itinanong sa kaniya ni kabisang Andang kung bakit.
El Filibusterismo,19,ANG LAMBAL,184,—Sa dahilang.... sa dahilang kung mabatid ng prokurador na naririto kayo ay hindi gagawin ang inyong kahilingan samantalang hindi muna siya nabibigyan ng anomang handog at ilang pamisa.
El Filibusterismo,20,ANG NAGPAPALAGAY,1,"Tunay ang sinabi ni P. Irene: ang ukol sa akademia ng wikang kastila, na malaon nang iniharap, ay tumutungo na sa isang pagkalutas."
El Filibusterismo,20,ANG NAGPAPALAGAY,2,"Si D. Custodio, ang masipag na si D. Custodio, ang lalong masipag sa lahat ng mga nagpapalagay sa buong mundo, alinsunod kay Ben-Zayb, ay siyang tumutungkol sa kaniya at dinadaan ang mga maghapunan sa pagbabasa sa mga kasulatan at nakakatulog nang walang naipapasiyang anoman: babangon sa kinabukasan, gayon din ang gagawin, matutulog na muli at sunod sunod na gayon ang nangyayari."
El Filibusterismo,20,ANG NAGPAPALAGAY,3,"¡Gaano ang iginagawa ng kaawaawang ginoo, ang lalong masipag sa lahat ng nagpapalagay sa Sangsinukob!"
El Filibusterismo,20,ANG NAGPAPALAGAY,4,"Ibig niyang makalusot doon, sa paraang mabigyang loob ang lahat, ang mga prayle, ang mataas na kawani, ang kondesa, si P. Irene at ang kaniyang mga pagkukurong labusaw."
El Filibusterismo,20,ANG NAGPAPALAGAY,5,"Nagtanong kay G. Pasta at siya’y hinilo at linito ni G. Pasta matapos na mahatulan siya ng isang yutang bagay na magkakalaban at hindi mangyayari; nagtanong kay Pepay na mananayaw, at ang mananayaw na si Pepay, na hindi nakatatarok ng pinag-uusapan, ay umikot ng isang ikot, hiningan siya ng dalawang pu’t limang piso upang ipagpalibing sa isang ali niya na biglang kamamatay ng ikalimang pagkamatay, o ipagpapalibing sa ikalimang ali na namatay sa kaniya, alinsunod sa lalong masaklaw na paliwanag, matapos na mahinging mapasok na auxiliar de fomento ang isa niyang pinsang lalaki na marunong bumasa, sumulat at tumugtog ng biolin, mga bagay bagay na pawang malayong makapag-bigay kay D. Custodio ng isang hakang makapagliligtas."
El Filibusterismo,20,ANG NAGPAPALAGAY,6,"Makaraan ang dalawang araw ng pangyayari sa periya sa Kiyapo, ay gumagawa si D. Custodio, na gaya ng dati, na pinag-aaralan ang mga kasulatan na hindi matagpo ang kailangang panglutas."
El Filibusterismo,20,ANG NAGPAPALAGAY,7,"Datapwa’y samantalang naghihikab, umuubo, humihitit ng tabako at inaalaala ang mga ikot at mga hita ni Pepay, ay babanggitin namin ang ilang bagay ng mataas na taong ito, upang makilala ang katwiran na kung bakit siya ang ipinalagay ni P. Sibyla na lumutas ng matinik na salitaan at kung bakit tinanggap naman ng kabilang pangkat."
El Filibusterismo,20,ANG NAGPAPALAGAY,8,Si D. Custodio de Salazar y Sanchez de Monteredondo (p.
El Filibusterismo,20,ANG NAGPAPALAGAY,9,") Buenatinta ay nalalahok diyan sa bahagi ng sosyedad sa Maynila na hindi nakakikilos ng isang hakbang na hindi sinasabitan sa likod at harap ng mga pamahayagan ng libo libong bansag at tinatawag siyang walang kapaguran, bantog, maingat, masipag, malirip, matalino, bihasa, mayaman, ibp."
El Filibusterismo,20,ANG NAGPAPALAGAY,10,", na waring ipinangingilag na ipagkamali sa ibang may gayon ding pangalan at bansag na bulagbul at mangmang."
El Filibusterismo,20,ANG NAGPAPALAGAY,11,At saka wala namang kasamaang iaanak ang gayon at hindi nagagambala ang previa censura.
El Filibusterismo,20,ANG NAGPAPALAGAY,12,"Ang Buena Tinta ay galing sa kaniyang pakikipagkaibigan kay Ben-Zayb, nang ito, sa dalawang matunog na pakipagtunggali na inabot ng buwanan at lingguhan sa mga tudling ng pahayagan ukol sa kung nararapat o hindi gumamit ng sombrerong hongo, de copa o salakot, at kung ang paggamit ng ukol sa marami ng salitang caracter ay dapat maging caracteres at hindi caracteres, upang patibayan ang kaniyang mga pangangatwiran ay lumulusot kailan man sa mga salitang “constanos de buena tinta”, “lo sabemos de buena tinta” at ibp."
El Filibusterismo,20,ANG NAGPAPALAGAY,13,"at napag-alaman pagkatapos, sapagka’t sa Maynila ay napag-aalaman ang lahat ng bagay, na ang buena tintang ito ay dili iba’t si D. Custodio de Salazar y Sanchez de Monteredondo."
El Filibusterismo,20,ANG NAGPAPALAGAY,14,"Batang bata pa ng dumating sa Maynila, na may isang mabuting katungkulan na siyang nakapagparaan sa kaniyang makapag-asawa sa isang magandang mestisa na isa sa mga magkakaanak na lalong mayaman sa siyudad."
El Filibusterismo,20,ANG NAGPAPALAGAY,15,"Sapagka’t may likas na katalinuhan, kapangahasan at walang pagkatigatig, ay natutong samantalahin ang lipunang kaniyang kinalalagyan, at sa tulong ng salapi ng kaniyang asawa ay nangalakal at tumanggap ng anomang pagawa ng Pamahalaan at ng Ayuntamiento, kaya’t ginawa tuloy siyang konsehal, pagkatapos ay alkalde, kagawad ng Sociedad Economica de Amigos del Pais, kasangguni ng Pangasiwaan, Pangulo ng Lupong Nangangasiwa sa Obras Pias, kagawad sa Lupong ng Kawanggawa, conciliario ng Banco Español Filipino, at iba’t iba pa."
El Filibusterismo,20,ANG NAGPAPALAGAY,16,"At huwag akalaing ang iba’t iba pang ito ay kagaya ng karaniwang inilalagay matapos na mabanggit ang isang mahabang tala ng mga kabunyian: si D. Custodio, kahi’t hindi nakatunghay kailan man ng anomang aklat na ukol sa Higiene, ay nakasapit hanggang sa pagiging pangalawang pangulo ng Junta de Sanidad sa Maynila, kahi’t tunay din naman na sa walong bumubuo ng Lupon ay isa lamang ang kailangang maging manggagamot at ang isang ito’y hindi mangyayaring maging siya."
El Filibusterismo,20,ANG NAGPAPALAGAY,17,"Gayon di’y naging kagawad ng Junta Central sa pagbabakuna, na binubuo ng tatlong manggagamot at pitong walang pagkabatid sa bagay na iyon, na sa mga ito’y isa ang arsobispo at ang tatlo’y mga provincial: nakakapatid sa mga cofradia at archicofradia, at, gaya ng naunawa na natin, ay kagawad na magpapalagay sa Kataastaasang Lupon ng Paaralang bayan na hindi laging kumikilos, mga sanhing higit na sa kailangan upang balutin siya ng mga pamahayagan ng mga palayaw, kailan ma’t naglalakbay o nagbabahin."
El Filibusterismo,20,ANG NAGPAPALAGAY,18,"Kahi’t na may maraming tungkulin, si D. Custodio, ay hindi kabilang ng mga natutulog sa mga pagpupulong at nasisiyahan nang kagaya ng mga kinatawang kimi at tamad na makikiboto na lamang sa lalong marami."
El Filibusterismo,20,ANG NAGPAPALAGAY,19,"Hindi kagaya ng maraming hari sa Europa na nagtataglay ng kabunyiang hari sa Jerusalem, pinaghahari ni D. Custodio ang kaniyang kalagayan at sinasamantala ang lahat ng mapapakinabang dito, ikinukunot na mabuti ang kilay, pinalalaki ang boses, umuubo sa pagsasalita at madalas na siya na lamang ang umuubos ng isang pagpupulong dahil sa pagsasalaysay ng isang kabuhayan, paghaharap ng isang panukala o paglaban sa isang kasama na nakainipan niya."
El Filibusterismo,20,ANG NAGPAPALAGAY,20,"Kahi’t hindi pa siya lumalampas sa apat na pung taon ay nagsasalita na noong dapat daw magdahandahan sa paggawa ng anoman, na iwan munang mahinog ang bubot na bunga ng higuera, at idinudugtong na marahan ¡mga milon!"
El Filibusterismo,20,ANG NAGPAPALAGAY,21,"—nagsasalita ng ukol sa paglirip na mabuti at paglakad ng marahan, ng pangangailangang kilalanin muna ang bayan, na ang mga hilig ng indio ay paganito, na ang karangalan ng pangalang kastila, na sa dahilang una muna ang mga kastila, na ang pananampalataya at ibp."
El Filibusterismo,20,ANG NAGPAPALAGAY,22,"Naaalala pa sa Maynila ang isa niyang talumpati ng unang ipalagay ang pag-iilaw ng petroleo, bilang kahalili ng dating langis ng niyog: sa pagbabagong iyon ay hindi nakita ang pagkamatay ng paggawa ng langis kundi ang tutubuin ng isang konsehal—sapagka’t si D. Custodio ay may matalas na pangamoy—at humadlang ng inubos ang lahat ng tunog ng kaniyang boses, na ipinalagay na ang panukala ay wala sa panahon at hinulaang magkakaroon ng malalaking sakunang bayan."
El Filibusterismo,20,ANG NAGPAPALAGAY,23,"Hindi rin huli sa kabantugan ang kaniyang paghadlang sa isang pananapatan na ibig gawin ng ilan sa isang gobernador bago umalis: si D. Custodio na mayroong kaunting sama ng loob dahil sa ilang paghiya sa kaniya, na hindi na namin naaalala, ay natutong ikalat ang balibalitang ang talang darating ay kalabang masidhi ng aalis, bagay na ipinangamba ng mga mananapat kaya’t hindi natuloy."
El Filibusterismo,20,ANG NAGPAPALAGAY,24,Isang araw ay hinatulan siyang bumalik sa España upang magpagamot ng isang sakit sa atay at binanggit siya ng mga pahayagan na wari’y isang Anteo na nangangailangang tumuntong sa Inang bayan upang kumuha ng mga panibagong lakas; ngunit ang Anteong taga Maynila ay nangunti at nawalang kabuluhan sa Corte.
El Filibusterismo,20,ANG NAGPAPALAGAY,25,Doon ay hindi siya gasino at hinahanaphanap ang kaniyang mga kaibigibig na bansag.
El Filibusterismo,20,ANG NAGPAPALAGAY,26,"Hindi siya nakahalobilo ng mga lalong mayayaman, ang kakulangan niya sa pinag-aralan ay hindi makapagbigay sa kaniya ng malaking kahalagahan sa mga lipunang ukol sa karunungan at mga akademia, at dahil sa kaniyang pagkakahuli at pagtataglay ng politikang kombento ay litong umaalis sa mga lipunan, walang kasiyahang loob, muhi, at walang malinawan kundi ang doo’y kinukunan ng kuwalta ang tanga at doo’y malakas ang sugal."
El Filibusterismo,20,ANG NAGPAPALAGAY,27,"Inaalala ang kaniyang masunuring mga utusan sa Maynila na nangagtitiis sa lahat ng kaniyang nakayayamot na maibigan, at sa gayon ay nakikita niyang ang mga yaon ay siyang mabuti; sa dahilang sa taglamig ay nangailangan siyang maglalapit sa dupaan at kung hindi’y makasasagap ng isang pamamaga ng baga ay ipinagbubuntong hininga ang pag-aalala sa taglamig sa Maynila na sukat na ang magtaglay ng isang bufanda; wala ang kaniyang hiligan at ang batang tagapamaypay kung taginit; sa isang sabi, sa Madrid ay naging isa siya sa mga pangkaraniwan, at, kahi’t na mayroon siyang mga brillante, minsan ay pinagkamalan siyang paleto na hindi marunong umimbay, at minsan ay pinagkamalan siyang indiano, kinutya ang kaniyang mga pagnganganingani at talampak siyang inuto ng ilang mangungutang na kaniyang hiniya."
El Filibusterismo,20,ANG NAGPAPALAGAY,28,"Muhi sa mga conservador, na hindi pinahalagahan ang kaniyang mga payo, na gaya rin naman sa mga kakabitkabit sa kaniyang humihitit sa kaniyang bulsa, ay sumapi sa pangkating liberal, at bago matapos ang taon ay bumalik sa Pilipinas, na, kung hindi man magaling na sa sakit sa atay ay gulong gulo naman ang paghahaka."
El Filibusterismo,20,ANG NAGPAPALAGAY,29,"Ang labing isang buwang ipinamuhay niya sa Corte na dinaang kahalobilo ng mga politikong tindahan, mga walang pinapasukan ang lahat halos; ang ilang talumpating nadingig sa mga suloksulok, ang gayon o ganitong lathalang laban sa pamamahala at lahat noong pamumuhay sa politika na nalalangap doon, mula sa pagupitan, sa pag-itan ng mga paggupit ng Figaro, na naghahayag ng kaniyang patakaran, hanggang sa mga pigingan na pinaghahayagan, sa pamag-itan ng maiinam na pagsasalaysay at mga nakabibighaning banggit ng mga sarisaring kulay ng mga pananalig sa suliraning bayan, ang mga pagkakaiba, mga pagtiwalag, mga di kasiyahang loob, at ibp."
El Filibusterismo,20,ANG NAGPAPALAGAY,30,", ang lahat ng iyon, samantalang siya’y lumalayo sa Europa, ay muling nabubuhay nang lubhang malusog sa kaniyang alaala, na wari’y binhing natanim, na napipiglang lumaki ng mga malalabay na punong nakatatakip, kaya’t ng dumaong sa Maynila ay inakalang ito’y maiaayos niya, at gayon nga, taglay ang lalong banal na adhika at ang lalong malilinis na mithi."
El Filibusterismo,20,ANG NAGPAPALAGAY,31,"Sa mga unang buwan ng kaniyang pagdating ay wala nang nababanggit kundi ang Madrid, ang kaniyang mabubuting kaibigan, ang ministrong si ganoon, ang naging ministrong si ganito, ang kinatawang C, ang manunulat na si B; walang pangyayari sa politika, mga kagusutan sa Corte, na hindi niya batid ang lalong kaliitliitang pangyayari, ni mga taong bantog na hindi niya kilala ang lihim ng kabuhayan, ni walang nangyaring hindi niya hinulaan ni paglalathala ng isang pagbabagong hindi muna isinanguni sa kaniya; at ang lahat nang ito’y may kalahok na pagsundot sa mga conservador, na taglay ang tunay na pagkasuklam, pagpupuri sa pangkating liberal, isang kabuhayan dito, isang salita doon ng isang bantog na tao, na ipinapatlang, na waring hindi kinukusa, ang mga pag-aalog sa kaniya at mga tungkuling hindi tinanggap upang huwag lamang magkaroon siya ng ano mang utang na loob sa mga conservador."
El Filibusterismo,20,ANG NAGPAPALAGAY,32,"Napakalaki ang kapusukan niya ng mga unang araw na iyon, na ang ilan sa kausap-usap sa tindahan ng mga sarisaring kakanin na dinadalaw niyang maminsanminsan ay nangagsisapi sa pangkating liberal, at nagpanggap nang liberal si D. Eulogio Badana, sargento retirado sa carabinero; ang marangal na si Armendia, piloto at matalik na carlista; si D. Eusebio Picote, kawani sa aduana, at si Don Bonifacio Tacon, sapatero at talabartero."
El Filibusterismo,20,ANG NAGPAPALAGAY,33,"Gayon man, ang mga sigabo, dahil sa kakulangan ng tunggalian at mga bagay na makapag-udyok, ay unti-unting napawi."
El Filibusterismo,20,ANG NAGPAPALAGAY,34,"Hindi niya binabasa ang mga pamahayagang dumarating sa kaniyang buhat sa España, sapagka’t balubalutan kung tanggapin at ang pagkakita noon ay nakapagpapahikab sa kaniya; ang mga paghahakang kaniyang napulot na pawang gamit na, ay nangangailangan ng abuloy na dagdag, at doo’y wala ang kaniyang mga mananalumpati; at kahi’t na malalakas ang laro sa mga casino sa Maynila at mayroon ding nangingristo, gaya ng sa mga lipunan sa Madrid, gayon man ay hindi naman ipinahihintulot sa mga tinuran ang ano mang talumpati upang buhayin ang mga imbot sa politika."
El Filibusterismo,20,ANG NAGPAPALAGAY,35,"Ngunit si D. Custodio ay hindi tamad; gumagawa ng higit sa pagnanasa lamang, kumikilos; at sa pagkakilala niyang sa Pilipinas siya malilibing at sa pag-aakalang yaon ang kaniyang makikilusan, ay pinag-ukulan ng kaniyang mga pagsusumikap at inakalang mapabubuti sa pagbabalak ng maraming pagbabago at mga panukalang kawiliwili."
El Filibusterismo,20,ANG NAGPAPALAGAY,36,"Siya, ang dahil sa nadingig sa Madrid ang pag-uusap ng ukol sa mga daang nilalatagan nang kahoy sa Paris, na noon ay hindi pa ginagawa sa España, ay nagpalagay na gawin sa Maynila, sa paraang maglatag ng mga tabla sa mga lansangan at ipagpako na gaya ng nakikita sa mga bahay-bahay; siya, ang dahil sa mga kasawiang nangyayari sa mga sasakyang dadalawa ang gulong, at upang maiwasan, ay ipinalagay na magtaglay ng tatlo man lamang; siya rin naman, ang samantalang gumaganap sa pagka pangalawang pangulo ng Junta de Sanidad ay nakaisip na wiligan ng panglinis ang lahat ng bagay, sampu ng mga balitang pahatid kawad na galing sa mga bayang may sakit na nakahahawa; siya rin ang, sa pagkahabag sa mga presidiario na nangagsisigawa sa init ng araw at sa pagnanasang makapagtipid ang Pamahalaan sa paggugol sa mga kasuotan noon, ay ipinalagay na suotan na lamang ng isang bahag at pagawin sa gabi at huwag sa umaga."
El Filibusterismo,20,ANG NAGPAPALAGAY,37,"Nahahanga at namumuhi, na, ang kaniyang mga palagay ay makatagpo ng humahadlang; ngunit kinakalamay ang sarili pag naiisip na ang taong may halaga, ay sadyang may kalaban, at naghihiganti naman siya sa paraang pagtuligsa at pagpapawalang kabuluhan sa lahat ng panukala, maging masama o maging mabuti, na iharap ng iba."
El Filibusterismo,20,ANG NAGPAPALAGAY,38,"Sapagka’t ipinagmamalaki ang kaniyang pagkalabusaw, kailan ma’t matatanong siya kung ano ang palagay sa mga indio ay karaniwang isagot na, nararapat sa mga gawain sa kamay at mga artes imitativas (ang ibig sabihin ay musika, pintura at eskultura), at idinadagdag ang kaniyang matandang pabuntot, na, upang makilala sila’y kailangang bumilang ng maraming maraming taong pamumuhay sa lupaing yaon."
El Filibusterismo,20,ANG NAGPAPALAGAY,39,"Gayon man, kung nakadidingig na may napapabantog sa anoman na hindi dahil sa mga gawain sa kamay o arte imitativa, sa kimika, sa medisina o pilosopia, sa halimbawa, ay sinasabi niyang: ¡Psh!"
El Filibusterismo,20,ANG NAGPAPALAGAY,40,maaari....
El Filibusterismo,20,ANG NAGPAPALAGAY,41,¡hindi tanga!
El Filibusterismo,20,ANG NAGPAPALAGAY,42,at sinasapantaha niya na ang indiong iyon ay may maraming dugong kastila sa ugat; at kung hindi niya makitaan kahi’t na magpilit ay humahanap naman ng isang pinanggalingang hapon: noon ay nagsisimula ang gawi na iukol sa mga hapon at sa mga arabe ang anomang mabuting bagay na taglay ng pilipino.
El Filibusterismo,20,ANG NAGPAPALAGAY,43,"Sa kay D. Custodio, ang kundiman, ang balitaw, ang kumintang ay mga tugtuging arabe, gaya rin naman ng mga titik sa pagsulat ng matatandang pilipino, at sa bagay na ito’y wala siyang pag-aalinlangan, kahi’t hindi niya kilala ang arabe, ni hindi man siya nakakita ng katitikang pilipino."
El Filibusterismo,20,ANG NAGPAPALAGAY,44,—¡Arabe at lubos na arabe!
El Filibusterismo,20,ANG NAGPAPALAGAY,45,"—aniya kay Ben-Zayb sa isang pagsasabing hindi matutulan—kung dili man, ay insik."
El Filibusterismo,20,ANG NAGPAPALAGAY,46,At idinudugtong pang may kindat na makahulugan:
El Filibusterismo,20,ANG NAGPAPALAGAY,47,"—Walang wala, walang bagay na sadyang likas ang mga indio, ¿batid ninyo?"
El Filibusterismo,20,ANG NAGPAPALAGAY,48,"Malaki ang pagmamahal ko sa kanila; ngunit hindi sila dapat purihin, sapagka’t nangagmamalaki at nagiging mga kahabaghabag."
El Filibusterismo,20,ANG NAGPAPALAGAY,49,Kung minsa’y sinasabi na:
El Filibusterismo,20,ANG NAGPAPALAGAY,50,"—Pinakamamahal ko ang mga indio, ako’y lumalagay nang para nilang ama’t tagapagtanggol, ngunit kailangang ang bawa’t bagay ay malagay sa nararapat kalagyan."
El Filibusterismo,20,ANG NAGPAPALAGAY,51,"Ang iba’y ipinanganak upang mag-utos at ang iba’y upang sumunod; kung sa bagay ay hindi masasabing malakas ang katunayang ito, datapwa’y ginagawa nang walang maraming salitaan."
El Filibusterismo,20,ANG NAGPAPALAGAY,52,"At tingnan ninyo, ang paraan ay walang kahiraphirap."
El Filibusterismo,20,ANG NAGPAPALAGAY,53,"Pag kailangan ninyong piglan ang bayan ay paliwanagan ninyong siya’y pigil; tatawa sa unang araw, sa ikalawa’y tututol, sa ikatlo ay mag-aalinlangan at sa ikaapat ay panalig na panalig na."
El Filibusterismo,20,ANG NAGPAPALAGAY,54,"Upang mapalagi ang pilipino sa pagkamasunurin, ay kailangang uulit-ulitin sa kaniya sa araw-araw na siya’y gayon at pananaliging siya’y walang magagawa."
El Filibusterismo,20,ANG NAGPAPALAGAY,55,"¿Sa isang dako naman, ay ano pa’t mananalig siya sa ibang bagay kung masasawi lamang?"
El Filibusterismo,20,ANG NAGPAPALAGAY,56,"Paniwalaan ninyo ako, isang kawanggawa ang palagiin ang bawa’t isa sa kalagayang kinaroroonan; diyan naririyan ang kaayusan, ang pagkakasundo."
El Filibusterismo,20,ANG NAGPAPALAGAY,57,Iyan ang lihim ng karunungan sa pamamahala.
El Filibusterismo,20,ANG NAGPAPALAGAY,58,Kung tinutukoy ni D. Custodio ang kaniyang paraan sa pamamahala ay di na nasisiyahan sa salitang arte.
El Filibusterismo,20,ANG NAGPAPALAGAY,59,"At pagsasabi niya ng pamamahala ay iniuunat ang kamay na ibinababa hanggang sa taas ng isang taong nakaluhod, nakaukod."
El Filibusterismo,20,ANG NAGPAPALAGAY,60,"Tungkol naman sa pananampalataya ay ipinagmamalaki ang kaniyang pagkakatoliko, lubos na katoliko, ¡a!"
El Filibusterismo,20,ANG NAGPAPALAGAY,61,"ang katolikang España, ang lupain ni Maria Santisima!...."
El Filibusterismo,20,ANG NAGPAPALAGAY,62,"Ang isang labusaw ay maaari at dapat maging katoliko doon sa pook na, ipinalalagay sila ng mga kalaban ng pagkakasulong, na sila’y mga diosdiosan o santo man lamang, gaya nang pangyayaring ang isang kayumanggi ay inaaring maputi sa Kapreria."
El Filibusterismo,20,ANG NAGPAPALAGAY,63,"Gayon man, ay kumakain siya ng lamang kati sa buong kurisma, tangi lamang sa Viernes Santo; hindi nagkukumpisal kailan man, hindi naniniwala sa mga kababalaghan, ni sa hindi pagkakamali ng Papa, at kung nagsisimba, ay nagsisimba sa ika sampu ng umaga o sa lalong maikling misa, sa misa ng tropa."
El Filibusterismo,20,ANG NAGPAPALAGAY,64,"Kahi’t sa Madrid ay nagsalita siya ng laban sa mga pari, na ipinalalagay niyang lipas na sa kapanahunan, upang huwag matiwali sa kaniyang kinagigitnaan, nagsalita ng mga paglait sa Inquisicion at nagsasalaysay ng gayon o ganitong kabuhayang malaswa o palibak na kinalalahukan ng mga habito, o, sa lalong tiyakan, mga prayleng walang habito, gayon man, pagsasalita ng ukol sa Pilipinas, na dapat pamahalaan ng alinsunod sa mga tanging batas, ay umuubo, titingin ng isang titig na may kahulugan, uulitin ang paglalahad ng kamay na kasingpantay ng taas na matalinghaga."
El Filibusterismo,20,ANG NAGPAPALAGAY,65,"—Ang mga prayle ay kailangan, sila’y isang bagay na masama, ngunit kailangan—ang sabi."
El Filibusterismo,20,ANG NAGPAPALAGAY,66,At nagagalit pag ang isang indio ay nangahas na mag-alinlangan sa mga kababalaghan o hindi naniniwala sa Papa.
El Filibusterismo,20,ANG NAGPAPALAGAY,67,Ang lahat ng pahirap ng Inquisicion ay hindi sapat na parusa sa kapangahasang iyon.
El Filibusterismo,20,ANG NAGPAPALAGAY,68,"Kung ikinakatwiran sa kaniya na ang panggagaga o ang mabuhay na sinasamantala ang kamangmangan ay may iba pang tawag na masamang dinggin at pinaparusahan kapag ang nagkakasala ay nag-iisa, ay lumulusot naman siya sa paraang pagtukoy sa ibang bayang sakop."
El Filibusterismo,20,ANG NAGPAPALAGAY,69,"—Kami—ang sabi, na ang boses ay ang ginagamit sa mga seremonia—kami’y makapagmamalaki!"
El Filibusterismo,20,ANG NAGPAPALAGAY,70,"Hindi kami kagaya ng mga ingles at mga holandes, na upang mapanatili sa pag-alinsunod ang mga bayan ay gumagamit ng pamalo.... ang aming ginagamit ay ibang paraan na lubhang malumanay, lubhang matibay; ang malunas na tulong ng mga prayle ay higit sa pamalong ingles......"
El Filibusterismo,20,ANG NAGPAPALAGAY,71,Ang sabi niyang ito’y lumaganap at sa mahabang panaho’y binanggit banggit ni Ben-Zayb at gayon din ng buong Maynila; pinakapuripuri ng Maynilang naghuhulo.
El Filibusterismo,20,ANG NAGPAPALAGAY,72,"Ang salita ay nakaabot sa Madrid, at binanggit sa Parlamento, na parang sabi ng isang labusaw na may mahabang paninirahan at ibp."
El Filibusterismo,20,ANG NAGPAPALAGAY,73,", at sa dahilang naging karangalan ng mga prayle ang gayong paghahawig ay hinandugan siya ng ilang arrobang sikulate, bagay na ipinabalik ng di malamuyot na si D. Custodio, na, sa dahilang ito’y ipinantay naman ni Ben-Zayb ang taglay na kabaitan sa kabaitan ni Epaminondas."
El Filibusterismo,20,ANG NAGPAPALAGAY,74,"Datapwa’t gayon man, ay gumagamit din ng yantok ang bagong Epaminondas kung inaabot ng pagkagalit, at ang gayon ay inihahatol sa iba!"
El Filibusterismo,20,ANG NAGPAPALAGAY,75,"Nang mga araw na iyon, ay inulit ng mga kombento ang kanilang mga handog dahil sa pangangambang baka siya magbigay ng isang kapasiyahang sang-ayon sa kahilingan ng mga nag-aaral, at ng hapong natagpuan natin siya ay lalo pa manding hindi mapalagay kay sa dati sapagka’t malapit masira ang kaniyang kabantugang masipag."
El Filibusterismo,20,ANG NAGPAPALAGAY,76,"Mahigit nang labing limang araw na nasa kamay niya ang mga kasulatan, at nang umagang iyon, matapos na mapuri ang kaniyang pagka masusi, ay itinanong ng mataas na kawani ang kaniyang kapasiyahan."
El Filibusterismo,20,ANG NAGPAPALAGAY,77,"Si D. Custodio ay sumagot ng lubhang matalinghaga, na ang ibig sabihin ay yari na: ang mataas na kawani ay ngumiti, at ang ngiting iyon ngayon ay gumagambala’t umuusig sa kaniya."
El Filibusterismo,20,ANG NAGPAPALAGAY,78,"Gaya nang sinabi na namin, ang hikab niya’y sunodsunod."
El Filibusterismo,20,ANG NAGPAPALAGAY,79,"Sa isang pagkilos niya, ng sandaling idinidilat ang mga mata at inilalapat ang bibig, ay napatitig sa mahabang hanay ng mga saping mapula, na ayos na ayos ang mga pagkakalagay sa mainam na aklatang kamagong: sa mga gulugod ng bawa’t isa’y may mga malalaking titik na ang sinasabi, ay: MAÑGA PANUKALA."
El Filibusterismo,20,ANG NAGPAPALAGAY,80,"Nalimot sumandali ang kaniyang mga kagipitan at ang mga pag-ikot ni Pepay, upang alalahanin na ang lahat ng linalaman ng mga baitang na iyon ay pawang sumipot sa kaniyang palanak na ulo sa mga sandaling pagliliwanag."
El Filibusterismo,20,ANG NAGPAPALAGAY,81,"¡Gaano karaming bungang isip na walang kamukha, gaano karaming maririlag na pagkukuro, gaano karaming mga kaparaanang ikaliligtas sa pagsasalat ng Pilipinas!"
El Filibusterismo,20,ANG NAGPAPALAGAY,82,Kailan pa man ay hindi na siya malilimot at tataglayin niya ang pagkilala ng utang na loob ng bayan!
El Filibusterismo,20,ANG NAGPAPALAGAY,83,"Waring isang matandang magatod na nakatagpo ng isang balutang inaamag na mga sulat sa palasintahan, ay tumindig si D. Custodio at lumapit sa lalagyan ng mga aklat."
El Filibusterismo,20,ANG NAGPAPALAGAY,84,"Ang unang balangkap na makapal, magang-maga, punongpuno, ay may taglay na tatak na “MAÑGA PANUKALANG minumunakala”."
El Filibusterismo,20,ANG NAGPAPALAGAY,85,—¡Huwag!
El Filibusterismo,20,ANG NAGPAPALAGAY,86,"—ang bulong—may mga bagay na maiinam, ngunit kailangan ang sangtaon upang mabasang muli."
El Filibusterismo,20,ANG NAGPAPALAGAY,87,"Ang pangalawa, na makapalkapal din, ay may tatak na “MAÑGA PANUKALANG nasa pagsusuri”."
El Filibusterismo,20,ANG NAGPAPALAGAY,88,—¡Huwag din!
El Filibusterismo,20,ANG NAGPAPALAGAY,89,Pagkatapos noon ay sumusunod ang “MAÑGA PANUKALANG ipinag-aantay ng panahon.
El Filibusterismo,20,ANG NAGPAPALAGAY,90,”....
El Filibusterismo,20,ANG NAGPAPALAGAY,91,“MAÑGA PANUKALANG iniharap....
El Filibusterismo,20,ANG NAGPAPALAGAY,92,” “MAÑGA PANUKALANG pinawalang kabuluhan....
El Filibusterismo,20,ANG NAGPAPALAGAY,93,” “MAÑGA PANUKALANG pinagtibay....
El Filibusterismo,20,ANG NAGPAPALAGAY,94,” “MAÑGA PANUKALANG pinigil....
El Filibusterismo,20,ANG NAGPAPALAGAY,95,"” Ang mga huling balangkap ay kakaunti ang laman, ngunit ang huli ay lalo pa, ang sa “MAÑGA PANUKALANG isasagawa”."
El Filibusterismo,20,ANG NAGPAPALAGAY,96,Ikinislot ni D. Custodio ang kaniyang ilong ¿ano kaya ang laman?
El Filibusterismo,20,ANG NAGPAPALAGAY,97,Nalimot na niya ang nasa sa loob niyon.
El Filibusterismo,20,ANG NAGPAPALAGAY,98,"Isang putol na papel na naninilaw ang nakaungos sa dalawang takip, na wari’y dinidilaan siya ng balangkap."
El Filibusterismo,20,ANG NAGPAPALAGAY,99,Kinuha sa lalagyan at binuksan: yaon pala’y ang bantog na panukala ng Paaralang Artes y Oficios.
El Filibusterismo,20,ANG NAGPAPALAGAY,100,"—¡A, putris!"
El Filibusterismo,20,ANG NAGPAPALAGAY,101,—ang bulalas—ngunit ito’y nasa sa kamay na ng mga paring agustino......
El Filibusterismo,20,ANG NAGPAPALAGAY,102,"Walang ano ano’y biglang tinapik ang kaniyang noo, inihubog ang kilay, isang pagtatagumpay ang nalarawan sa kaniyang mukha."
El Filibusterismo,20,ANG NAGPAPALAGAY,103,"—¡Sa heto pala ang aking pasiya, C.!"
El Filibusterismo,20,ANG NAGPAPALAGAY,104,"—ang bulalas na bumitiw ng isang mahalay na salitang hindi ang eureka, ngunit nagsisimula sa pangkatapusan nito—ang aking kapasiyahan ay yari na."
El Filibusterismo,20,ANG NAGPAPALAGAY,105,"At makalima o makaanim na inulit ulit ang kaniyang kinaugaliang eureka, na humaging sa hangin na wari’y magalak na hagkis, at masayang tinungo ang kaniyang mesa at sinimulan ang pagsulat."
El Filibusterismo,21,MGA AYOS MAYNILA,1,Nang gabing yaon ay may isang malaking palabas sa dulaang “Variedades”.
El Filibusterismo,21,MGA AYOS MAYNILA,2,Ang samahan ng operang pranses ni Mr.
El Filibusterismo,21,MGA AYOS MAYNILA,3,Jouy ay magdadaos ng una niyang palabas na ang itatanghal ay “Les Cloches de Corneville” at ipamamalas sa madlang manonood ang kaniyang mga piling troupe na inihayag na ilang araw ng mga pahayagan ang kanilang kabantugan.
El Filibusterismo,21,MGA AYOS MAYNILA,4,"Sinasabing sa mga aktris ay mayroong mga may magandang tingig, ngunit lalo pa manding maganda ang anyo, at kung paniniwalaan ang mga bulongbulungan, ay higit pa sa kanilang tingig at anyo ang kanilang kagandahang loob."
El Filibusterismo,21,MGA AYOS MAYNILA,5,"Ika pito at kalahati pa lamang ng gabi ay wala nang billete ni para sa naghihingalong si P. Salvi, at ang mga papasok sa “entrada general” ay mahabang mahaba ang hanay."
El Filibusterismo,21,MGA AYOS MAYNILA,6,"Sa takilya ay nagkaroon ng kaguluhan, awayan, tinukoy ang pagpipilibustero at ang ukol sa lahi, ngunit gayon man ay hindi rin nakakuha ng bilyete."
El Filibusterismo,21,MGA AYOS MAYNILA,7,Nang labing limang minuto na lamang ang kulang sa ika walo ay malalaking halaga na ang itinatawad sa isang uupan sa entrada general.
El Filibusterismo,21,MGA AYOS MAYNILA,8,"Ang anyo ng dulaan, na naiilawang mabuti, may mga puno’t bulaklak sa mga pintuan, ay nakauulol sa mga nahuhuling napapahanga at napapasuntok."
El Filibusterismo,21,MGA AYOS MAYNILA,9,"Isang makapal na tao ang nangagkikisawan sa mga paligid at pinagmamasdang naiinggit ang mga pumapasok, ang mga maagang dumarating dahil sa natatakot na maunahan sa kanilang luklukan: tawanan, alingawngaw, mga pag-aantabay, nangagsisibati sa mga bagong dating na masama ang loob na nakikihalobilo sa mga nanonood, at, yamang hindi makapasok ay nangatitira na lamang sa pagtanaw sa mga pumapasok."
El Filibusterismo,21,MGA AYOS MAYNILA,10,Gayon ma’y may isang wari’y di kahalo sa mga pag-aasamasam at pagnanasang makapanood.
El Filibusterismo,21,MGA AYOS MAYNILA,11,Siya’y isang mataas na lalaking payat na kung lumakad ay marahan at kinakaladkad ang isang paang naninigas.
El Filibusterismo,21,MGA AYOS MAYNILA,12,"Ang suot ay isang masamang amerikana na kulay kape at isang pantalong pariparisukat ang guhit, marumi, na nakakapit sa kaniyang katawang mabuto at yayat."
El Filibusterismo,21,MGA AYOS MAYNILA,13,"Isang sambalilong hongo na maarte na, dahil sa kasiraan, ang nakataklob sa kaniyang malaking ulo at nagpapakawala sa buhok na ang kulay ay maruming abuhin, halos bulhaw, mahahaba, kulot ang mga dulo na wari’y buhok makata."
El Filibusterismo,21,MGA AYOS MAYNILA,14,"Ang lalong katangitangi sa taong iyon ay hindi ang kaniyang kasuotan, ni ang kaniyang mukhang taga Europa na walang balbas ni bigote, kundi ang kulay niyang saga, kulay na naging sanhi ng tawag na Camaroncocido, na siyang bansag sa kaniya."
El Filibusterismo,21,MGA AYOS MAYNILA,15,"Ang anyo niya’y walang kapara: anak ng isang mabuting lipi, ngunit siya’y nabubuhay sa pagbubulagbul, sa panghihingi ng limos; lahing kastila, ay hindi pinahahalagahan ang karangalang lahi na inaalipusta sa pamag-itan ng kaniyang gulagulanit na kasuotan, ipinalalagay siya ng lahat na wari’y tagapamalita sa mga pahayagan, at tunay nga namang ang kaniyang matang malalaki’t abuhin, na malamlam at waring mapagnilay kung tumingin, ay naroon saan ma’t may bagay na maibabalita."
El Filibusterismo,21,MGA AYOS MAYNILA,16,Ang kaniyang kabuhayan ay hindi batid ng marami; walang nakaaalam kung saan siya kumakain at natutulog: marahil ay mayroon siyang isang bariles saan mang pook.
El Filibusterismo,21,MGA AYOS MAYNILA,17,Nang mga sandaling iyon ay hindi taglay ni Camaroncocido ang dati niyang anyong matigas at walang bahala: isang wari’y masayang pagkaawa ang nananaw sa kaniyang paningin.
El Filibusterismo,21,MGA AYOS MAYNILA,18,"Isang munting lalaki, isang mababang matanda ang masayang sumagupa sa kaniya."
El Filibusterismo,21,MGA AYOS MAYNILA,19,—¡Kaibigaaaan!
El Filibusterismo,21,MGA AYOS MAYNILA,20,"—ang sabi, na paos ang boses na wari’y sa palaka, at ipinakikita ang ilang pisong mehikano."
El Filibusterismo,21,MGA AYOS MAYNILA,21,"Nakita ni Camaroncocido ang mga mamiso, at kinibit ang balikat."
El Filibusterismo,21,MGA AYOS MAYNILA,22,¿Ano ang mayroon sa kaniya noon?
El Filibusterismo,21,MGA AYOS MAYNILA,23,Ang matanda’y isang mainam na kaibayo niya.
El Filibusterismo,21,MGA AYOS MAYNILA,24,"Maliit, lubhang maliit, natatakluban ang ulo ng isang sambalilong de copa na naging isang uod na may balahibo, at napapaloob sa isang maluwang na lebita, lubhang maluwang at napakahaba hanggang sa mapantay sa isang salawal na napakaikli na hindi lumalampas sa binti."
El Filibusterismo,21,MGA AYOS MAYNILA,25,"Ang kaniyang katawan ay waring siyang lelong at ang mga paa’y siyang apo, samantalang ang kaniyang mga sapatos ay naglalayag mandin sa katihan—¡yaon ay dalawang malalaking sapatos marinero na tumututol ng laban sa uod na may balahibo na nasa kaniyang ulo na gaya ng matinding tutol ng isang kombento na nasa piling ng isang Exposicion Universal!"
El Filibusterismo,21,MGA AYOS MAYNILA,26,"Si Camaroncocido ay saga, ang matanda’y kayumanggi; yaon ay walang buhok sa mukha kahi’t lahing kastila, ang indio ay may patilla at bigoteng mapuputi, mahahaba’t madalang."
El Filibusterismo,21,MGA AYOS MAYNILA,27,Ang paningin ay malikot.
El Filibusterismo,21,MGA AYOS MAYNILA,28,"Kung tawagin siya’y Tio Kiko, at, gaya ng kaniyang kaibigan ay nabubuhay din siya sa pamamahayag: siya ang nagpapatawag ng mga palabas at nagdidikit ng mga kartel ng mga dulaan."
El Filibusterismo,21,MGA AYOS MAYNILA,29,"Siya marahil ang tanging pilipino na kahi’t naka chistera at lebita ay nakapaglalakad nang hindi ginagambala, gaya rin naman ng kaniyang kaibigan na siya ang tanging kastila na nagtatawa sa karangalan ng lahi."
El Filibusterismo,21,MGA AYOS MAYNILA,30,—Binigyan ako ng malaking pabuya ng pranses—ang sabing nakangiti at ipinatanaw ang kaniyang gilagid na wari’y isang lansangan matapos ang sunog—¡napabuti ang kamay ko sa pagdidikit ng mga kartel!
El Filibusterismo,21,MGA AYOS MAYNILA,31,Muling ikinibit ni Camaroncocido ang kaniyang mga balikat.
El Filibusterismo,21,MGA AYOS MAYNILA,32,—Kiko—ang sagot na maugong ang boses—kung anim na piso ang ibinigay sa iyo dahil sa gawa mo ¿magkano kaya ang ibibigay sa mga prayle?
El Filibusterismo,21,MGA AYOS MAYNILA,33,"Dahil sa kaliksihang likas ni Tio Kiko, ay itinaas ang ulo."
El Filibusterismo,21,MGA AYOS MAYNILA,34,—¿Sa mga prayle?
El Filibusterismo,21,MGA AYOS MAYNILA,35,—Sapagka’t dapat mong maalaman—ang patuloy ni Camaroncocido—na ang pagkapunong ito’y kagagawan ng mga kombento!
El Filibusterismo,21,MGA AYOS MAYNILA,36,"Sadya nga namang gayon, ang mga prayle na pinangunguluhan ni P. Salvi at ilang hindi pari na pinangunguluhan ni D. Custodio ay laban sa pagtatanghal na iyon."
El Filibusterismo,21,MGA AYOS MAYNILA,37,"Si P. Camorra, na hindi makapanood, ay nanglilisik ang mata’t tatakamtakam; ngunit nakikipagtalo kay Ben-Zayb na malambot na nagtatanggol sapagka’t naiisip ang billeteng walang bayad na ipadadala sa kaniya ng may palabas."
El Filibusterismo,21,MGA AYOS MAYNILA,38,"Pinagsasalitaan siya ni D. Custodio ng ukol sa maayos na hilig, sa pananampalataya, sa mabubuting kaugalian, at ibp."
El Filibusterismo,21,MGA AYOS MAYNILA,39,—Ngunit—ang bulong ng manunulat—ang ating mga dulang sainete na may mga salita’t pangungusap na dalawa ang kahulugan....
El Filibusterismo,21,MGA AYOS MAYNILA,40,—¡Ngunit nasa wikang kastila naman!
El Filibusterismo,21,MGA AYOS MAYNILA,41,"—ang pasigaw na putol ng mabait na konsehal, na nag-aalab sa banal na pagkagalit—¡mga kahalayan sa wikang pranses!"
El Filibusterismo,21,MGA AYOS MAYNILA,42,"tao kayo, Ben-Zayb, maanong alang-alang sa Poong Dios, ¡sa wikang pranses!"
El Filibusterismo,21,MGA AYOS MAYNILA,43,¡Iyan ay hindi dapat mangyari magpakailan man!
El Filibusterismo,21,MGA AYOS MAYNILA,44,At ibinigkas ang hindi dapat mangyari magpakailan man!
El Filibusterismo,21,MGA AYOS MAYNILA,45,ng kasingtigas kung pagpipisanin ang tatlong Guzman na pinagbabalaang papatayan ng isang pulgas kapag hindi isinuko ang dalawang pung Tarifa.
El Filibusterismo,21,MGA AYOS MAYNILA,46,"Gaya nang maaantay, si P. Irene, ay kasang-ayon ni D. Custodio at nagtutungayaw sa operetang pranses."
El Filibusterismo,21,MGA AYOS MAYNILA,47,¡Puf!
El Filibusterismo,21,MGA AYOS MAYNILA,48,"Siya’y natungo sa Paris, ngunit hindi man lamang tumuntong sa pintuan ng isang dulaan; ¡iligtas siya ng Maykapal!"
El Filibusterismo,21,MGA AYOS MAYNILA,49,Ngunit marami din naman ang kasang-ayon ng operetang pranses.
El Filibusterismo,21,MGA AYOS MAYNILA,50,"Ang mga opisial sa hukbo at mga pangdigmang dagat, na sa mga ito’y kabilang ang ayudante ng General, ang mga kawani at ilang matataas na tao ay nangagnanasang lumasap ng kainaman ng wikang pranses sa bibig ng mga tunay na parisien; kabilang nila ang mga nalulan sa M. M."
El Filibusterismo,21,MGA AYOS MAYNILA,51,"at nakagamit ng kaunti ng pranses sa paglalayag, ang mga nakadalaw sa Paris at lahat niyong mga ibig na masabing sila’y bihasa."
El Filibusterismo,21,MGA AYOS MAYNILA,52,"Ang lipunan nga sa Maynila ay nagkahati sa dalawang pangkat, ang mga sang-ayon at ang mga laban sa opera, na pinayuhan ng mga matatandang babai, mga asawang mapanibughuin at nanganganib sa pag-ibig ng kanilang mga kabyak, at nang may mga katipan sa pag-aasawa, samantalang ang mga malaya’t ang mga magaganda ay nangagpakilalang lubos silang magiliw sa opereta."
El Filibusterismo,21,MGA AYOS MAYNILA,53,"Nagsalimbayan ang mga sulatan, nagkaroon ng mga pagpaparoo’t parito, salisalitaan, mga pagpupulong, mga pagliliponlipon, mga pagtatalo; natukoy na tuloy sampu ng panghihimagsik ng mga indio, ang katamaran, ang mga liping mababa’t liping mataas, karangalan at iba pang kamulalaan, at matapos ang maraming hatidhatirang usap at maraming bulong bulungan, ay ibinigay ang pahintulot, at si P. Salvi ay naglathala ng isang pastoral na walang bumasa kundi ang taga ayos lamang sa limbagan."
El Filibusterismo,21,MGA AYOS MAYNILA,54,"Nabalitang ang General ay nakagalit ng Condesa: na ito’y naninirahang madalas sa mga bahay liwaliwan; na ang marangal na pinuno ay nabugnot; na ang consul ng mga pranses ay gayon, na nagkaroon ng mga handog, at ibp."
El Filibusterismo,21,MGA AYOS MAYNILA,55,", at nalahok sa usapan ang maraming pangalan, ang sa insik na si Quiroga, ang sa kay Simoun at sampu ng sa maraming artista."
El Filibusterismo,21,MGA AYOS MAYNILA,56,"Salamat sa nagpaunang alingawngaw na ito, ang pagkasabik ng tao’y naragdagan, at mula pa sa araw na sinusundan ng palabas, araw na idinating ng mga artista, ay walang napag-uusapan kundi ang pagpasok sa unang pagtatanghal."
El Filibusterismo,21,MGA AYOS MAYNILA,57,"Sapol ng lumabas ang mapupulang kartel na nagbabalita nang Les Cloches de Corneville, ang mga nanalo’y humanda na sa pagdiriwang ng kanilang tagumpay."
El Filibusterismo,21,MGA AYOS MAYNILA,58,"Sa ilang kawanihan, ay hindi na pinalalakad ang panahon sa pagbabasa ng mga pahayagan, kundi dinudumog ang mga kasaysayang limbag nang palalabasin, nangagbabasa ng mga nobelang pranses, at ang marami’y tumutungo sa palikuran na nagpapakunwaring iniiti upang makasangguni lamang ng palihim sa munting diksionariong pangbulsa."
El Filibusterismo,21,MGA AYOS MAYNILA,59,"Ngunit gayon man ay hindi rin nalulutas ang mga expediente; kundi bagkus pa ngang ang lahat ay pinababalik sa kinabukasan, datapwa’y hindi mangyayaring magalit ang kahi’t sino: ang nakakaharap ay mga kawaning lubhang magagalang, masuyo, na tumatanggap sa kanila at nagpapaalam sa pamagitan ng malalaking yuko na ugaling pranses: ang mga kawani’y nangagsasanay, linilinis ang kanilang pranses na inaamag at sila-sila’y nagbabatian ng oui monesiour, s’il bous plait, at pardon!"
El Filibusterismo,21,MGA AYOS MAYNILA,60,"sa bawa’t kilos, bagay na lubhang kaigaigayang madingig at panoorin."
El Filibusterismo,21,MGA AYOS MAYNILA,61,"Ngunit sa pasulatan ng mga pamahayagan naroroon ang lalong galawan at ang kagipitan ay umaabot sa lalong malaki; si Ben-Zayb, na sinasabing siyang manunuligsa at naghulog sa wikang kastila ng kasaysayan ng palalabasin ay nangangatal na wari’y babaing nasuplong sa pangkukulam: nakikita niyang ang kaniyang mga kalaban ay nagpupunyaging makahuli ng kaniyang mga kamalian at ipinamumukha sa kaniya ang di pagkabatid na mabuti ng pranses."
El Filibusterismo,21,MGA AYOS MAYNILA,62,"Nang panahon ng Opera Italiana ay kakaunti nang mapasubo siya sa isang patayan dahil sa maling pagkahulog sa wikang kastila ng pangalan ng isang tenor; agadagad naglathala ang isang mainggitin at ipinalagay siyang walang namumuwangan, siya, ang una unang ulong nag-iisip sa Pilipinas!"
El Filibusterismo,21,MGA AYOS MAYNILA,63,¡Gaanong hirap ang sinapit niya sa pagsasanggalang!
El Filibusterismo,21,MGA AYOS MAYNILA,64,nangailangan siyang sumulat ng di lamang lalabing pitong palathala at sumangguni sa labing limang diksionario.
El Filibusterismo,21,MGA AYOS MAYNILA,65,"At dahil sa mabuting pagkakaalaalang iyon, ang kaawaawang si Ben-Zayb, ay lumalakad na lubhang maingat na ang inilalakad ay kamay, hindi namin sinabing paa, upang huwag gayahan si P. Camorra na may masamang ugaling ipintas kay Ben-Zayb na paa ang ginagamit nito kung sumusulat."
El Filibusterismo,21,MGA AYOS MAYNILA,66,—¿Nakita mo na Kiko?
El Filibusterismo,21,MGA AYOS MAYNILA,67,"—ang sabi ni Camaroncocido—ang kalahati ng taong iyan ay naparito dahil sa sinabi ng mga prayle na huwag pumarito; ang gayo’y waring isang pahayag; at ang kalahati pa, sapagka’t anila sa sarili ay: ¿ipinagbabawal ng mga prayle?"
El Filibusterismo,21,MGA AYOS MAYNILA,68,kung gayo’y katutuhan marahil.
El Filibusterismo,21,MGA AYOS MAYNILA,69,"Maniwala ka sa akin, Kiko, ang mga palatuntunan mo ay mabubuti nga ngunit lalo pang mabuti ang pastoral, at ¡dapat mong mabatid na walang isa mang nakabasa!"
El Filibusterismo,21,MGA AYOS MAYNILA,70,"—Kaibigaaaan, ¿inaakala mo baga—ang tanong ni Tio Kiko na hindi mapalagay—na dahil sa kagagawan ni P. Salvi, ay alisin na kaya ang tinutungkol ko?"
El Filibusterismo,21,MGA AYOS MAYNILA,71,"—Marahil, Kiko, marahil,—ang sagot ng kausap na tumingin sa langit—ang salapi’y untiunti nang nawawala...."
El Filibusterismo,21,MGA AYOS MAYNILA,72,"Si Tio Kiko ay bumulong ng ilang salita at pangungusap na di malinawan, kung ang mga prayle ay manghihimasok sa pagbabalita ng mga palabas dulaan ay papasok naman siyang prayle."
El Filibusterismo,21,MGA AYOS MAYNILA,73,At matapos makapagpaalam sa kaniyang kaibigan ay lumayong uuboubo at pinakakalansing ang kaniyang mga mamiso.
El Filibusterismo,21,MGA AYOS MAYNILA,74,"Si Camaroncocido, na taglay ang dati niyang pagwawalang bahala, ay nagpatuloy sa pagyayao’t dito na kaladkad ang paa at mapungay ang paningin."
El Filibusterismo,21,MGA AYOS MAYNILA,75,"Napuna niya ang pagdating ng ilang mukhang hindi kilala, na iba’t iba ang pinanggagalingan at nangaghuhudyatan sa pamag-itan ng kindat, at pag-ubo."
El Filibusterismo,21,MGA AYOS MAYNILA,76,"Noon lamang niya nakita sa mga gayong pagkakataon ang mga taong iyon, siya, na nakakakilala sa lahat ng anyo ng mga naninirahan sa siyudad at sa lahat ng pagmumukha."
El Filibusterismo,21,MGA AYOS MAYNILA,77,"Mga lalaking madidilim ang mukha, mga hukot, mga di mapalagay at hindi mawasto at masama ang pagkakabalatkayo ng suot, na wari’y noon lamang nagsuot ng americana."
El Filibusterismo,21,MGA AYOS MAYNILA,78,"Hindi nangagsisilagay sa unang hanay upang makapanood na mabuti, nangagkakanlong sa dilim, na waring ayaw na sila’y makita."
El Filibusterismo,21,MGA AYOS MAYNILA,79,—¿Mga polisiya sekreta o mga magnanakaw?
El Filibusterismo,21,MGA AYOS MAYNILA,80,—ang tanong sa sarili ni Camaroncocido at dagling ikinibit ang balikat—at ¿ano ba ang mayroon sa akin?
El Filibusterismo,21,MGA AYOS MAYNILA,81,Ang parol ng isang sasakyang dumarating ay tumanglaw sa pagdaraan sa isang pulutong ng apat o lima ng mga taong yaon na nakikipag-usap sa isang wari’y kawal sa hukbo.
El Filibusterismo,21,MGA AYOS MAYNILA,82,—¡Polisiya sekreta!
El Filibusterismo,21,MGA AYOS MAYNILA,83,", marahil ay isang bagong tatag na kawanihan!"
El Filibusterismo,21,MGA AYOS MAYNILA,84,—ang bulong niya.
El Filibusterismo,21,MGA AYOS MAYNILA,85,At kumilos ng isang anyong nagwawalang bahala.
El Filibusterismo,21,MGA AYOS MAYNILA,86,"Ngunit makaraan yaon ay nakita ang militar, matapos na makipag-alam sa dalawa o tatlong pulutong pa, na tumango sa isang sasakyan at waring nakipag-usap ng mahigpitan sa isang nasa sa loob."
El Filibusterismo,21,MGA AYOS MAYNILA,87,"Si Camaroncocido ay lumakad ng ilang hakbang at kahi’t hindi namangha ay waring nakilala niya si Simoun, samantalang ang matalas niyang pangdingig ay nakaulinig ng ganitong maikling usapan:"
El Filibusterismo,21,MGA AYOS MAYNILA,88,—¡Ang palatandaan ay isang putok!
El Filibusterismo,21,MGA AYOS MAYNILA,89,—Opo.
El Filibusterismo,21,MGA AYOS MAYNILA,90,—Huwag kayong mag-alaala; ang General ay siyang nag-uutos; ngunit pag-iingatan ninyong huwag masasabi.
El Filibusterismo,21,MGA AYOS MAYNILA,91,Kung susundin ninyo ang aking utos ay matataas kayo.
El Filibusterismo,21,MGA AYOS MAYNILA,92,—Opo.
El Filibusterismo,21,MGA AYOS MAYNILA,93,—¡Kung gayo’y.... humanda kayo!
El Filibusterismo,21,MGA AYOS MAYNILA,94,Ang boses ay tumigil at makaraan ang ilang sandali’y lumakad ang sasakyan.
El Filibusterismo,21,MGA AYOS MAYNILA,95,Kahi’t na mapagwalang bahala si Camaroncocido ay hindi rin nakapigil sa pagbulong na:
El Filibusterismo,21,MGA AYOS MAYNILA,96,—Mayroong binabalak....
El Filibusterismo,21,MGA AYOS MAYNILA,97,¡Kaingatan ang mga bulsa!
El Filibusterismo,21,MGA AYOS MAYNILA,98,"At sa dahilang naramdamang ang kaniyang mga bulsa ay walang laman, ay muling ikinibit ang balikat."
El Filibusterismo,21,MGA AYOS MAYNILA,99,¿Ano ang mayroon sa kaniya kung gumuho man ang langit?
El Filibusterismo,21,MGA AYOS MAYNILA,100,At nagpatuloy sa kaniyang pakikibatyag.
El Filibusterismo,21,MGA AYOS MAYNILA,101,"Nang magdaan sa harap ng dalawa kataong nag-uusap, ay nadingig sa isa, na may sabit sa liig na mga kuwintas at kalmen, na sinasabi sa wikang tagalog, na:"
El Filibusterismo,21,MGA AYOS MAYNILA,102,"—Ang mga prayle ay malakas pa kay sa General, huwag kang mangmang; ito’y aalis at ang mga prayle’y maiiwan."
El Filibusterismo,21,MGA AYOS MAYNILA,103,Magawa lamang nating mabuti ay yayaman tayo.
El Filibusterismo,21,MGA AYOS MAYNILA,104,¡Ang palatandaan ay isang putok!
El Filibusterismo,21,MGA AYOS MAYNILA,105,"—¡Aba, aba!"
El Filibusterismo,21,MGA AYOS MAYNILA,106,"—ang bulong ni Camaroncocido na ipinipiksi ang mga daliri—doon ay ang General, at dito ay si P. Salvi...."
El Filibusterismo,21,MGA AYOS MAYNILA,107,¡Kahabag-habag na bayan!
El Filibusterismo,21,MGA AYOS MAYNILA,108,Ngunit ¿ano ang mayroon sa akin?
El Filibusterismo,21,MGA AYOS MAYNILA,109,"At matapos na maikibit ang balikat na sabay sa paglura at dalawang ngiwi na sa ganang kaniya ay siyang tanda ng lalong malaking pagwawalang bahala, ay ipinatuloy ang kaniyang pakikimatyag."
El Filibusterismo,21,MGA AYOS MAYNILA,110,"Samantala naman ay matutuling dumarating ang mga sasakyan, biglang hihinto sa siping ng pintuan at iiwan ang kanilang sakay na pawang tao sa mataas na kalipunan."
El Filibusterismo,21,MGA AYOS MAYNILA,111,"Ang mga babai, kahi’t babahagya ang lamig ng gabi, ay may dalang maiinam na chal, mga pañolong sutla at mga panglaban sa ginaw; ang mga lalaki, ang mga naka frac at korbatang puti, ay gumagamit ng gaban; ang iba’y bitbit na lamang at ipinatatanaw ang mga panaping sutla."
El Filibusterismo,21,MGA AYOS MAYNILA,112,"Sa pulutong ng mga talogigi, si Tadeo, ang nagkakasakit kung pumapanaog ang guro, ay kaakbay ng kaniyang kababayang baguhan na namalas nating nagtiis ng inianak ng masamang pagkakabasa sa katotohanang sinabi ni Descartes."
El Filibusterismo,21,MGA AYOS MAYNILA,113,"Ang baguhan ay napakatalogigi’t mausisa, at sinasamantala naman ni Tadeo ang kaniyang kamangmangan at di kaalaman upang pagsalaysayan ng lalong malalaking kasinungalingan."
El Filibusterismo,21,MGA AYOS MAYNILA,114,"Bawa’t kastilang bumati sa kaniya, maging may mababang katungkulan o kawani sa mga tindahan, ay sinasabi sa kaniyang kasama na yaon ay pinuno sa isang kawanihan, markes, konde, at ibp."
El Filibusterismo,21,MGA AYOS MAYNILA,115,"; datapwa’y pag patuloy ang paglakad, ¡psh!"
El Filibusterismo,21,MGA AYOS MAYNILA,116,"yao’y isang bulagbul, isang oficial quinto, isang taong walang gaanong kabuluhan!"
El Filibusterismo,21,MGA AYOS MAYNILA,117,"At pag wala nang naglalakad, na makapagpahanga sa baguhan ay ang mga magagarang sasakyan namang dumadaan ang hinaharap; si Tadeo ay bumabati ng mainam na ayos, ikakaway nang malugod ang kamay, bibitiw ng isang ¡adios!"
El Filibusterismo,21,MGA AYOS MAYNILA,118,na matiwala.
El Filibusterismo,21,MGA AYOS MAYNILA,119,—¿Sino yaon?
El Filibusterismo,21,MGA AYOS MAYNILA,120,—¡Bah!
El Filibusterismo,21,MGA AYOS MAYNILA,121,—ang sagot na parang walang anoman—ang Gobernador Civil.... ang Segundo Cabo.... ang Mahistradong si gayon.... ang asawa ni.... na mga kaibigan ko!
El Filibusterismo,21,MGA AYOS MAYNILA,122,"Ang baguhan ay nahahanga, nakatangang siya’y pinakikinggan at nag-iingat upang huwag mapalagay sa kanan ng kausap."
El Filibusterismo,21,MGA AYOS MAYNILA,123,Si Tadeo ay kaibigan ng mga mahistrado at mga gobernador!!
El Filibusterismo,21,MGA AYOS MAYNILA,124,"At tinuturan sa kaniya ni Tadeo ang pangalan ng lahat ng dumarating, at, pag hindi niya kilala, ay gumagawa ng mga bansag, mga kasaysayan at nagsasaysay ng mga sarisaring bagay."
El Filibusterismo,21,MGA AYOS MAYNILA,125,—¿Nakikita mo ba?
El Filibusterismo,21,MGA AYOS MAYNILA,126,"iyong taong mataas, na may patilyang itim, duling ng kaunti, na itim ang suot, yaon ang mahistrado A, kaibigang matalik ng asawa ng koronel B; isang araw ay kaunti nang mag-away ang dalawang iyan kung hindi ako namagitna...."
El Filibusterismo,21,MGA AYOS MAYNILA,127,¡adios!
El Filibusterismo,21,MGA AYOS MAYNILA,128,"Tingnan mo, hayan at dumarating pa naman ang koronel, mag-away kaya ang dalawa?"
El Filibusterismo,21,MGA AYOS MAYNILA,129,"Pinigil ng baguhan ang paghinga, ngunit ang koronel at ang mahistrado ay malugod na nangagkamayan; ang militar, na isang matandang bagongtao, ay nagtanong ng kung ano ang lagay ng mga kaanak ng kaharap, at ibp."
El Filibusterismo,21,MGA AYOS MAYNILA,130,—¡Ah!
El Filibusterismo,21,MGA AYOS MAYNILA,131,¡salamat sa Dios!
El Filibusterismo,21,MGA AYOS MAYNILA,132,—ang hinga ni Tadeo—ako ang may kapakanan ng kanilang pagkakasundo.
El Filibusterismo,21,MGA AYOS MAYNILA,133,—Kung hilingin kaya ninyo sa kanila na tayo’y ipasok?
El Filibusterismo,21,MGA AYOS MAYNILA,134,—ang tanong na may kaunting pangamba ng baguhan.
El Filibusterismo,21,MGA AYOS MAYNILA,135,—¡E!
El Filibusterismo,21,MGA AYOS MAYNILA,136,¡Kailan ma’y hindi ako nangungutang ng loob!
El Filibusterismo,21,MGA AYOS MAYNILA,137,"—ang sabing nagmataas ni Tadeo—ako’y gumagawa nang mabuti, ngunit hindi ako nag-aantay na gantihin."
El Filibusterismo,21,MGA AYOS MAYNILA,138,"Kinagat ng baguhan ang kaniyang mga labi, lalo pang nangunti at naglagay ng magalang na layo sa pag-itan niya’t ng kaniyang kababayan."
El Filibusterismo,21,MGA AYOS MAYNILA,139,Nagpatuloy si Tadeo:
El Filibusterismo,21,MGA AYOS MAYNILA,140,—Iyan ang musikong si H....
El Filibusterismo,21,MGA AYOS MAYNILA,141,Iyan ang abogadong si J.
El Filibusterismo,21,MGA AYOS MAYNILA,142,"na bumigkas, na wari’y kaniya, ng isang talumpating nakatitik sa lahat ng aklat, at siya’y pinuri at hinangaan ng mga nakingig...."
El Filibusterismo,21,MGA AYOS MAYNILA,143,"Iyang bumababa sa isang hansomkab ay ang manggagamot na si K, na ang lalo niyang pinagsisikapan ay ang sakit ng mga bata, kaya’t pinanganlan siyang Herodes...."
El Filibusterismo,21,MGA AYOS MAYNILA,144,"Iyan ang mayamang si L, na walang nasasabisabi kundi ang kaniyang mga kayamanan at mga balaid.... ang makatang si M, na lagi nang tumutukoy sa mga bituin at sa mga bagaybagay ng dako pa roon...."
El Filibusterismo,21,MGA AYOS MAYNILA,145,"Hayan ang magandang asawa ni N, na palaging natatagpuang wala ang asawa kung dinadalaw ni Padre Q.... ang mangangalakal na hudiong si P, na isang libong piso ang dala nang pumarito at ngayo’y mayroon nang mga angawangaw...."
El Filibusterismo,21,MGA AYOS MAYNILA,146,"Iyong may mahabang balbas ay ang manggagamot na si R, na yumamang hindi dahil sa pagpapagaling kundi sa paggawa ng maysakit...."
El Filibusterismo,21,MGA AYOS MAYNILA,147,—¿Gumagawa ng maysakit?
El Filibusterismo,21,MGA AYOS MAYNILA,148,"—Oo, sa pagsisiyasat sa mga nasusundalo...."
El Filibusterismo,21,MGA AYOS MAYNILA,149,¡huwag kayong kumilos!
El Filibusterismo,21,MGA AYOS MAYNILA,150,"Iyang kagalanggalang na ginoo na maayos ang pagkakabihis, ay hindi mediko, ngunit isang manggagamot sui generis; taglay niyang buongbuo ang similia similibus...."
El Filibusterismo,21,MGA AYOS MAYNILA,151,Ang kapitan sa kawal na kabayuhan na kaniyang kasama ay siya niyang pinakagigiliw sa mga nag-aaral sa kaniya....
El Filibusterismo,21,MGA AYOS MAYNILA,152,"Iyang may suot na putian at ang sambalilo’y nakakiling, ay ang kawaning si S, na ang batayan ay ang kailan ma’y huwag magpakita ng ugaling magalang at muhingmuhi kapag nakakita ng isang sombrero na nakapatong sa ulo ng iba; sinasabing ginagawa niya ang gayon upang huwag mabili ang mga sombrerong aleman...."
El Filibusterismo,21,MGA AYOS MAYNILA,153,"Iyang dumarating na kasama ang kaniyang anak ay ang mayamang mangangalakal na si C, na kumikita ng mahigit sa isang daang libo.... ngunit ¿ano ang wiwikain mo kung sabihin ko sa iyo na may utang pa sa aking apat na piso, limangsikapat at labingdalawang kualta?"
El Filibusterismo,21,MGA AYOS MAYNILA,154,Ngunit sino ba naman ang sisingil sa isang mayamang gaya niyan?
El Filibusterismo,21,MGA AYOS MAYNILA,155,—¿May utang sa inyo ang ginoong iyan?
El Filibusterismo,21,MGA AYOS MAYNILA,156,—¡Mangyari!
El Filibusterismo,21,MGA AYOS MAYNILA,157,"isang araw ay iniligtas ko siya sa isang kagipitan; isang biyernes, ika pito’t kalahati ng umaga; naaalala ko pa; hindi pa ako nakapag-aagahan noon...."
El Filibusterismo,21,MGA AYOS MAYNILA,158,Ang babaing iyan na sinusundan ng isang matandang babai rin ay si Pepay na mananayaw.... ngayo’y hindi na nagsasayaw sapul ng.... ipinagbawal sa kaniya.... ng isang ginoong napakakatoliko at matalik kong kaibigan......
El Filibusterismo,21,MGA AYOS MAYNILA,159,Nariyan ang bulugang si Z; matitiyak na sumusunod kay Pepay upang ito’y pasayawing muli.
El Filibusterismo,21,MGA AYOS MAYNILA,160,"Isang mabuting tao na matalik kong kaibigan, wala kundi isang kapintasan: siya’y mistisong insik at nagpapanggap na taga España."
El Filibusterismo,21,MGA AYOS MAYNILA,161,¡Sst!
El Filibusterismo,21,MGA AYOS MAYNILA,162,"Tingnan mo si Ben-Zayb, iyang mukhang prayle, na may dalang lapis sa kamay at isang balumbong papel, iyan ang dakilang manunulat na si Ben-Zayb, matalik kong kaibigan; may isang katalinuhan!...."
El Filibusterismo,21,MGA AYOS MAYNILA,163,—Mawalang galang sa inyo ¿at iyang munting tao na may mga patillang puti?....
El Filibusterismo,21,MGA AYOS MAYNILA,164,"—Iyan ang naghalal sa kaniyang tatlong anak na babai, iyang tatlong maliliit, na mga auxiliar de Fomento upang makasingil ng sahod sa talaan ng Pamahalaan......"
El Filibusterismo,21,MGA AYOS MAYNILA,165,"Iya’y isang ginoong matalas ang pag-iisip, ngunit napakatalas!"
El Filibusterismo,21,MGA AYOS MAYNILA,166,gagawa ng isang kaululan at ibibintang.... sa iba; bibili ng isang baro at ang nagbabayad ay ang kabangbayan.
El Filibusterismo,21,MGA AYOS MAYNILA,167,"Matalas, matalas na matalas, ngunit napakatalas!...."
El Filibusterismo,21,MGA AYOS MAYNILA,168,Si Tadeo ay napahinto.
El Filibusterismo,21,MGA AYOS MAYNILA,169,—¿At iyang ginoong may astang mabangis at ang lahat ng tao’y tiningnan ng paalipusta?
El Filibusterismo,21,MGA AYOS MAYNILA,170,—ang tanong ng baguhan na itinuro ang isang taong iginagalaw na mapalalo ang ulo.
El Filibusterismo,21,MGA AYOS MAYNILA,171,"Ngunit si Tadeo ay hindi sumagot, inihaba ang liig upang tanawin si Paulita Gomez na dumarating na kasama ang isang kaibigan, si aling Victorina at si Juanito Pelaez."
El Filibusterismo,21,MGA AYOS MAYNILA,172,Binigyan sila nito ng isang palco at lalo pa manding kuba kay sa karaniwan.
El Filibusterismo,21,MGA AYOS MAYNILA,173,"Dating at dating ang mga sasakyan, dumarating ang mga artista na sa ibang pintuan ang pasok at sinusundan ng mga kaibigan at mga ligaw."
El Filibusterismo,21,MGA AYOS MAYNILA,174,Nang si Paulita’y makapasok na ay nagpatuloy si Tadeo:
El Filibusterismo,21,MGA AYOS MAYNILA,175,"—Iyan ang mga pamangking babai ng mayamang si kapitang D, iyang nangakasakay sa lando, ¿nakikita mong napakaganda’t napakainam ng pangangatawan?"
El Filibusterismo,21,MGA AYOS MAYNILA,176,"Sa loob ng ilang taon marahil ay pawang patay na o baliw.... ayaw si kapitang D, na sila’y mangag-asawa, at nahahalata na sa mga pamangkin ang pagkakahawa sa kabaliwan ng amain...."
El Filibusterismo,21,MGA AYOS MAYNILA,177,"Iyan ang binibining E, ang magmamana ng isang malaking kayamanan, na pinag-aagawan ng mundo at ng mga kombento..."
El Filibusterismo,21,MGA AYOS MAYNILA,178,¡Huwag kang umimik!
El Filibusterismo,21,MGA AYOS MAYNILA,179,¡iyan ay nakikilala ko!
El Filibusterismo,21,MGA AYOS MAYNILA,180,¡si Padre Irene!
El Filibusterismo,21,MGA AYOS MAYNILA,181,"nakabalat-kayo, may miyas na huwad lamang!"
El Filibusterismo,21,MGA AYOS MAYNILA,182,¡Nakikilala ko dahil sa kaniyang ilong!
El Filibusterismo,21,MGA AYOS MAYNILA,183,¡At siya pa namang labanglaban!....
El Filibusterismo,21,MGA AYOS MAYNILA,184,Gulilat na tiningnan ng baguhan at nakitang nakanlong ang isang lebita na mabuti ang tabas sa isang pulutong ng mga babai.
El Filibusterismo,21,MGA AYOS MAYNILA,185,—¡Ang tatlong Parka!
El Filibusterismo,21,MGA AYOS MAYNILA,186,"—ang patuloy ni Tadeo ng makitang dumarating ang tatlong dalagang mga yayat, mabuto, nangangalumata, maluluwang ang bibig at masagwa ang bihis,—ang mga pangalan niyan...."
El Filibusterismo,21,MGA AYOS MAYNILA,187,—¿Atropos?
El Filibusterismo,21,MGA AYOS MAYNILA,188,"—ang mahinang sabi ng baguhan na ibig magpakitang siya’y may kaunting kaalaman, kahi’t sa mitolohiya man lamang."
El Filibusterismo,21,MGA AYOS MAYNILA,189,"—Hindi, tao ka, ang mga pangalan niyan ay mga binibini ni Balcon, mga mapamintas, mga matatandang dalaga, mamumula...."
El Filibusterismo,21,MGA AYOS MAYNILA,190,"Ang lahat ay kinamumuhian, ang mga lalaki, ang mga babai, ang mga bata...."
El Filibusterismo,21,MGA AYOS MAYNILA,191,"Ngunit tingnan mo’t sa piling ng kasamaan, ay inilalagay ng Dios ang lunas, kung minsan nga lamang ay nahuhuli."
El Filibusterismo,21,MGA AYOS MAYNILA,192,"Sa likod ng mga Parca, na panakot sa bayan, ay dumarating ang tatlong iyan, na ipinagmamalaki ng kanilang mga kaibigang kinabibilangan ko."
El Filibusterismo,21,MGA AYOS MAYNILA,193,"Iyang binatang payat na malalaki ang mata, hukod ng kaunti na ang kilos ay madalas dahil sa hindi umabot ng billete, iyan ay ang kimikong si S, sumulat ng maraming pagsusuri at mga gawaing ukol sa karunungan na ang ilan ay nagtamo ng ganting pala at nabantog na lahat; ang sabi ng mga kastila sa kaniya’y maaasahan, maaasahan...."
El Filibusterismo,21,MGA AYOS MAYNILA,194,Ang umaawat sa kaniya na ang tawa’y gaya ni Voltaire ay ang makatang si T.
El Filibusterismo,21,MGA AYOS MAYNILA,195,"batang matalino, matalik kong kaibigan, at dahil nga sa kaniyang katalinuhan ay itinapon ang panitik."
El Filibusterismo,21,MGA AYOS MAYNILA,196,"Ang isa na nagpapalagay na sila’y makipasok sa mga artista sa isang pintuan ay ang binatang manggagamot na si M, na nakagawa na ng maraming mabubuting paggamot; siya man ay sinabi ring maaasahan.... hindi lubhang kuba na gaya ni Pelaez, ngunit higit dito sa katalasan at lalo pang palabiro."
El Filibusterismo,21,MGA AYOS MAYNILA,197,Inaakala kong sampung si kamatayan ay hinihilo at pinagsisinungalingan.
El Filibusterismo,21,MGA AYOS MAYNILA,198,—¿At iyang ginoong kayumanggi na ang miyas ay wari’y tutsang?
El Filibusterismo,21,MGA AYOS MAYNILA,199,—¡A!
El Filibusterismo,21,MGA AYOS MAYNILA,200,"iyan ang mangangalakal na si F, na ang lahat ng bagay ay pinagdadayaan, sampu ng kaniyang fe de bautismo; pinagpipilitan niyang maging mistisong kastila sa lahat ng paraan at iniuubos ang buong kaya upang malimot ang sarili niyang wika."
El Filibusterismo,21,MGA AYOS MAYNILA,201,—Datapwa’y napakapuputi ang kaniyang mga anak na babai....
El Filibusterismo,21,MGA AYOS MAYNILA,202,"—¡Oo, at iyan nga ang sanhi kung bakit mataas ang halaga ng bigas, gayong wala namang kinakain iyan kundi tinapay!"
El Filibusterismo,21,MGA AYOS MAYNILA,203,Hindi malinawan ng baguhan ang pagkakalahok ng halaga ng bigas sa kaputian ng mga dalagang iyon.
El Filibusterismo,21,MGA AYOS MAYNILA,204,"—Nariyan ang lumiligaw, iyang binatang payat, kayumanggi, ang lakad ay mahinay na sumusunod sa kanila at bumating anyong mapag-ampon sa tatlong magkakaibigang nangagtatawa sa kaniya.... iya’y isang nagbabata nang dahil sa kaniyang mga akala, sa kaniyang panununton sa nasabi."
El Filibusterismo,21,MGA AYOS MAYNILA,205,Ang baguhan ay nagtaglay ng paghanga at paggalang sa binata.
El Filibusterismo,21,MGA AYOS MAYNILA,206,"—May kilos hangal, at hangal ngang sadya,—ang patuloy ni Tadeo—tubo iyan sa S. Pedro Makati at di gumagamit ng maraming bagay: kailan ma’y hindi naliligo ni hindi tumitikim ng baboy, sapagka’t sang-ayon sa sabi niya’y hindi kumakain noon ang mga kastila at dahil din sa katwirang iyon ay hindi kumakain ng kanin, patis ni bagoong, kahi’t na siya mamatay ng gutom at magtulo ang kaniyang laway...."
El Filibusterismo,21,MGA AYOS MAYNILA,207,"Lahat ng galing sa Europa, bulok o naiimbak, ay masarap na masarap sa kaniya, at may isang buwan pa lamang na iniligtas siya ni Basilio sa isang pamamaga ng sikmura: kumain ng isang pasopasoang kelwa upang ipakilalang siya’y europeo!"
El Filibusterismo,21,MGA AYOS MAYNILA,208,Nang mga sandaling iyon ay nagsimula ang orkesta sa pagtugtog ng isang balse.
El Filibusterismo,21,MGA AYOS MAYNILA,209,—¿Nakikita mo ang ginoong iyan?
El Filibusterismo,21,MGA AYOS MAYNILA,210,¿iyang payagot na bibiling-biling ang ulo at naghahanap na siya’y batiin?
El Filibusterismo,21,MGA AYOS MAYNILA,211,"Iyan ang bantog na Gobernador sa Pangasinan, isang taong hindi makakain kapag may isang indio na hindi nagpugay sa kaniya...."
El Filibusterismo,21,MGA AYOS MAYNILA,212,Kaunti nang mamatay kung di nalagda ang bando ng pagpupugay na siyang sanhi ng kaniyang kabantugan.
El Filibusterismo,21,MGA AYOS MAYNILA,213,¡Kaawa-awang tao!
El Filibusterismo,21,MGA AYOS MAYNILA,214,may tatlong araw pa lamang na kagagaling niya sa lalawigan at ¡gaano na ang ipinangayayat!
El Filibusterismo,21,MGA AYOS MAYNILA,215,¡o!
El Filibusterismo,21,MGA AYOS MAYNILA,216,"¡nariyan ang dakilang tao, ang di matingkala, ibukas mo ang iyong mga mata!"
El Filibusterismo,21,MGA AYOS MAYNILA,217,—¿Sino?
El Filibusterismo,21,MGA AYOS MAYNILA,218,¿Iyang nakakunot ang kilay?
El Filibusterismo,21,MGA AYOS MAYNILA,219,"—Oo, iyan ang si D. Custodio, ang labusaw na si Don Custodio, nakakunot ang kilay sapagka’t may iniisip na makabuluhang panukala...."
El Filibusterismo,21,MGA AYOS MAYNILA,220,¡Kung maisasagawa lamang ang laman ng kaniyang utak ay iba sana ang lakad!
El Filibusterismo,21,MGA AYOS MAYNILA,221,¡Ah!
El Filibusterismo,21,MGA AYOS MAYNILA,222,"¡naririto’t dumarating si Makaraig, ang iyong kasambahay!"
El Filibusterismo,21,MGA AYOS MAYNILA,223,"Tunay nga, dumarating si Makaraig na kasama si Pecson, si Sandoval at si Isagani."
El Filibusterismo,21,MGA AYOS MAYNILA,224,Nang makita sila ni Tadeo ay sumalubong at binati sila.
El Filibusterismo,21,MGA AYOS MAYNILA,225,—¿Hindi ba kayo paparito?
El Filibusterismo,21,MGA AYOS MAYNILA,226,—ang tanong ni Makaraig.
El Filibusterismo,21,MGA AYOS MAYNILA,227,—Wala na kaming inabot na billete....
El Filibusterismo,21,MGA AYOS MAYNILA,228,"—Mabuting pagkakataon, mayroon kaming isang palko—ani Makaraig—si Basilio ay hindi makapaparito.... sumama na kayo sa amin."
El Filibusterismo,21,MGA AYOS MAYNILA,229,Hindi na naantay ni Tadeo na ulitin ang anyaya.
El Filibusterismo,21,MGA AYOS MAYNILA,230,"Ang baguhan, sa pangingilag na makagambala, dala ng katakutang taglay ng sino mang provinciano, ay nagdahilan at hindi nagawang siya’y mapapasok."
El Filibusterismo,22,ANG PALABAS,1,"Ang anyo ng dulaan ay masimbuyo; punongpuno, at sa entrada general, sa mga daanan ay maraming tao ang nakikitang nakatayo, nagkakahirap sa pagtataas ng ulo o makasilip man lamang sa pagitan ng isang liig at isang tainga."
El Filibusterismo,22,ANG PALABAS,2,"Ang mga palkong walang takip, na ang karamihan ay puno ng mga babai, ay nag-aanyong pangnan ng bulaklak, na ang mga talulot ay pinagagalaw ng mahinang simuy (ang tinutukoy namin ay ang mga pamaypay) at doo’y naghuhumbahan ang libo-libong hayophayupan."
El Filibusterismo,22,ANG PALABAS,3,"Sa dahilang may mga bulaklak na masasarap o matitindi ang amoy, mga bulaklak na pumapatay at mga bulaklak na nakaaaliw, sa mga pangnan ng ating dulaan ay nasasamyo rin ang mga gayong amoy, nakadidingig ng mga salitaan, usapan, mga salitang sumisigid at ngumangatngat."
El Filibusterismo,22,ANG PALABAS,4,"May tatlo o apat na palko lamang ang walang laman kahi’t napakagabi na; ikawalo’t kalahati ang takdang pagsisimula ng palabas, ngunit kulang na lamang ng labinglimang minuto sa ika siyam ay hindi pa itinataas ang tabing sapagka’t ang Capitan General ay hindi pa dumarating."
El Filibusterismo,22,ANG PALABAS,5,"Ang mga nasa entrada general, inip na’t siki sa kanilang mga uupan, ay nanggugulo na’t nag-iingay sa kapapadyak at kapapalo ng mga tungkod sa tuntungan."
El Filibusterismo,22,ANG PALABAS,6,"—¡Bum, bum, bum!"
El Filibusterismo,22,ANG PALABAS,7,¡buksan na ang tabing!
El Filibusterismo,22,ANG PALABAS,8,"¡bum, bum, bum!"
El Filibusterismo,22,ANG PALABAS,9,Ang mga artillero ay siyang lalong maiingay.
El Filibusterismo,22,ANG PALABAS,10,"Ang mga kaagaw ni Marte, gaya ng tawag sa kanila ni Ben-Zayb, ay hindi nasisiyahan sa tugtuging ito; sapagka’t inaakala marahil na sila’y nasa sa isang “plaza de toros” ay binabati ang mga babaing magdaan sa kanilang harap ng mga salitang dahil sa pabaligtad na banggit ay tinatawag na bulaklak, sa Madrid, gayong kung minsan ay nangahahawig sa umaalingasaw na yamutmot."
El Filibusterismo,22,ANG PALABAS,11,Hindi pinapansin ang mga pagalit na tingin ng mga asawa at ipinahahayag nang malakas ang mga damdamin at mga pagnanasang pinabubukal sa kanilang kalooban ng gayong karaming kagandahan....
El Filibusterismo,22,ANG PALABAS,12,"Sa mga butaka, na waring kinatatakutang babaan ng mga babai, sapagka’t wala roon ni isa man sa kanila, ay isang alingawngaw nang bulongbulungan ang naghahari, tawanang pinipigil, sa gitna nang ulap na aso...."
El Filibusterismo,22,ANG PALABAS,13,"Pinagtatalunan ang kabutihan ng mga artista, pinag-uusapan ang mga kaguluhan, na ang General ay nakipagkagalit sa mga prayle, na kung ang pagparoon ng General sa palabas na iyon ay isang paghamon o isang pagnanasa lamang na makakita; hindi ang mga bagay na ito ang iniisip ng iba kungdi ang akitin ang paningin ng mga babai sa tulong ng pag-upong mabikas, na wari’y mga estatua, at pinagagalaw ang mga suot na singsing, lalonglalo na kung inaakalang sila’y tinutudlaan ng walang humpay na katitingin ng isang largabista; ang iba’y bumabati sa gayong babai o binibini na iniyuyuko ng kaunti ang ulo, samantalang ibinubulong sa kalapit na:"
El Filibusterismo,22,ANG PALABAS,14,—¡Kakutyakutya!
El Filibusterismo,22,ANG PALABAS,15,¡nakaiinis!
El Filibusterismo,22,ANG PALABAS,16,"Ang babai’y sasagot sa pamagitan ng lalong masarap niyang ngiti at isang kalugodlugod na galaw ng ulo, at bumubulong sa kaibigang nakikisang-ayon, sa pagitan ng dalawang galaw na banayad ng pamaypay, na:"
El Filibusterismo,22,ANG PALABAS,17,—¡Napakamahangin!
El Filibusterismo,22,ANG PALABAS,18,Ulol na sa pag-ibig.
El Filibusterismo,22,ANG PALABAS,19,"Samantala nama’y dumadalas ang kapapalo: ¡bum, bum, bum!"
El Filibusterismo,22,ANG PALABAS,20,¡tok-tok-tok!
El Filibusterismo,22,ANG PALABAS,21,wala nang natitirang walang laman kungdi dadalawang palko at ang sa General na natatangi dahil sa mga tabing na tersiopelong pula.
El Filibusterismo,22,ANG PALABAS,22,"Ang orkesta ay tumugtog ng isa pang balse, ang taong naroroon ay tumututol; mabuti na lamang at dumating ang isang maawaing magiting na nakalibang sa madla’t nakapagligtas sa may ari ng palabas; isang ginoong umupo sa isang butaka at ayaw tumindig ng dumating ang may-ari ng luklukan, na dili iba’t ang mapagbulaybulay na si D. Primitivo."
El Filibusterismo,22,ANG PALABAS,23,Nang makita ni D. Primitivo na hindi makahinuhod sa taong iyon ang kaniyang pangangatwiran ay tinawag ang taga-ayos.
El Filibusterismo,22,ANG PALABAS,24,—¡Ayokong tumindig!
El Filibusterismo,22,ANG PALABAS,25,ang tugon ng magiting na lalaki na hinihitit na payapang payapa ang kaniyang sigarilyo.
El Filibusterismo,22,ANG PALABAS,26,Ang taga-ayos ay lumapit sa namamahala.
El Filibusterismo,22,ANG PALABAS,27,—¡Ayokong tumindig!
El Filibusterismo,22,ANG PALABAS,28,ang ulit at nagpakabuti sa pag-upo.
El Filibusterismo,22,ANG PALABAS,29,Ang namamahala’y umalis samantalang ang mga artillero sa entrada ay sabaysabay na umaawit ng:
El Filibusterismo,22,ANG PALABAS,30,—¡Sa hindi!
El Filibusterismo,22,ANG PALABAS,31,¡Sa oo!
El Filibusterismo,22,ANG PALABAS,32,¡Sa hindi!
El Filibusterismo,22,ANG PALABAS,33,¡Sa oo!
El Filibusterismo,22,ANG PALABAS,34,"Ang taong iyon, na napuna nang lahat, ay nag-akalang ang pag-urong ay ikabababa niya, kaya’t nangunyapit sa butaka samantalang inuulit ang kasagutan sa dalawang veterana na tinawag ng namamahala."
El Filibusterismo,22,ANG PALABAS,35,"Alang-alang sa tinataglay na katungkulan ng naglalaban ay tinawag ng mga bantay ang kabo, samantalang ang lahat ng taong naroroon ay bumigay ng matinding pagakpakan at pinupuri ang katigasan ng ginoong iyon na patuloy rin sa pagkakaupo na wari’y isang senador romano."
El Filibusterismo,22,ANG PALABAS,36,"Nadingig ang pasuwitan at galit na lumingon ang ginoong may matigas na kalooban sapagka’t inakalang siya ang sinusutsutan: nadingig ang takbuhan ng mga kabayo, naramdaman ang kilusan; ang sino man ay mag-aakalang sumabog ang isang himagsikan o kun di man ay isang pagkakagulo; hindi, inihinto ng orkesta ang balse at tinugtog ang marcha real; ang marangal na Capitan General at Gobernador nang sangkapuluan ang dumarating: hinanap siya ng lahat nang mata, sinundan siya ng tingin, nawala at sa kahulihulihan ay natanaw sa kaniyang palko, at, matapos na makatingin sa lahat ng pook at magawang mapalad ang ilan sa pamag-itan ng isang makapangyarihang bati, ay umupo na waring isang tao sa ibabaw ng isang sillon na nag-aantay sa kaniya."
El Filibusterismo,22,ANG PALABAS,37,Saka pa lamang huminto ang mga artillero at tinugtog ng orkesta ang pasimula.
El Filibusterismo,22,ANG PALABAS,38,Ang ating mga nag-aaral ay nasa isang palkong katapat ng kinalalagyan ng mananayaw na si Pepay.
El Filibusterismo,22,ANG PALABAS,39,Ang palkong ito’y handog ni Makaraig na nakipag-alam na sa babai upang mapalambot si D. Custodio.
El Filibusterismo,22,ANG PALABAS,40,"Nang hapong iyon ay sumulat si Pepay sa bantog na mamamalagay, na nag-aantay ng kasagutan at tinipanang magtagpo sila sa dulaan."
El Filibusterismo,22,ANG PALABAS,41,"Dahil dito, kahi’t na pinakalabanlabanan ni D. Custodio ang operetang pranses, ay naparoon din sa dulaan, bagay na naging sanhi ng mga pasaring na pinatatama sa kaniya ni D. Manuel, ang kaniyang malaon nang kalaban sa mga pulong ng Ayuntamiento."
El Filibusterismo,22,ANG PALABAS,42,—¡Naparito ako upang hatulan ang opereta!
El Filibusterismo,22,ANG PALABAS,43,—ang tugon na wari’y isang Caton na nasisiyahan sa sariling budhi.
El Filibusterismo,22,ANG PALABAS,44,"Si Makaraig nga ay nakikipaghudyatan sa tingin kay Pepay na ang ibig sabihin nito’y mayroong ipababatid; at sa dahilang masaya ang mukha ng mananayaw, ay sinasapantaha na ng lahat na ang tagumpay ay napagtibay na."
El Filibusterismo,22,ANG PALABAS,45,"Si Sandoval, na kararating pa lamang na galing sa pagdalaw sa ibang palko, ay nagpatibay na ang kapasiyahan ay naging sang-ayon, at ng hapon ding yaon sinuri ng kataastaasang lupon at sinang-ayunan."
El Filibusterismo,22,ANG PALABAS,46,"Pawa ngang kagalakang lahat; sampu ni Pecson ay nakalimot sa kaniyang pagka di mapaniwalain sa mabubuting balita dahil sa namamalas na si Pepay ay nakangiting ipinakikita ang isang sulat; si Sandoval at si Makaraig ay kapuwa nagdudulutan ng maligayang bati, si Isagani lamang ang natitirang malamig at bahagya nang mangiti."
El Filibusterismo,22,ANG PALABAS,47,¿Ano ang nangyari sa binata?
El Filibusterismo,22,ANG PALABAS,48,Nang pumasok si Isagani sa dulaan ay nakita si Paulita sa isang palko at kinakausap ni Juanito Pelaez.
El Filibusterismo,22,ANG PALABAS,49,Siya’y namutla’t sinapantahang siya’y nagkamali.
El Filibusterismo,22,ANG PALABAS,50,"Ngunit hindi, sadyang ang binibini ang naroroon na bumabati sa kaniya ng isang masarap na ngiti samantalang ang magagandang mata’y waring humihinging tawad at nangangakong isasaysay ang sanhi noon."
El Filibusterismo,22,ANG PALABAS,51,"Sadya ngang silang dalawa’y nagkasundo na si Isagani muna ang papasok upang tingnan kung sa palabas ay walang anomang hindi nararapat mapanood ng isang binibini, at saka ngayon ay natagpuan doon na kasama pa naman ng kaniyang kaagaw."
El Filibusterismo,22,ANG PALABAS,52,"Ang dumanas sa kaluluwa ni Isagani’y hindi maisasaysay: galit, panibugho, pagkaduhagi, pagdaramdam, ang bumayo sa kalooban ng binata: may sandaling ninasa na ang dulaan ay gumuho; tinangkang humalakhak ng malakas, alimurahin ang kaniyang iniibig, hamunin ang kaniyang kaagaw, gumawa ng gulo, ngunit ang nayari sa kaniyang loob ay ang umupong dahandahan na lamang at huwag tingnan ni minsan ang binibini."
El Filibusterismo,22,ANG PALABAS,53,"Nadidingig ang mga munakala nina Makaraig at Sandoval, ngunit waring sa kaniya’y malalayong alingawngaw ang gayon: ang mga himig ng balse ay waring malulungkot at nakahahambal sa ganang kaniya; ang mga naroroon ay pawang hunghang at baliw, at makailang kinailangan niya ang magpigil upang maimpit ang pagluha."
El Filibusterismo,22,ANG PALABAS,54,"Bahagya na niyang napuna ang nangyari sa ginoong ayaw tumindig sa butaka at ang pagdating ng Capitan General; ang tinatanaw niya ay ang tabing ng paglalabasan na may pintang anyong daanan, sa pag-itan ng malalaking tabing na mapupula, na tanaw sa isang halamanang sa gitna’y may daluyan ng tubig."
El Filibusterismo,22,ANG PALABAS,55,"¡Gaano kalungkot, sa wari niya, ang daanang yaon at gaano kalamlam nang anyo nang tanawin!"
El Filibusterismo,22,ANG PALABAS,56,"Libo-libong pagbubulay na walang linaw ang sumisipot sa kaniyang alaala, na wari’y malalayong ulinignig ng tugtugang nadidingig sa kinagabihan, wari’y himig ng isang awit ng panahon ng kabataan niya, alingawngaw ng ulilang kagubatan at mapapanglaw na batisan, mga gabing may buwan sa tabi ng dagat na nalalatag ng buong kalaparan sa harap ng kaniyang paningin...."
El Filibusterismo,22,ANG PALABAS,57,At ang umiibig na binatang nag-aakalang napakasawing palad siya ay tumingatingala sa bubungan upang ang mga patak ng luha’y huwag makapulas sa kaniyang mga mata.
El Filibusterismo,22,ANG PALABAS,58,Isang matinding pagakpakan ang nakapukaw sa kaniyang pag-iisip.
El Filibusterismo,22,ANG PALABAS,59,Kabubukas pa lamang ng tabing at naharap sa kaniyang mga mata ang masayang pulutong ng mga taong bukid sa Corneville na nangakasuot ng gorrang bulak at mabibigat na bakyang kahoy ang nasa paa.
El Filibusterismo,22,ANG PALABAS,60,"Ang mga babai, mga anim o pitong dalaga, na may pahid na pula sa mga pisngi’t labi, may malalaking guhit na itim sa paligid ng mata upang lalong pakinangin ito, ay ipinamamalas ang kanilang mapuputing bisig, mga daliring puno ng brillante at mga hitang mabibilog na wari’y nilalik."
El Filibusterismo,22,ANG PALABAS,61,"At samantalang inaawit ang mga salitang normando na allez, marchez!"
El Filibusterismo,22,ANG PALABAS,62,"allez, marchez!"
El Filibusterismo,22,ANG PALABAS,63,"ay nangakangiti ng tiyakan sa mga nasa butakang umiirog sa kanila, kaya’t matapos na makatingin si D. Custodio sa palko ni Pepay, na wari’y ibig matunayang hindi ito gumagawa ng gayon din sa ibang nangingibig, ay itinala sa kaniyang kalupi ang kahalayang iyon, at upang lalo pang matunayan ay iniyuko pa ng kaunti ang ulo upang makita kung ang ipinatatanaw ng mga artistang babai ay umaabot hanggang tuhod."
El Filibusterismo,22,ANG PALABAS,64,"—¡O, ang mga pransesang ito!"
El Filibusterismo,22,ANG PALABAS,65,"—ang kaniyang bulong, samantalang ang pag-iisip ay nagbubuko ng mga pagpaparisparis at panukala sa isang dakong mataastaas pa ng kaunti."
El Filibusterismo,22,ANG PALABAS,66,"Quoi v’la tous les cancans d’la s’maine!.... ang awit ni Gertrude, isang magandang dalaga na sumusulyap ng makahulugang sulyap sa Capitan General."
El Filibusterismo,22,ANG PALABAS,67,—¡Magkakaroon tayo ng cancan!
El Filibusterismo,22,ANG PALABAS,68,"—ang bulalas ni Tadeo, ang nakakuha ng unang ganting pala sa pranses sa kaniyang klase, at nakaulinig ng tinurang salita."
El Filibusterismo,22,ANG PALABAS,69,"—Mangagsasayaw ng cancan, Makaraig."
El Filibusterismo,22,ANG PALABAS,70,At masayang pinagkumos ang kaniyang mga kamay.
El Filibusterismo,22,ANG PALABAS,71,"Sapol ng buksan ang tabing ay hindi inaalumana ni Tadeo ang tugtugin; wala siyang hinahanap kundi ang kahalayan, ang bagay na malaswa, ang salaulang anyo at kagayakan, at sa tulong ng kaunting pranses na kaniyang nalalaman ay tinatalasan ang pangdingig upang huwag mapalampas ang mga salitang malalansa na ipinamalita ng mga mahihigpit na taga ayos ng bayan."
El Filibusterismo,22,ANG PALABAS,72,"Si Sandoval, na nagsasabing mabuti siya sa pranses, ay naging wari tagasalin ng kaniyang mga kaibigan."
El Filibusterismo,22,ANG PALABAS,73,"Gaya rin ng nalalaman ni Tadeo ang kaniyang abot, ngunit malaki ang naitutulong sa kaniya ng mga salaysay ng katuturan na inilathala ng mga pahayagan, at ang iba pa’y natatakpan na ng sarili niyang bulaybulay."
El Filibusterismo,22,ANG PALABAS,74,—Oo—aniya—mangagsasayaw ng kankan at ang babai ang siyang mamamahala.
El Filibusterismo,22,ANG PALABAS,75,Si Makaraig at si Pecson ay humanda na sa pakikimatyag at nangakangiti na hindi pa man.
El Filibusterismo,22,ANG PALABAS,76,"Si Isagani’y sa ibang pook tumingin, nakukutyang si Paulita ay nakadalo sa gayong pagtatanghal, at iniisip na dapat hamunin ng patayan sa kinabukasan si Juanito Pelaez."
El Filibusterismo,22,ANG PALABAS,77,Ngunit walang napala ang kaaantay ng ating mga binata.
El Filibusterismo,22,ANG PALABAS,78,"Dumating si Serpolette, isang kaigaigayang dalaga, na taglay rin ang gorrang bulak, na nanghahamon at matapang;"
El Filibusterismo,22,ANG PALABAS,79,Hein!
El Filibusterismo,22,ANG PALABAS,80,qui parle de Serpolette?
El Filibusterismo,22,ANG PALABAS,81,"ang tanong sa mga dalahira, at ang kamay ay nasa baywang at ang asta’y matapang."
El Filibusterismo,22,ANG PALABAS,82,Isang ginoo ang pumagakpak at pagkatapos ay sumunod ang lahat nang nasa butaka.
El Filibusterismo,22,ANG PALABAS,83,"Si Serpolette, kahi’t hindi iniiwan ang anyo niyang makisig na babai, ay tumingin sa unang pumagakpak at ginanti ito ng isang ngiti, na nagpakita ng maliliit niyang ngipin na wari’y isang collar na perlas na nakasilid sa isang lalagyang tersiopelong pula."
El Filibusterismo,22,ANG PALABAS,84,"Sinundan ni Tadeo ang tingin at nakita ang isang ginoo, na may balatkayong miyas at may isang napakahabang ilong."
El Filibusterismo,22,ANG PALABAS,85,—¡Voto al chapiro!
El Filibusterismo,22,ANG PALABAS,86,—aniya—¡si Irenillo!
El Filibusterismo,22,ANG PALABAS,87,"—Oo—ang sagot ni Sandoval—nakita ko sa loob, na kausap ng mga artistang babai."
El Filibusterismo,22,ANG PALABAS,88,"Siya nga, si P. Irene, na isang mawilihing lubha sa musika at nakatataho nang pranses, ay pinaparoon ni P. Salvi sa dulaan na wari’y isang polisiya sekreta; gayon ang kaniyang sabi sa mga taong sa kaniya’y makakilala."
El Filibusterismo,22,ANG PALABAS,89,"At gaya ng mabubuting manunuri na hindi nasisiyahang tingnan mula sa malayo ang mga bagaybagay, ay tinangka niyang siyasatin sa malapit ang mga artista; nakihalo sa pulutong ng mga mangliligaw at makikisig, pumasok sa bihisan na pinagdadausan ng mga satsatan at ang wikang pranses na ginagamit ay papilipit, wikang tindang pranses, salitang malinaw na malinaw sa babaing nagtitinda kailan ma’t ang mamimili ay laan sa pagbabayad ng mabuti."
El Filibusterismo,22,ANG PALABAS,90,"Si Serpolette ay nalilibid ng dalawang makiyas na opisial, ng isang mangdaragat at ng isang abogado, nang makitang susuboksubok at pumapasok sa lahat ng pook at mga puwang ang isang mahabang ilong na waring sa tulong noon ay sinisiyasat ang mga kababalaghan ng palabasan."
El Filibusterismo,22,ANG PALABAS,91,"Pinigil ni Serpolette ang pagsasalita, ikinunot ang kilay, itinaas, binuksan ang bibig, at dala ang kaliksihan nang isang parisien ay iniwan ang mga humahanga sa kaniya at tinakbong wari’y isang torpedo ang ating manunuri."
El Filibusterismo,22,ANG PALABAS,92,"—Tiens, tiens, Toutau!"
El Filibusterismo,22,ANG PALABAS,93,mon lapin!
El Filibusterismo,22,ANG PALABAS,94,—ang bulalas na hinawakan sa bisig si P. Irene at masayang inalog-alog ito samantalang ipinaiilanlang sa hangin ang kaniyang mataginting na tingig.
El Filibusterismo,22,ANG PALABAS,95,"—Chut, chut!"
El Filibusterismo,22,ANG PALABAS,96,—ang sabi ni P. Irene na nagpupumilit makapagkanlong.
El Filibusterismo,22,ANG PALABAS,97,"—Mais, comment!"
El Filibusterismo,22,ANG PALABAS,98,"toi ici, grosse bete!"
El Filibusterismo,22,ANG PALABAS,99,Et moi qui t’croyais....
El Filibusterismo,22,ANG PALABAS,100,"—’Fais pas d’tapage, Lily!"
El Filibusterismo,22,ANG PALABAS,101,¡il faut m’respecter!
El Filibusterismo,22,ANG PALABAS,102,’suis ici l’Pape!
El Filibusterismo,22,ANG PALABAS,103,Lubhang naghirap muna si P. Irene bago napahinuhod ang babai.
El Filibusterismo,22,ANG PALABAS,104,Ang masayang si Lily ay lubhang enchantee sa pagkakatagpo sa Maynila sa isang dating kaibigan na nagpapaalaala sa kaniya ng mga coulisses ng dulaan ng Grande Opera.
El Filibusterismo,22,ANG PALABAS,105,"At yaon nga ang dahil kung kaya’t si P. Irene, sa pagtupad sa kaniyang katungkulang pagiging kaibigan at pagkamanunuri, ay nagsimula ng isang pagakpakan upang mapalakas ang loob ng babai: karapatdapat naman si Serpolette sa gayon."
El Filibusterismo,22,ANG PALABAS,106,"Samantala’y inaantay ng ating mga binata ang kankan; si Pecson ay nagkakandidilat, mayroon ng lahat ng bagay, ang kankan lamang ang wala."
El Filibusterismo,22,ANG PALABAS,107,"Nagkaroon ng isang sandali na kung hindi dumating ang isang taong may katungkulan ay magpapanuntukan na sana ang mga babai, mangagsasabunutan, dahil sa udyok ng mga taong nag-aantay, gaya ng ating mga nag-aaral, na makakita ng higit pa kay sa isang kankan."
El Filibusterismo,22,ANG PALABAS,108,"Ang tugtugin ay huminto, nangagsialis ang mga lalaki, untiunting bumalik ang mga babai at nagsimula sila sa isang pag-uusap na walang nalinawang anoman ang ating mga kaibigan."
El Filibusterismo,22,ANG PALABAS,109,Ang pinag-uusapan ay pagsira sa isang hindi kaharap.
El Filibusterismo,22,ANG PALABAS,110,—¡Animo’y mga makaw sa magpapansit!
El Filibusterismo,22,ANG PALABAS,111,—ang sabing marahan ni Pecson.
El Filibusterismo,22,ANG PALABAS,112,—¿At ang kankan?
El Filibusterismo,22,ANG PALABAS,113,—ang tanong ni Makaraig.
El Filibusterismo,22,ANG PALABAS,114,—¡Pinagtatalunan ang pook na lalong bagay na pagsayawan!
El Filibusterismo,22,ANG PALABAS,115,—ang tugong walang katawatawa ni Sandoval.
El Filibusterismo,22,ANG PALABAS,116,—¡Animo’y mga makaw sa magpapansit!
El Filibusterismo,22,ANG PALABAS,117,—ang ulit ni Pecson na masama ang loob.
El Filibusterismo,22,ANG PALABAS,118,Isang babaing kasama ang asawa ay pumasok ng mga sandaling iyon at lumuklok sa isa ng dalawang palkong walang laman.
El Filibusterismo,22,ANG PALABAS,119,"Ang galaw ay wari’y reina at tinitingnan nang pawalang bahala ang buong salas na waring ang ibig sabihin ay: “Nahuli pa ako kay sa inyo, talaksan ng mga tiwali at malalayo sa tunog ng kampana, dumating akong huli pa kay sa inyo”."
El Filibusterismo,22,ANG PALABAS,120,"Tunay nga, may mga taong pumaparoon sa mga dulaan na kagaya ng mga burro sa takbuhan: nananalo ang huling dumating."
El Filibusterismo,22,ANG PALABAS,121,Nakakikilala kami ng mga taong lubhang matitino na aakyat na muna sa isang bibitayan kay sa pumasok sa loob ng dulaan bago simulan ang unang bahagi.
El Filibusterismo,22,ANG PALABAS,122,Ngunit ang katuwaan ng babai’y hindi nagluwat; nakita ang isang palko na wala pang laman; ikinunot ang kilay at kinagalitan ang kaniyang mahal na kabiyak at nag-ingay nang di gayon na lamang kaya’t ang maraming naroon ay nangayamot.
El Filibusterismo,22,ANG PALABAS,123,—¡Sst!
El Filibusterismo,22,ANG PALABAS,124,¡sst!
El Filibusterismo,22,ANG PALABAS,125,—¡Ang mga hangal!
El Filibusterismo,22,ANG PALABAS,126,wari’y marurunong ng pranses!
El Filibusterismo,22,ANG PALABAS,127,—anang babai na tumingin ng lubos na paalipusta sa lahat ng dako at tumitig sa palko ni Juanito na sa akala niya’y doon nadingig na nagbuhat ang isang walang pitagang sst.
El Filibusterismo,22,ANG PALABAS,128,"Sadya ngang si Juanito ay may kasalanan; sa simula pa’y kunwaring nauunawa niyang lahat at umaastang ngumingiti, tumatawa at pumapagakpak ng tama, na waring walang nakakakawala sa kaniya sa mga sinasabi."
El Filibusterismo,22,ANG PALABAS,129,Gayong hindi siya umaalinsunod sa kilos ng mga artista sapagka’t bahagya ng tumanaw sa pinaglalabasan.
El Filibusterismo,22,ANG PALABAS,130,"Sinasadya ng mapagbiro ang pagsasabi kay Paulita, na, dahil sa mayroon namang lalo pang magaganda ay ayaw siyang mapagod sa pagtingin sa malayo...."
El Filibusterismo,22,ANG PALABAS,131,"Si Paulita ay namumula, tinatakpan ng pamaypay ang mukha at palihim na tumitingin sa kinalalagyan ni Isagani, na hindi tumatawa ni pumapagakpak at nanonood na hindi pinupuna ang palabas."
El Filibusterismo,22,ANG PALABAS,132,Si Paulita ay nagdamdam ng sama ng loob at panibugho; ¿naiibigan kaya ni Isagani ang mga mapanuksong mga artistang iyon?
El Filibusterismo,22,ANG PALABAS,133,Ang pag-aakalang ito’y nakapagpasama ng kaniyang ulo kaya’t bahagya nang nadingig ang mga pagpuring ginawa ni aling Victorina kay Juanito.
El Filibusterismo,22,ANG PALABAS,134,"Ginaganap na mabuti ni Juanito ang kaniyang tungkulin; maminsan minsan ay umiiling, tanda ng di kasiyahang loob, at sa gayon naman ay nakadidingig ng ubuhan, alingawngaw sa ilang pook; kung minsan ay ngumingiti, tumatango at makaraan ang sandali’y umuugong ang pagakpakan."
El Filibusterismo,22,ANG PALABAS,135,Si aling Victorina ay wilingwili at nagkaroon na tuloy ng hangad na pakasal sa binata sa araw na si D. Tiburcio ay mamatay.
El Filibusterismo,22,ANG PALABAS,136,¡Si Juanito ay marunong ng pranses at si de Espadaña ay hindi!
El Filibusterismo,22,ANG PALABAS,137,¡At nagsimula na sa pagpapatanaw ng lambing sa binata!
El Filibusterismo,22,ANG PALABAS,138,"Ngunit hindi napupuna ni Juanito ang pagbabagong lakad, dahil sa minamatyagan ang isang mangangalakal na katalan na nasa siping ng konsul na suiso: si Juanito na nakakita sa kanila na nag-uusap sa wikang pranses ay umaalinsunod sa nababakas sa mukha ng dalawa at sa gayong paraan ay nakapang-uulol ng buong buo."
El Filibusterismo,22,ANG PALABAS,139,"Nagsunod sunod ang mga pangyayari, ang mga tao’y nagsunod sunod sa paglabas, mga masasaya at mapagpatawa gaya ng bailli at ni Grenicheux, mga dugong mahal at nakalulugod gaya ng markes at ni Germaine: ang mga nanonood ay nagkatawanang mabuti dahil sa tampal ni Gaspard na patungkol sa duwag na si Grenicheux ngunit ang nakatanggap ay ang mahinahong bailli, sa peluka nitong umilandang, sa kaguluhan at sa kaingayan nang ibaba ang tabing."
El Filibusterismo,22,ANG PALABAS,140,—¿At ang kankan?
El Filibusterismo,22,ANG PALABAS,141,—ang tanong ni Tadeo.
El Filibusterismo,22,ANG PALABAS,142,"Ngunit agad na itinaas ang tabing at ang tagpuan ay naging anyong tiange ng mga alila, may tatlong haliging kinalalagyan ng mga sagisag at may dalang mga pahayag na servantes, cochers at domestiques."
El Filibusterismo,22,ANG PALABAS,143,"Sinamantala ni Juanito ang pagkakataon, at, malakas na sinabi kay aling Victorina upang madingig ni Paulita at ito’y manalig sa kaniyang karunungan."
El Filibusterismo,22,ANG PALABAS,144,"—Ang kahulugan ng servantes ay mga sirviente, ang domestiques ay domestico...."
El Filibusterismo,22,ANG PALABAS,145,—¿At ano ang kaibhan ng mga servantes sa mga domestiques?
El Filibusterismo,22,ANG PALABAS,146,—ang tanong ni Paulita.
El Filibusterismo,22,ANG PALABAS,147,Si Juanito’y hindi nangunti.
El Filibusterismo,22,ANG PALABAS,148,—Domestiques ang mga domesticado o napaamo na: ¿hindi ba ninyo napupuna na ang ilan ay may astang taong gubat?
El Filibusterismo,22,ANG PALABAS,149,Iyan ang mga servantes.
El Filibusterismo,22,ANG PALABAS,150,—¡Siya nga naman!
El Filibusterismo,22,ANG PALABAS,151,—ang dugtong ni aling Victorina—ang ilan ay may masasamang kilos.... at ang akala ko pa naman na sa Europa ay pawang may maaayos na ugali at.... ngunit sa dahilang nangyayari sa Francia....
El Filibusterismo,22,ANG PALABAS,152,¡nakikita ko na!
El Filibusterismo,22,ANG PALABAS,153,"—¡Sst, sst!"
El Filibusterismo,22,ANG PALABAS,154,"Ngunit ang kagipitan ni Juanito ay nang dumating ang oras ng pagtatawaran at binuksan ang halang, ang mga alilang nagpapaupa ay nangagsilagay sa piling ng kanikanilang mga pahayag na nagpapakilala ng kanilang kinauukulan."
El Filibusterismo,22,ANG PALABAS,155,"Ang mga alila, mga sampu o labing dalawa, na anyong magagaspang, nangakasuot ng librea at may dalang isang sangang maliit sa kamay, ay nangagsilagay sa ilalim ng pahayag na domestiques."
El Filibusterismo,22,ANG PALABAS,156,—¡Iyan ang mga maaamo na!
El Filibusterismo,22,ANG PALABAS,157,—ang sabi ni Juanito.
El Filibusterismo,22,ANG PALABAS,158,—Tunay nga na ang mga asta ay waring hindi pa nalalaunan ang pag-amo—ang banggit ni aling Victorina—¡tingnan natin ang mga hindi pa lubos na amo!
El Filibusterismo,22,ANG PALABAS,159,"Makaraan yaon, ang labing dalawang dalaga na pinangunguluhan ng masaya’t maliksing si Serpolette, na ang mga suot ay ang lalong maiinam nilang kagayakan, ang bawa’t isa’y may isang malaking kalangi sa baywang, masasaya, nangakangiti, malulusog ang katawan, mabighani, ay nangagsilagay sa piling ng haligi ng mga servantes."
El Filibusterismo,22,ANG PALABAS,160,—¿Bakit?
El Filibusterismo,22,ANG PALABAS,161,—ang tanong na palagay na palagay ni Paulita—¿iyan baga ang mga taong bundok na inyong sinasabi?
El Filibusterismo,22,ANG PALABAS,162,—Hindi—ang tugong walang katigatigatig ni Juanito—nangagkamali.... nangagkapalit....
El Filibusterismo,22,ANG PALABAS,163,Iyang mga huling darating.
El Filibusterismo,22,ANG PALABAS,164,—¿Iyang mga dumarating na may mga dalang latigo?
El Filibusterismo,22,ANG PALABAS,165,Patangong sumagot ng oo si Juanito na hindi mapalagay at nagugulumihanan.
El Filibusterismo,22,ANG PALABAS,166,—¿Kung gayon ay ang mga dalagang iyan ang mga cochers?
El Filibusterismo,22,ANG PALABAS,167,Isang napakalakas na ubo ang sumagi kay Juanito na nakayamot tuloy sa ilang nanonood.
El Filibusterismo,22,ANG PALABAS,168,—¡Lumayas iyan!
El Filibusterismo,22,ANG PALABAS,169,lumayas ang natutuyo!
El Filibusterismo,22,ANG PALABAS,170,—ang sigaw ng isang boses.
El Filibusterismo,22,ANG PALABAS,171,¿Natutuyo?
El Filibusterismo,22,ANG PALABAS,172,¿Tawagin siyang natutuyo sa harap ni Paulita?
El Filibusterismo,22,ANG PALABAS,173,Ibig makita ni Juanito ang may masamang dila upang ipalamon dito ang pagkatuyo.
El Filibusterismo,22,ANG PALABAS,174,At nang makitang humahadlang ang mga babai ay lalong tumapang at lumaki ang loob.
El Filibusterismo,22,ANG PALABAS,175,Salamat na lamang at si D. Custodio ang siyang nagsabi ng taglay na sakit at sa pangingilag na mapuna ay nagwawalang bahalang wari’y isinusulat ang pagtuligsa sa dula.
El Filibusterismo,22,ANG PALABAS,176,—¡Kundi lamang kasama ko kayo!
El Filibusterismo,22,ANG PALABAS,177,—ang sabi ni Juanito na pinagalaw ang mga mata na gaya ng ilang manika na nagpapagalaw sa pabato ng mga orasan.
El Filibusterismo,22,ANG PALABAS,178,At upang lalo pang mahawig ay manakanakang inilalawit ang kaniyang dila.
El Filibusterismo,22,ANG PALABAS,179,Nang gabing yaon ay naging matapang at mapuri siya sa mata ni aling Victorina kaya’t ipinasiya na nito sa loob ng kaniyang dibdib na pakasal sa kaniya pagkamatay na pagkamatay ni D. Tiburcio.
El Filibusterismo,22,ANG PALABAS,180,Si Paulita ay untiunting lalong nalulungkot dahil sa pag-iisip na kung bakit ang mga babaing iyon na tinatawag na cochers ay nakaaakit kay Isagani.
El Filibusterismo,22,ANG PALABAS,181,Ang salitang cochers ay nagpapaalaala sa kaniya ng ilang bangit na ginagamit ng mga kolehiala upang ipahiwatig ang isang wari’y damdamin kung silasila ang nag-uusap.
El Filibusterismo,22,ANG PALABAS,182,"Natapos din ang unang bahagi at dinala ng markes na parang alila si Serpolette at si Germaine, ang nagtataglay ng anyong mahinhin ng samahan, at pinakakotsero ang hangal na si Grenicheux."
El Filibusterismo,22,ANG PALABAS,183,"Isang matunog na pagakpakan ang nagpabalik na mangagkakawit sa kamay, sa mga artista, na may mga ilang sandali pa lamang ang kararaan na nangaghahabulan at nangag-aaway; nangagsisiyuko sa lahat ng dako ng mairuging nanonood na taga Maynila at ang mga babai’y nakipagtapunan ng titig sa ilang nanonood na lalaki."
El Filibusterismo,22,ANG PALABAS,184,"Samantalang naghahari ang kaguluhan na gawa ng mga pag-uunahan sa pagtungo sa bihisan upang dulutan ng maligayang bati ang mga artista, at ng mga tumutungo naman sa mga palko upang bumati sa babai, ang ilan ay nagpapahayag ng kanilang mga pasiyang ukol sa dula at sa mga artista."
El Filibusterismo,22,ANG PALABAS,185,—Hindi mapag-aalinlanganang si Serpolette ang tanging mabuti—ang sabi ng isa na umanyong matalino.
El Filibusterismo,22,ANG PALABAS,186,"—Ibig ko si Germaine, isang bulagaw na kaibigibig."
El Filibusterismo,22,ANG PALABAS,187,—¡Wala namang boses!
El Filibusterismo,22,ANG PALABAS,188,—¿At ano ba ang gagawin ko sa boses?
El Filibusterismo,22,ANG PALABAS,189,"—Kung sa inam ng katawan, ay ang mataas!"
El Filibusterismo,22,ANG PALABAS,190,—¡Psh!
El Filibusterismo,22,ANG PALABAS,191,"—ani Ben-Zaib—ang lahat ay walang kakabukabuluhan, wala isa mang artistang matatawag."
El Filibusterismo,22,ANG PALABAS,192,Si Ben-Zayb ay siyang manunuligsa ng “El Grito de la Integridad” at ang kaniyang anyong mapagpawalang kabuluhan ay nagbibigay sa kaniya ng katangian sa mata ng mga nasisiyahan na sa kakaunting bagay.
El Filibusterismo,22,ANG PALABAS,193,"—¡Ni si Serpolette ay may boses, ni si Germaine ay may kariktang kumilos, ni iyan ay musika, ni arte, ni anomang bagay na may kabuluhan!"
El Filibusterismo,22,ANG PALABAS,194,—ang ipinangtapos na salitang ang anyo ay lubos na mapagwalang bahala.
El Filibusterismo,22,ANG PALABAS,195,Upang makapagpanggap na mabuting manunuligsa ay walang ibang mabuting paraan liban sa pintasan ang lahat.
El Filibusterismo,22,ANG PALABAS,196,Dalawang billete lamang ang ipinadala ng may ari ng palabas sa Pasulatan.
El Filibusterismo,22,ANG PALABAS,197,Sa mga palko’y ipinagtatanong kung sino ang may ari ng palkong walang laman.
El Filibusterismo,22,ANG PALABAS,198,"Linaluan noon ang lahat sa chik, sapagka’t siyang huling darating."
El Filibusterismo,22,ANG PALABAS,199,Hindi maalaman kung saan nagbuhat ang balita na ang palko ay kay Simoun.
El Filibusterismo,22,ANG PALABAS,200,Ang bulungan ay napatunayan.
El Filibusterismo,22,ANG PALABAS,201,"Walang nakakita sa manghihiyas ni sa butaka, ni sa bihisan, ni saan mang dako ng dulaan."
El Filibusterismo,22,ANG PALABAS,202,—¡Datapwa’y nakita kong kasama ni Mr.
El Filibusterismo,22,ANG PALABAS,203,Jouy kanginang hapon!
El Filibusterismo,22,ANG PALABAS,204,—ang sabi ng isa.
El Filibusterismo,22,ANG PALABAS,205,—At nag-alay ng isang pamuti sa liig sa isa sa mga artistang babai....
El Filibusterismo,22,ANG PALABAS,206,—¿Sa kangino sa kanila?
El Filibusterismo,22,ANG PALABAS,207,—ang tanong ng ilang babaing mausisa.
El Filibusterismo,22,ANG PALABAS,208,"—Sa mabuti sa lahat, ang sinusundan ng tingin ng Capitan General."
El Filibusterismo,22,ANG PALABAS,209,"Tinginang makahulugan, kindatan, bulalas na pag-aalinlangan, pagpapatunay at mga salitang paputolputol."
El Filibusterismo,22,ANG PALABAS,210,—¡Ibig mag sa Monte-Cristo!
El Filibusterismo,22,ANG PALABAS,211,—anang isa na ibig masabing mapagbasa.
El Filibusterismo,22,ANG PALABAS,212,—¡O taga dulot-kailangan ng Real Casa!
El Filibusterismo,22,ANG PALABAS,213,—ang dugtong ng lumalangit sa nagsalita na naninibugho na kay Simoun.
El Filibusterismo,22,ANG PALABAS,214,"Sa palko ng ating mga nag-aaral ay naiwan si Pecson, si Sandoval at si Isagani."
El Filibusterismo,22,ANG PALABAS,215,Si Tadeo ay lumapit kay D. Custodio upang ito’y libangin samantalang si Makaraig ay nakikipagkita kay Pepay.
El Filibusterismo,22,ANG PALABAS,216,"—Wala, gaya ng sinabi ko sa inyo, kaibigang Isagani—ang pahayag ni Sandoval na nagkikilos ng masagwa, pinatatamis ang boses upang madingig siya ng mga binibining nasa palkong kalapit, ang mga anak ng mayamang may utang kay Tadeo—wala, hindi taglay ng wikang pranses ang mayamang tunog niyang sarisari at maalindog na taginting ng wikang kastila."
El Filibusterismo,22,ANG PALABAS,217,"Hindi ko mawari, hindi ko mahaka, hindi ko malirip ang ayos ng mga mananalumpating pranses at nag-aalinlangan ako sa paniniwala na nagkaroon at magkaroon ng alinsunod sa sadyang kahulugan ng salita, sa loob ng sadyang matatawag na mananalumpati."
El Filibusterismo,22,ANG PALABAS,218,Sapagka’t huwag nating pagkamalan ang salitang mananalumpati at salitang mananatsat at madaldal.
El Filibusterismo,22,ANG PALABAS,219,"Sa lahat ng bayan ay mangyayaring magkaroon ng mga mananatsat at madaldal, sa lahat ng pook ng sangsinukob na tinitirahan ng tao, sa gitna ng mga malalamig at walang imik na mga ingles, gaya rin naman sa malikot at maramdaming pranses...."
El Filibusterismo,22,ANG PALABAS,220,At ipinatuloy ang isang mainam na pagsasalaysay ng ukol sa mga bayan na sinamahan ng kanikanilang nakaiigayang mga hilig at mga taguring mataginting.
El Filibusterismo,22,ANG PALABAS,221,"Si Isagani’y sumasang-ayon sa pamag-itan ng pagtango, samantalang inaalala si Paulita na kaniyang nahuling nakatingin sa kaniya ng isang tinging nangungusap at may ibig sabihing maraming bagay."
El Filibusterismo,22,ANG PALABAS,222,Ibig hulaan ni Isagani ang tinuturingan ng mga matang iyon; ¡iyon ang tunay na nagsasabi ng maraming bagay at hindi mapanatsat!
El Filibusterismo,22,ANG PALABAS,223,"—At kayo na isang makata na umaalinsunod sa tunog at sukat, anak ng mga Musa—ang patuloy ni Sandoval na ikinumpay ng magandang kilos ang kamay, na waring binati sa abot ng tingin ang siyam na magkakapatid—¿maaakala baga ninyo na sa isang wikang napakasalat at walang katunogtunog na gaya ng pranses ay mangyayaring magkaroon ng mga makatang napakalalaking gaya ng ating mga Garcilaso, ng ating mga Herrera, ng ating mga Espronceda at mga Calderon?"
El Filibusterismo,22,ANG PALABAS,224,—Gayon man—ang banggit ni Pecson—si Victor Hugo....
El Filibusterismo,22,ANG PALABAS,225,"—Si Victor Hugo, kaibigang Pecson, si Victor Hugo, sakali’t makata, ay sapagka’t utang niya sa España.... sapagka’t kilala na, isang bagay na hindi mapag-aalinlanganan, bagay na tinatanggap ng sampung mga pranses na nangaiingit sa España, na kung si Victor Hugo ay may mataas na pag-iisip, kung makata, ay sa dahilang sa Madrid siya nanirahan noong kaniyang kabataan, doon nasimsim ang mga unang buko ng pag-iisip, doon nabuo ang kaniyang utak, doon nagkakulay ang kaniyang paghahaka, ang kaniyang puso’y naayos at sumipot ang mga magagandang buko ng kaniyang pagkukuro."
El Filibusterismo,22,ANG PALABAS,226,At saka ang isa pa ay ¿sino si Victor Hugo?
El Filibusterismo,22,ANG PALABAS,227,¿Maipapantay baga sa ating mga bago....?
El Filibusterismo,22,ANG PALABAS,228,Ngunit ang pagdating ni Makaraig na ang anyo’y malungkot at may isang mapait na ngiti sa labi ay pumutol sa salaysay ng mananalumpati.
El Filibusterismo,22,ANG PALABAS,229,Pigil ni Makaraig ang isang papel na iniabot kay Sandoval nang walang kaimik-imik.
El Filibusterismo,22,ANG PALABAS,230,Binasa ni Sandoval:
El Filibusterismo,22,ANG PALABAS,231,“Palapati: Ang sulat mo’y nahuli; iniharap ko na ang aking pasiya at sinang-ayunan.
El Filibusterismo,22,ANG PALABAS,232,"Gayon man, dahil sa waring nahulaan ko na ang iyong nasa, ay linutas ko ang salitaan nang alinsunod sa nais ng iyong mga kinakandili."
El Filibusterismo,22,ANG PALABAS,233,Paparoon ako sa dulaan at aantabayanan kita sa paglabas.
El Filibusterismo,22,ANG PALABAS,234,"Ang iyong masuyong lapati,"
El Filibusterismo,22,ANG PALABAS,235,Custodining.
El Filibusterismo,22,ANG PALABAS,236,”
El Filibusterismo,22,ANG PALABAS,237,—¡Kay buti ng taong iyan!
El Filibusterismo,22,ANG PALABAS,238,—ang bulalas ni Tadeo na halos malungkot.
El Filibusterismo,22,ANG PALABAS,239,—At ngayon?
El Filibusterismo,22,ANG PALABAS,240,"—ang sabi ni Sandoval—wala akong bagay na masamang nakikita dito, kundi bagkus pa ngang mabuti!"
El Filibusterismo,22,ANG PALABAS,241,"—Oo,—ang sagot ni Makaraig na ang ngiti’y mapait—¡nalutas ng sang-ayon sa kahilingan!"
El Filibusterismo,22,ANG PALABAS,242,¡Katatapos ko pa lamang sa pakikipagkita kay P. Irene!
El Filibusterismo,22,ANG PALABAS,243,—¿At ano ang sabi ni P. Irene?
El Filibusterismo,22,ANG PALABAS,244,—ang tanong ni Pecson.
El Filibusterismo,22,ANG PALABAS,245,"—Gaya rin nang sabi ni D. Custodio, at nangahas pa ang tampalasan na ako’y handugan ng maligayang bati!"
El Filibusterismo,22,ANG PALABAS,246,Ang Lupong kumanya ng kapasiyahan ng may palagay ay sang-ayon sa balak at naghahandog ng maligayang bati sa mga nag-aaral dahil sa kanilang pag-ibig sa inang bayan at nasang makapag-aral....
El Filibusterismo,22,ANG PALABAS,247,—¿Kung gayon?
El Filibusterismo,22,ANG PALABAS,248,"—Lamang; sa pag-aalaala sa ating mga gawain, at upang huwag mapawakawak ang layon, ang sabi, ay inaakalang nararapat na ang pamamahala at pagsasagawa ng binabalak ay isakamay ng isa sa mga “corporacion,” kung sakaling hindi ibigin ng mga dominiko na masama sa Universidad ang akademia."
El Filibusterismo,22,ANG PALABAS,249,"Bulalas na sama ng loob ang sumalubong sa mga salitang ito: si Isagani ay tumindig, ngunit walang anomang sinabi."
El Filibusterismo,22,ANG PALABAS,250,"—At upang makitang tayo’y kalahok sa pamamahala sa akademia—ang patuloy ni Makaraig—ay ipinagaganap sa atin ang paniningil ng mga ambagan at abuloy, na katungkulan nating ibigay sa isang ingat-yaman na ihahalal ng “corporaciong” mamamahala, at ang ingat-yamang iyon ay magkakaloob sa atin ng katibayan ng pagkakatanggap...."
El Filibusterismo,22,ANG PALABAS,251,—¡Kung gayo’y magiging kabisa tayo!
El Filibusterismo,22,ANG PALABAS,252,—ang sabi ni Tadeo.
El Filibusterismo,22,ANG PALABAS,253,"—Sandoval—ang sabi ni Pecson—naiyan ang guantes, saluhin ninyo!"
El Filibusterismo,22,ANG PALABAS,254,—¡Puf!
El Filibusterismo,22,ANG PALABAS,255,"iyan ay hindi guantes, ngunit dahil sa amoy ay nawawanki sa isang midias."
El Filibusterismo,22,ANG PALABAS,256,"—At ang lalong mainam—ang patuloy ni Makaraig—ay ang turo ni P. Irene, na tayo’y magpiging o kaya’y magdaos ng isang panapatang may mga sulo, dahil sa pangyayari; isang pagpapahayag ng pagpapasalamat ng mga nag-aaral sa mga taong nakilahok sa usap na ito."
El Filibusterismo,22,ANG PALABAS,257,"—Siya nga, matapos ang palo, ay umawit tayo at magpasalamat!"
El Filibusterismo,22,ANG PALABAS,258,Super flumina Babylonis sedimus!
El Filibusterismo,22,ANG PALABAS,259,"—¡Oo, isang piging na gaya ng sa mga bilanggo!"
El Filibusterismo,22,ANG PALABAS,260,—ang sabi ni Tadeo.
El Filibusterismo,22,ANG PALABAS,261,—Isang piging na tayong lahat ay nakaluksa at bumigkas tayo ng mga talumpating ukol sa patay—ani Sandoval.
El Filibusterismo,22,ANG PALABAS,262,"—Isang panapatan na ang tutugtugin ay ang Marsellesa at mga marcha funebre,—ang palagay ni Isagani."
El Filibusterismo,22,ANG PALABAS,263,"—Huwag, mga ginoo—ang turing ni Pecson na gamit ang kaniyang tawang bungo—upang ipagsaya ang pangyayari ay wala ng lalong kapit kay sa isang piging sa magpapansit na ang maglilingkod ay mga insik na walang baro, ngunit walang baro!"
El Filibusterismo,22,ANG PALABAS,264,Dahil sa ang palagay ay lubos na mapangutya at napakagaspang ay tinanggap; si Sandoval ang unaunang pumagakpak; malaon ng ibig niyang makita ang loob ng mga tindahang iyon na kung gabi’y waring masasaya at maraming tao.
El Filibusterismo,22,ANG PALABAS,265,At ang tumutugtog pa naman nang orkesta upang simulan ang pangalawang bahagi nang tumindig ang ating mga binata na iniwan ang dulaan sa gitna ng pagkakamangha ng lahat ng naroroon.
El Filibusterismo,23,ISANG BANGKAY,1,Si Simoun nga ay hindi naparoon sa dulaan.
El Filibusterismo,23,ISANG BANGKAY,2,"Sapol sa ika pito ng gabi ay umalis nang ligalig at mapanglaw sa kaniyang bahay: nakita siyang makalawang pumasok na ang kasama’y iba’t ibang tao; ng ika walo ay nakita siya ni Makaraig na may binabantayan sa daang Hospital, sa kalapit ng konbento ng Sta. Clara, nang kasalukuyang tinutugtog ang mga kampana ng simbahan; nang ika siyam ay nakita siyang muli ni Camaroncocido sa paligid ng dulaan na nakipag-usap sa isang wari’y nag-aaral, pumasok at muling lumabas, at nawala sa dilim na ibinibigay ng mga puno."
El Filibusterismo,23,ISANG BANGKAY,3,—At ano sa akin?
El Filibusterismo,23,ISANG BANGKAY,4,—ang sabing muli ni Camaroncocido—¿ano ang mahihita ko sa pagsasabi sa bayan?
El Filibusterismo,23,ISANG BANGKAY,5,"Si Basilio, gaya ng sabi ni Makaraig, ay hindi rin nanood ng palabas."
El Filibusterismo,23,ISANG BANGKAY,6,"Ang kaawaawang nag-aaral sapol ng manggaling sa San Diego upang tubusin sa pagkaalila ang kaniyang katipang si Huli, ay muling hinarap ang kaniyang mga aklat, ang panahon niya’y dinadaan sa hospital, sa pag-aaral o sa pagkakalinga kay kapitang Tiago, na binabaka ang sakit nito."
El Filibusterismo,23,ISANG BANGKAY,7,"Ang may sakit ay naging ugaling bugnot; sa kaniyang masasamang sandali, kapag nanglalambot dahil sa kakauntian ng apian na pinupunyagi ni Basiliong mapahina, ay sinusumbatan ito, sinasaktan, minumura; tinitiis ni Basilio na kinakalamay ang loob dahil sa batid na ang kaniyang ginagawa ay ikabubuti ng pinagkakautangan niya ng malaki, at kung gipit na gipit na lamang saka napapahinuhod; matapos masiyahan ang gawi, ang masamang hilig, ay bumubuti ang ulo ni kapitang Tiago, nalulumbay, tinatawag siyang anak, napapaiyak sa pag-aalala sa paglilinkod ng binata, ang mabuting pangangasiwa sa kaniyang mga paupahang bahay at sinasabing siya niyang pamamanahan; malungkot na napapangiti si Basilio at iniisip na sa buhay na ito’y ginaganti pa ng mabuti ang pag-ayo sa masamang hilig kay sa pagtupad sa katungkulan."
El Filibusterismo,23,ISANG BANGKAY,8,"Hindi bibihirang naiisip niyang pabayaan nang lumubha ang sakit at patunguhin sa libingan ang nag-aampon sa kaniya, sa isang landas na kinalatan ng bulaklak at magagandang larawan, kay sa pahabain ang buhay sa pamag-itan ng pagtitipid."
El Filibusterismo,23,ISANG BANGKAY,9,—¡Hangal na tao ako!
El Filibusterismo,23,ISANG BANGKAY,10,—ang madalas na sabi sa sarili—ang karamihan ay hangal at yayamang nagbabayad....
El Filibusterismo,23,ISANG BANGKAY,11,"Ngunit iniiiling ang ulo at inaalaala si Huli, ang malawak na kinabukasang nasa sa kaniyang harap; iniisip niyang mabuhay nang hindi dudungisan ang kaniyang budhi."
El Filibusterismo,23,ISANG BANGKAY,12,Ipinatutuloy ang pangangalagang takda at nagbabantay.
El Filibusterismo,23,ISANG BANGKAY,13,"Gayon man, ang may sakit ay lumulubhang untiunti sa araw araw."
El Filibusterismo,23,ISANG BANGKAY,14,"Si Basilio, na nagpasiyang untian ng untian ang nahihitit o kung di man ay hindi pinapayagang humitit ng higit kay sa karaniwan, ay natatagpuan niya sa panggagaling sa hospital o sa isang pagdalaw na nakakatulog ang may sakit ng mabigat na tulog ng naaapian, na naglalaway at namumutlang wari’y patay."
El Filibusterismo,23,ISANG BANGKAY,15,"Hindi mahulo ng binata kung saan nanggagaling ang apian; ang mga tanging nagsisidalaw sa bahay ay si Simoun at si P. Irene, ang una’y bibihirang pumaroon, at ito namang isa’y walang humpay sa pagbibilin sa kaniya na higpitan at huwag babaguhin ang pangangalaga at huwag punahin ang mga pagkamuhi ng maysakit, sapagka’t ang unang dapat ganapin ay ang mailigtas."
El Filibusterismo,23,ISANG BANGKAY,16,"—Tumupad kayo sa inyong katungkulan, binata,—ang sabi sa kaniya—tumupad kayo sa inyong katungkulan."
El Filibusterismo,23,ISANG BANGKAY,17,"At binibigyan siya ng isang munting sermon na ukol sa bagay na iyon, sa pamag-itan ng isang buong pananalig at sigabo, na si Basilio’y nagkakaroon tuloy ng pagkalugod sa nangangaral."
El Filibusterismo,23,ISANG BANGKAY,18,"Bukod sa roon ay pinapangakuan siya ni P. Irene ng isang mabuting mapapasukan, isang mabuting lalawigan, at pinabanaagan pa sa kaniya ang pangyayaring siya’y mahalal na katedratiko."
El Filibusterismo,23,ISANG BANGKAY,19,"Si Basilio naman, kahi’t hindi napadadala sa mga pag-asa, ay nagpapakunwaring naniniwala at sumusunod sa iniuutos ng sarili niyang budhi."
El Filibusterismo,23,ISANG BANGKAY,20,"Nang gabing iyon, samantalang itinatanghal ang Les Cloches de Corneville, si Basilio ay nag-aaral sa harap ng isang matandang dulang, sa tulong ng liwanag ng isang ilawang langis, na ang pantallang bubog na malabo ay nakatatakip at nakadidilim sa kaniyang mukha."
El Filibusterismo,23,ISANG BANGKAY,21,"Isang lumang bungo, ilang buto ng tao, at ilang makakapal na aklat na mabuti ang pagkakahanay ay siyang nakakalat sa dulang na mayroon pang isang palanganang tubig at isang esponha."
El Filibusterismo,23,ISANG BANGKAY,22,"Isang amoy apiang nanggagaling sa kanugnog na silid, ay nakapagpapabigat sa hangin at nakapagpapaantok sa kaniya, ngunit ang binata’y naglalaban sa pamag-itan ng pagbasa manakanaka sa kaniyang noo’t mga mata, handa sa hindi pagtulog hanggang sa matapos ang aklat."
El Filibusterismo,23,ISANG BANGKAY,23,"Iyo’y isang bahagi ng Medicina Legal at Toxicologia ni Dr. Mata, isang aklat na kaniyang nahiram at dapat isauli sa may-ari sa lalong madaling panahon."
El Filibusterismo,23,ISANG BANGKAY,24,"Ang katedratiko ay ayaw magturo ng hindi alinsunod sa kumathang iyon at si Basilio ay walang sapat na salapi upang makabili ng aklat na iyon sapagka’t sa dahilang yaon ay bawal ng mga tagasuri sa Maynila at kailangan ang suhulan ang maraming kawani upang maipasok, ay malaking halaga ang hinihingi ng mga mang-aaklat."
El Filibusterismo,23,ISANG BANGKAY,25,"Buhos na buhos ang pag-iisip ng binata sa kaniyang pag-aaral, kaya’t hindi man pinansin ang ilang mumunting aklat na ipinadala sa kaniyang galing sa labas na hindi maalaman kung saan, mga aklat na tumutukoy sa Pilipinas, na doo’y kasama ang sa kapanahunang iyon ay siyang napupuna ng lahat dahil sa masama at kalait-lait na pagpapalagay sa mga anak ng bayan."
El Filibusterismo,23,ISANG BANGKAY,26,Walang kapanapanahon si Basilio upang sila’y mabuksan; marahil ay nakapipigil din sa kaniya ang pag-aalala na hindi masarap ang tumanggap ng isang pag-alimura o isang paghamon at hindi makapagtanggol o makatugon.
El Filibusterismo,23,ISANG BANGKAY,27,"Noon nga, ang paglilitis sa ano mang lathala, ay nagpapabayang dustain ang mga pilipino, ngunit ipinagbabawal sa mga ito ang sumagot."
El Filibusterismo,23,ISANG BANGKAY,28,"Sa gitna ng katahimikang naghahari sa bahay, na nabubulahaw lamang sa ilang mahinang paghihilik na galing sa kabilang silid, ay nakadingig si Basilio ng madalas na yabag sa hagdanan, mga yabag na dumaan sa caida at tungo sa kaniyang kinalalagyan."
El Filibusterismo,23,ISANG BANGKAY,29,"Itinaas niya ang kaniyang ulo, nakitang nabukas ang pintuan at sumipot ang mapanglaw na anyo ni Simoun, sa gitna ng kaniyang pagkakamangha."
El Filibusterismo,23,ISANG BANGKAY,30,"Mula sa pagtatagpo nila sa S. Diego, ay hindi pa nakikipagkita si Simoun, ni sa binata, ni kay kapitang Tiago."
El Filibusterismo,23,ISANG BANGKAY,31,—¿Ano ang lagay ng may sakit?
El Filibusterismo,23,ISANG BANGKAY,32,"—ang tanong na tiningnang sumandali ang silid at napatitig sa mga mumunting maninipis na aklat, na aming binanggit, na hindi pa napuputol ang mga dahon."
El Filibusterismo,23,ISANG BANGKAY,33,"—Ang tibok ng puso ay babahagya.... ang pulso ay mahinangmahina.... pagkain, ay hindi makakain ng anoman,—ang tugong marahan ni Basilio na malungkot ang ngiti—sa magmamadaling araw ay pinagpapawisan ng katakot-takot."
El Filibusterismo,23,ISANG BANGKAY,34,"At sapagka’t nakikitang si Simoun, dahil sa tungo ng mukha, ay nakatingin sa mga tinurang mumunting aklat at sa pangingilag na muling mabanggit ang pinag-usapan sa gubat, ay nagpatuloy:"
El Filibusterismo,23,ISANG BANGKAY,35,"—Ang buong katawan ay nakakalatan na ng lason; bukas o makalawa ay mangyayaring mamatay na wari’y tinamaan ng lintik.... ang lalong maliit na sanhi, isang walang kabuluhang bagay, isang sulak ng kalooban ay mangyayaring makamatay sa kaniya...."
El Filibusterismo,23,ISANG BANGKAY,36,—¡Gaya ng Pilipinas!
El Filibusterismo,23,ISANG BANGKAY,37,—ang mapanglaw na sabi ni Simoun.
El Filibusterismo,23,ISANG BANGKAY,38,"Hindi napigil ni Basilio ang isang ngiwi, at sa dahilang ipinasiya na niya ang huwag muling mapag-usapan ang bagay, ay nagpatuloy na wari’y walang anomang nadingig:"
El Filibusterismo,23,ISANG BANGKAY,39,"—Ang lalong nakapagpapahina sa kaniya ay ang mga pagpapanaginip, ang kaniyang mga pagkatakot...."
El Filibusterismo,23,ISANG BANGKAY,40,—¡Gaya ng pamahalaan!
El Filibusterismo,23,ISANG BANGKAY,41,—ang muling turing ni Simoun.
El Filibusterismo,23,ISANG BANGKAY,42,"—May ilang gabi nang nagising ng walang ilaw at inakalang siya’y nabulag; nanggulo ng katakottakot, naghinagpis at linait ako na ang sabi’y dinukit ko ang kaniyang mga mata...."
El Filibusterismo,23,ISANG BANGKAY,43,Nang pumasok akong may dalang ilaw ay pinagkamalan akong si P. Irene at tinawag akong kaniyang tagapagligtas....
El Filibusterismo,23,ISANG BANGKAY,44,—¡Walang pinag-ibhan sa pamahalaan!
El Filibusterismo,23,ISANG BANGKAY,45,"—Kagabi—ang patuloy ni Basilio na nagbibingibingihan—ay nagbangon at hiningi ang kaniyang manok, ang kaniyang manok na may tatlong taong patay na, napilitan akong bigyan siya ng isang inahin, at ng magkagayon ay pinakapuripuri ako’t pinangakuan ng libolibo...."
El Filibusterismo,23,ISANG BANGKAY,46,Nang mga sandaling iyon ay tumugtog ang isang orasan ng ikasampu’t kalahati.
El Filibusterismo,23,ISANG BANGKAY,47,Si Simoun ay kinilabutan at pinigil ang binata sa isang kilos.
El Filibusterismo,23,ISANG BANGKAY,48,"—Basilio—ang marahang sabi—pakinggan ninyo akong mabuti, sapagka’t ang mga sandaling ito’y lubhang mahalaga."
El Filibusterismo,23,ISANG BANGKAY,49,Nakikita kong hindi man ninyo binuksan ang mga aklat na ipinadala ko; wala kayong paglingap sa inyong bayan....
El Filibusterismo,23,ISANG BANGKAY,50,Ang binata’y nagtangkang mangatwiran.
El Filibusterismo,23,ISANG BANGKAY,51,—¡Hindi na kailangan!
El Filibusterismo,23,ISANG BANGKAY,52,"—ang matigas na patuloy ni Simoun—Sa loob ng isang oras ay susulak ang himagsikan sa isang hudyat ko, at bukas ay wala na ang pag-aaral, wala nang Universidad, wala kundi labanan at patayan."
El Filibusterismo,23,ISANG BANGKAY,53,Inihanda ko na ang lahat at hindi mahahadlangan ang aking tagumpay.
El Filibusterismo,23,ISANG BANGKAY,54,"Kapag kami’y nanaig, lahat niyong makatutulong sa amin at hindi kumilos, ay aariing kalaban."
El Filibusterismo,23,ISANG BANGKAY,55,¡Basilio naparito ako upang ialok sa inyo ang inyong kamatayan o ang inyong tutunguhing kinabukasan!....
El Filibusterismo,23,ISANG BANGKAY,56,—¡Ang aking kamatayan o ang aking kinabukasan!
El Filibusterismo,23,ISANG BANGKAY,57,—ang ulit na wari’y walang nalilinawan.
El Filibusterismo,23,ISANG BANGKAY,58,—Sa piling ng pamahalaan o sa piling namin—ang sabi ni Simoun—sa mga sumisiil o sa inyong bayan.
El Filibusterismo,23,ISANG BANGKAY,59,¡Magpasiya kayo sapagka’t tumatakbo ang panahon!
El Filibusterismo,23,ISANG BANGKAY,60,¡Naparito ako upang kayo’y iligtas alang-alang sa mga alaalang nagtali sa atin!
El Filibusterismo,23,ISANG BANGKAY,61,—¡Sa mga maniniil o sa aking bayan!
El Filibusterismo,23,ISANG BANGKAY,62,—ang marahang ulit.
El Filibusterismo,23,ISANG BANGKAY,63,"Ang binata’y lito; tinitingnan ang manghihiyas ng matang kinalalarawanan ng pagkasindak, naramdamang ang kaniyang mga paa’t kamay ay nanglalamig at libo-libong nagkakasalimuut na pagkukuro ang nagdaraan sa kaniyang pag-iisip; nakikitang ang mga lansangan ay nagdadanak sa dugo, nadidingig ang putukan, napapagitna siya sa mga patay at sugatan at ¡katangi tanging lakas ng hilig!"
El Filibusterismo,23,ISANG BANGKAY,64,"nakikita niyang siya, na suot ang damit sa paggawa, ay nagpuputol ng mga hita’t nag-aalis ng mga punlo."
El Filibusterismo,23,ISANG BANGKAY,65,"—Hawak ko ang kalooban ng pamahalaan—ang patuloy ni Simoun—aking ipinara at inaksaya ang kaunti niyang lakas at magugugol sa mga haling na pagsalakay, at sinilaw ko siya sa kapakinabangang maduduwit; ang mga pangulo niya ay tahimik na nangasa dulaan ngayon at nangalilibang sa pag-iisip ng isang gabing lipus kasayahan, ngunit walang isa mang hihilig na muli sa unan...."
El Filibusterismo,23,ISANG BANGKAY,66,"Mayroon akong mga regimiento at mga taong nasa aking kapamahalaan, pinapaniwala ko ang ilan na ang may utos ng panghihimagsik ay ang General, ang iba’y pinaniwala kong ang mga prayle ang may kagagawan; ang ilan ay binili ko sa pangako, sa katungkulan, sa salapi; ang marami, ang maraming marami ay kikilos upang makaganti, sapagka’t nangasisiil at sa dahilang natatayo sa kalagayang mamatay o pumatay...."
El Filibusterismo,23,ISANG BANGKAY,67,Si kabisang Tales ay nasa sa lupa at sinamahan ako hanggang dito!
El Filibusterismo,23,ISANG BANGKAY,68,Inuulit ko sa inyo ¿sasama kayo sa amin o ninanasa ninyo ang malaan sa pagdaramdam ng aking mga kabig?
El Filibusterismo,23,ISANG BANGKAY,69,Sa mga sandaling mapanganib ang hindi pag-ayon sa kanino man ay isang paglagay sa kamuhian ng dalawang pangkat na magkalaban.
El Filibusterismo,23,ISANG BANGKAY,70,Makailang hinaplos ni Basilio ang kaniyang mukha na waring ibig magising sa isang bangungot; naramdamang ang kaniyang noo’y malamig.
El Filibusterismo,23,ISANG BANGKAY,71,—¡Magpasiya kayo!
El Filibusterismo,23,ISANG BANGKAY,72,—ang ulit ni Simoun.
El Filibusterismo,23,ISANG BANGKAY,73,—¿At ano.... ang kailangan kong gawin?
El Filibusterismo,23,ISANG BANGKAY,74,"—ang tanong na ang tingig ay pipi, basag, mahina."
El Filibusterismo,23,ISANG BANGKAY,75,"—Isang bagay na lubhang madali—ang tugon ni Simoun na ang mukha’y naliwanagan ng isang sinag ng pag-asa—sa dahilang pamamahalaan ko ang kilusan, ay hindi ko maiiwan ang alin mang labanan."
El Filibusterismo,23,ISANG BANGKAY,76,"Kailangan ko, na samantalang ang kaguluhan ay nasa iba’t ibang pook ng siyudad, ay panguluhan ninyo ang isang pulutong, igiba ang pintuan ng Sta. Clara at kunin ninyo doon ang isang tao na liban na sa akin at kay kapitang Tiago ay kayo lamang ang makakakilala...."
El Filibusterismo,23,ISANG BANGKAY,77,Kayo’y hindi mapapanganib.
El Filibusterismo,23,ISANG BANGKAY,78,—¡Si Maria Clara!
El Filibusterismo,23,ISANG BANGKAY,79,—ang bulalas ng binata.
El Filibusterismo,23,ISANG BANGKAY,80,"—¡Oo, si Maria Clara!"
El Filibusterismo,23,ISANG BANGKAY,81,"—ang ulit ni Simoun, at noon lamang nagkaroon ng tunog na malungkot at malumanay ang kaniyang tingig—ibig ko siyang iligtas, upang iligtas lamang siya kung kaya ninasa ko ang mabuhay, nagbalik ako...."
El Filibusterismo,23,ISANG BANGKAY,82,¡ginawa ko ang himagsikan sapagka’t ang isang himagsikan lamang ang makapagbubukas sa akin ng pinto ng mga kombento!
El Filibusterismo,23,ISANG BANGKAY,83,—¡Ay!
El Filibusterismo,23,ISANG BANGKAY,84,"—ani Basilio na pinagduop ang kamay—¡nahuli kayo, lubhang huli!"
El Filibusterismo,23,ISANG BANGKAY,85,—At ¿bakit?
El Filibusterismo,23,ISANG BANGKAY,86,—ang tanong ni Simoun na ikinunot ang kilay.
El Filibusterismo,23,ISANG BANGKAY,87,—¡Si Maria Clara ay namatay na!
El Filibusterismo,23,ISANG BANGKAY,88,Sa isang lundag ay napatindig si Simoun at hinandulong ang binata.
El Filibusterismo,23,ISANG BANGKAY,89,—¿Namatay?
El Filibusterismo,23,ISANG BANGKAY,90,—ang tanong na ang tingig ay nakapangingilabot.
El Filibusterismo,23,ISANG BANGKAY,91,"—Kaninang hapon, ika anim; ngayon marahil ay...."
El Filibusterismo,23,ISANG BANGKAY,92,—¡Hindi totoo!
El Filibusterismo,23,ISANG BANGKAY,93,—ang sigaw ni Simoun na namumutla’t ang mata’y nanglilisik—¡hindi totoo!
El Filibusterismo,23,ISANG BANGKAY,94,"¡Si Maria Clara ay buhay, si Maria Clara ay kailangang mabuhay!"
El Filibusterismo,23,ISANG BANGKAY,95,Iyan ay isang duwag na pagdadahilan....
El Filibusterismo,23,ISANG BANGKAY,96,"¡hindi mamamatay, at ngayong gabi’y ililigtas ko siya o bukas ay patay kayo!"
El Filibusterismo,23,ISANG BANGKAY,97,Ikinibit ni Basilio ang kaniyang balikat.
El Filibusterismo,23,ISANG BANGKAY,98,—May ilang araw nang nagkasakit at ako ay pumaparoon sa kombento upang makibalita.
El Filibusterismo,23,ISANG BANGKAY,99,"Tingnan ninyo, narito ang sulat ni P. Salvi na dala rito ni P. Irene."
El Filibusterismo,23,ISANG BANGKAY,100,Magdamag na nag-iiyak si kapitang Tiago na hinahagkan at hinihingang tawad ang larawan ng kaniyang anak hanggang sa natapos sa paghitit ng maraming apian....
El Filibusterismo,23,ISANG BANGKAY,101,Kaninang hapon ay tinugtog ang kaniyang agonias.
El Filibusterismo,23,ISANG BANGKAY,102,—¡Ah!
El Filibusterismo,23,ISANG BANGKAY,103,—ang bulalas ni Simoun na piniglan ng dalawang kamay ang ulo at napahinto.
El Filibusterismo,23,ISANG BANGKAY,104,Naaalaala ngang nakadingig siya ng tugtog ng agonias samantalang nanunubok sa paligid ng kombento.
El Filibusterismo,23,ISANG BANGKAY,105,—¡Patay!
El Filibusterismo,23,ISANG BANGKAY,106,—ang mahinang bulong na waring ang nagsasalita’y isang anino—¡patay!
El Filibusterismo,23,ISANG BANGKAY,107,"namatay nang hindi ko man lamang nakita, namatay ng hindi nalalamang ako’y nabubuhay nang dahil sa kaniya, namatay ng nagtitiis!...."
El Filibusterismo,23,ISANG BANGKAY,108,"At sa pagdaramdam ng isang sigwang kalagimlagim, isang sigwang may kulog at buhawi na walang patak ng ulan, hinagpis na walang luha, sigaw na walang salita, nagngangalit sa kaniyang dibdib at nagtatangkang umapaw na wari’y buga ng bolkan na malaong natimpi, ay biglang umalis sa kinalalagyang silid."
El Filibusterismo,23,ISANG BANGKAY,109,"Nadingig siya ni Basilio na pumapanaog ng hagdan, na ang lakad ay walang tuto; nadingig ang isang timping sigaw, sigaw na waring nagsasabi ng pagsapit ng kamatayan, malalim, katangitangi, kahambal-hambal, kaya’t ang binata’y tumindig na namumutla’t nanginginig sa kinauupan, ngunit nadingig ang yabag na papalayo at ang pinto sa daan na nag-umugong sa pagkakasara."
El Filibusterismo,23,ISANG BANGKAY,110,—¡Kaawaawang tao!
El Filibusterismo,23,ISANG BANGKAY,111,—ang bulong at ang kaniyang mga mata’y napuno ng luha.
El Filibusterismo,23,ISANG BANGKAY,112,"At hindi na naalaala ang pag-aaral, at ang tingin ay sa malayo, ay iniisip-isip ang kapalaran ng dalawang iyon: ang isa’y binata, mayaman, bihasa, malaya, nakapagpapasiya sa sariling kabuhayan, may magandang kinabukasan, at ang babai’y kasingganda ng isang pangarap, malinis, lipus pananalig at walang kamalayan sa lakad ng kamunduhan, nakakandong sa mga giliw at ngiti, nalalaan sa isang maligayang pamumuhay, na sambahin ng kaniyang mga kaanak at igagalang sa mundo, ngunit gayon man, ang dalawang iyon na lipus ng pag-ibig, puno ng mga adhika’t pag-asa, dahil sa isang sawing kapalaran, ang lalaki’y naglalagalag sa buong lupalop na tangay ng ipo-ipong dugo at luha, naghahasik ng kasamaan at hindi kabutihan, inaapi ang kabaitan, at inaayo ang masamang hilig, samantalang ang babai ay naghihingalo sa dilim na mahiwaga ng claustro na kaniyang pinasukan sa paghanap ng kapayapaan, ngunit mga pagbabata marahil ang natagpo; malinis at walang bahid dungis nang siya’y pumasok at naghingalo siya roong wari’y bulaklak na lugas...."
El Filibusterismo,23,ISANG BANGKAY,113,"¡Humimbing kang mapayapa, sawing anak ng aking walang kapalarang bayan!"
El Filibusterismo,23,ISANG BANGKAY,114,"¡Dalhin mo sa libingan ang kariktan ng iyong kabataan, na linanta sa gitna ng paglusog!"
El Filibusterismo,23,ISANG BANGKAY,115,"Kapag ang isang bayan ay hindi makapaghandog sa kaniyang malilinis na dalaga ng isang payapang tahanan, sa pagkupkop ng banal na kalayaan; kapag ang tanging maipamamana ng lalaki sa kaniyang balo ay kahihiyan, pag-luha sa ina at kaalipinan sa mga anak, mabuti nga ang kusain ninyo ang huwag nang magbunga, at lunurin na sa inyong tiyan ang binhi ng mga kalaitlait na iaanak."
El Filibusterismo,23,ISANG BANGKAY,116,"Ah, mabuti ka na, na hindi ka mangingilabot sa iyong libingan sa pagkadingig ng sigaw ng mga naghihingalo sa kadiliman, ng mga nakababatid na sila’y may pakpak ngunit nangakagapos, ng mga naiinis dahil sa walang kalayaan."
El Filibusterismo,23,ISANG BANGKAY,117,"Tumungo ka na kaakbay ng mga pangarap ng makata sa kalangitang walang hangan, anino ng babaing nabanaag sa isang sinag ng buwan, na ibinubulong ng maigkas na kawayanan...."
El Filibusterismo,23,ISANG BANGKAY,118,"¡Mapalad ang mamatay ng mayroong umiiyak, ng nag-iiwan sa puso ng sa kaniya’y umiibig ng malinis na gunita, isang banal na alaala, na hindi nadungisan ng karumaldumal na sigabo ng kalooban na lalong lumalaki sa katagalang panahon!"
El Filibusterismo,23,ISANG BANGKAY,119,"¡Sumulong ka, aalalahanin ka namin!"
El Filibusterismo,23,ISANG BANGKAY,120,"Sa malinis na simuy ng ating bayan, sa ilalim ng kaniyang langit na bughaw, sa ibabaw ng alon ng lawang nakukulong ng bulubunduking kulay sapiro at baybaying esmeralda; sa kaniyang malilinaw na batisan na nilililiman ng mga punong kawayan, hinihiyasan ng mga bulaklak at binibigyang buhay ng mga tutubi’t paroparo sa kanilang walang tungo at malikot na pagliliparan na waring nangagsisipaglaro sa hangin; sa katahimikan ng ating mga gubat, sa awit ng ating mga batisan, sa buhos na brillante ng ating mga talon ng tubig, sa maningning na liwanag ng ating buwan, sa mga buntong hininga ng hangin sa gabi, sa isang sabi, sa lahat ng bagay, na makapagpapaalala sa larawan ng ginigiliw, ay makikita ka naming gaya ng pinangarap naming anyo mo na marilag, maganda, nakangiting gaya ng pag-asa, kasinglinis ng liwanag, datapwa’y malungkot at mapighating tinatanaw ang aming karumaldumal na kalagayan."
El Filibusterismo,24,MGA PANGARAP,1,"¡Amor, que astro eres?"
El Filibusterismo,24,MGA PANGARAP,2,"Nang kinabukasan, isang araw ng huwebes, bago lumubog ang araw, ay naglalakad si Isagani sa liwaliwang Maria Cristina na tungo sa Malecon, upang dumalo sa itinipan sa kaniya ni Paulita ng umagang iyon."
El Filibusterismo,24,MGA PANGARAP,3,"Walang pag-aalinlangan ang binata na ang kanilang pag-uusapan ay ang nangyari sa gabing nagdaan, at sa dahilang siya’y handang hingan ng paliwanag ang binibini at alam niya ang pagkamataas at ugaling matigas nito ay inaasahan na ang isang pagkakasira."
El Filibusterismo,24,MGA PANGARAP,4,"Dahil sa pananakaling ito ay tinaglay niya ang dalawang bugtong na sulat ni Paulita, dalawang kaputol na papel, na bahagyang kinatatalaan ng ilang talatang madalian ang pagkakatitik, na may ilang lamas at di lubhang ayos ang pagkakasulat, mga bagay na hindi nakahadlang upang sila’y pakaingatan ng binatang nangingibig na higit pa kay sa sila’y naging sulat ni Safo o ng musa Polimnia."
El Filibusterismo,24,MGA PANGARAP,5,"Ang pagtalagang ito na pawiin ang pag-ibig sa ngalan ng karangalan, ang hangad na magtiis makatupad lamang sa katungkulan, ay hindi nakapigil na sumalakay kay Isagani ang isang matinding kalungkutan at makapagpaalaala sa kaniya noong magagandang umaga at mga gabing lalo pa manding magaganda, na silang dalawa’y nagbubulungan ng matatamis na kahangalan sa mga pag-itan ng salang bakal ng entresuelo, mga kahangalang sa ganang binata, ay may kahulugan at katuturan na waring sila ang mga tanging salita na dapat pakinggan ng lalong mataas na pang-unawa ng tao."
El Filibusterismo,24,MGA PANGARAP,6,"Iniisip ni Isagani ang mga paglalakaran, ang mga gabing may buwan, ang peria, ang mga madaling araw ng Disyembre matapos ang misa de gallo, ang agua bendita na karaniwang kaniyang iniaabot at pinasasalamatan naman ng binibini sa pamag-itan ng isang tinging puno ng isang buong pagsinta, at kapuwa sila nangingilabot pagtatama ng kanilang mga daliri."
El Filibusterismo,24,MGA PANGARAP,7,Matutunog na buntonghininga na waring maliliit na kuwitis ang pumupulas sa kaniyang dibdib at sumasalagimsim sa kaniya ang lahat ng banggit ng mga makata’t manunulat na ukol sa pagkasalawahan ng babai.
El Filibusterismo,24,MGA PANGARAP,8,"Sa loob niyang sarili’y isinusumpa ang pagkakatayo ng mga dulaan, ng operetang pranses, ipinangangakong gagantihan niya si Pelaez sa lalong madaling panahon."
El Filibusterismo,24,MGA PANGARAP,9,"Lahat ng nasa paligid ay waring malungkot at maiitim ang kulay sa ganang kaniya; ang dagatan ay ulila’t nag-iisa, lalo pa manding wari’y nag-iisa dahil sa kadalangan ng mga daong na nakahinto roon; ang araw ay lulubog sa likuran ng Mariveles nang walang anomang kagandahan at kariktan, wala ang mga ulap na sarisari ang ayos at mayaman sa kulay ng mga hapong magaganda; ang monumento ni Anda, na walang kaayos ayos, maralita’t bagol, na walang anyo, walang kalakhan: wari’y isang sorbetes o mabuti na ang maging isang pastel; ang mga ginoong nangagliliwaliw sa Malecon, kahi’t na may mga anyong nasisiyahang loob at masasaya, ay waring masusungit, mapagmataas at mga hambug sa ganang kaniya; malilikot at walang pinag-aralan ang mga batang naglalaro sa dalampasigan na pinatatalon sa alon ang mga batong lapad sa tabi ng dagat, o kaya’y nangaghahanap sa buhanginan ng mga suso at kokomo na hinuhuli ng walang patumangga at pinapatay ng wala namang pakinabang; sa isang sabi, sampu ng walang katapusang paggawa ng daongan, na pinatungkulan niya ng mahigit sa tatlong tula, ay waring isang bagay na walang kabuluhan, kahalayhalay, gawang bata, sa ganang kaniya."
El Filibusterismo,24,MGA PANGARAP,10,"—Ang daongan, ¡ah!"
El Filibusterismo,24,MGA PANGARAP,11,"ang sadsaran ng Maynila, isang bastardo na mula’t sapol ng ipaglihi ay nagpaluha na sa lahat dahil sa pangungunti’t kahihiyan!"
El Filibusterismo,24,MGA PANGARAP,12,Kung hindi man lamang sana mangyari na matapos ang maraming pagluha ay huwag lumabas na karimarimarim ang bungang sisipot!
El Filibusterismo,24,MGA PANGARAP,13,"Nagpugay ng hindi inino ang dalawang hesuita na naging mga guro niya; bahagya nang napuna ang isang tandem na ang lulan ay isang amerikano at kinaiingitan ng ilang makisig na nagpapalakad ng kanilang mga kalesa; nang nalalapit sa monumento ni Anda ay nadingig si Ben-Zayb na may kausap at ang pinagsasalitaan ay si Simoun na nang gabing nakaraan ay biglang nagkasakit; si Simoun ay ayaw tumanggap ng anomang dalaw, sampu sa mga alagad ng General."
El Filibusterismo,24,MGA PANGARAP,14,—¡Iyan!
El Filibusterismo,24,MGA PANGARAP,15,"—ang bulalas ni Isagani na napangiti ng malungkot—diyan, ang mga pakitang loob, sapagka’t mayaman...."
El Filibusterismo,24,MGA PANGARAP,16,Ngunit sa mga sundalong sugatin at may sakit na galing sa pagsalakay ay walang dumadalaw!
El Filibusterismo,24,MGA PANGARAP,17,"At sa pag-iisip sa mga pagsalakay na ito, sa kapalaran ng mga kaawaawang sundalo at sa pakikipaglaban ng mga taga kapuluan na ayaw pasakop sa dayuhan, ay naisip ang pagtimbang ng mga pagkamatay, na, kung ang sa mga sundalo ay dakila sapagka’t tumutupad sa kanilang katungkulan, ang sa mga taga kapuluan ay maluwalhati sapagka’t ipinagtatanggol ang kanilang tinubuan."
El Filibusterismo,24,MGA PANGARAP,18,—¡Katakatakang kapalaran ang sa ilang bayan!
El Filibusterismo,24,MGA PANGARAP,19,"—aniya—Sapagka’t ang isang manglalakbay ay lumunsad sa kaniyang dalampasigan, ay nawawalan na sila ng kalayaan at nagiging sakop o alipin, hindi lamang ng manglalakbay, hindi lamang ng mga nagmamana sa mga ito, kundi ng kanila pang mga kababayan, at hindi sa isang panahon lamang kundi sa buong buhay na!"
El Filibusterismo,24,MGA PANGARAP,20,¡Katakatakang pag-unawa sa katwiran!
El Filibusterismo,24,MGA PANGARAP,21,Ang kalagayang ito’y nagbibigay ng malaking karapatan upang lipulin ang lahat ng dayuhan na wari’y siyang lalong mabangis na hayop na maitatapon ng dagat!
El Filibusterismo,24,MGA PANGARAP,22,"At inisipisip, na, ang mga taga pulong iyon, na kabaka ng kaniyang bayan ay walang ibang kasalanan kundi ang taglay na kahinaan."
El Filibusterismo,24,MGA PANGARAP,23,Ang mga manglalakbay ay lumunsad din naman sa dalampasigan ng ibang bayan; ngunit sa dahilang natagpuang malalakas ay hindi pinagtangkaan ng kanilang katangi-tanging hangad.
El Filibusterismo,24,MGA PANGARAP,24,"Kahi’t na mahihina ay minamaganda niya ang ipinamamalas, at ang pangalan ng mga kalaban, na hindi kinaliligtaang lagyan ng kakabit na duwag at di mapagtapat ng mga pamahayagan, ay ipinalalagay niyang mga pangalang magiting, sapagka’t namamatay sa gitna ng kadakilaan sa paanan ng mga gibang muog ng kanilang di wastong kuta, mga dakila pa kay sa matatandang bayaning taga Troya; ang mga nasa pulong iyon ay hindi nagnakaw ng isa mang Elenang pilipina."
El Filibusterismo,24,MGA PANGARAP,25,"At sa kaniyang kasigabuhang loob sa pagkamakata, ay iniisip ang mga kabinataan sa mga pulong iyon na nangagkakapuri sa mata ng mga babai doon, at dahil sa siya’y nangingibig, na may nasang mawala sa mundo, ay kinaiinggitan niya ang mga kabinataang iyon na nakakatagpo ng isang dakilang pagpapatiwakal."
El Filibusterismo,24,MGA PANGARAP,26,At nabulalas na:
El Filibusterismo,24,MGA PANGARAP,27,—¡Ah!
El Filibusterismo,24,MGA PANGARAP,28,"Ibig kong mamatay, mauwi sa wala, iwanan ang aking bayan ng isang dakilang pangalan, mamatay ng dahil sa kaniya, siya’y ipagtanggol sa pagdagsa ng mga dayuhan at pagkatapos ay tanglawan ng araw ang aking bangkay na wari’y tanod na walang kilos sa mga talampas ng dagat!"
El Filibusterismo,24,MGA PANGARAP,29,"At ang pakikilaban sa mga aleman ay pumasok sa kaniyang alaala, at halos dinamdam niya ang pagkakasawata ng gayon; namatay sana siya ng buong kasiyahang loob sa piling ng watawat ng kastila’t pilipino, bago sumuko sa dayuhan:"
El Filibusterismo,24,MGA PANGARAP,30,"—Sapagka’t sa España—aniya—ay nabibigkis kami ng mahigpit, dahil sa nakaraan, sa kasaysayan, sa pananampalataya, sa wika...."
El Filibusterismo,24,MGA PANGARAP,31,"¡Ang wika, oo, ang wika!"
El Filibusterismo,24,MGA PANGARAP,32,Isang palibak na ngiti ang nalarawan sa kaniyang mga labi; ng gabing yaon ay mayroon silang gagawing isang piging sa magpapansit upang ipagdiwang ang pagkamatay ng Akademia ng wikang kastila.
El Filibusterismo,24,MGA PANGARAP,33,—¡Ay!
El Filibusterismo,24,MGA PANGARAP,34,"—ang buntong-hininga niya—¡kapag ang mga labusaw sa España ay kagaya ng mga naririto, sa madaling panahon ay mabibilang ng Inang bayan ang mga nagtatapat sa kaniya!"
El Filibusterismo,24,MGA PANGARAP,35,"Ang gabi’y unti-unting lumalaganap at dahil doo’y nararagdagan ang kapighatian sa puso ng binata, na wala nang pag-asa halos na makita si Paulita."
El Filibusterismo,24,MGA PANGARAP,36,"Iniiwan na ng mga nagliliwaliw ang Malecon upang tumungo sa Luneta, na ang ilang bahagi ng tinutugtog doon ng musika ay nakararating na dala ng masarap na hangin sa hapon hanggang sa kinalalagyan ng binata; ang mga marino ng isang pangdigmang dagat, na nakahimpil sa ilog, ang gumagawa ng mga paghahandang ukol sa gabi, na, nangagsisiakyat sa lubid na wari’y mga gagamba; ang mga daong ay unti-unti nang naglalagay ng kanilang ilaw na nagbibigay buhay doon at ang dalampasigan"
El Filibusterismo,24,MGA PANGARAP,37,"na sinabi ni Alaejos, ay bumubuga sa dakong malayo ng manipis na singaw na ginagawang wari’y kayong madalang at matalinghaga ng liwanag ng buwan, na noon ay kabilugan......"
El Filibusterismo,24,MGA PANGARAP,38,"Isang malayong dagunot ay nadingig, dagunot na untiunting lumalapit: lumingon si Isagani at ang kaniyang puso’y tumibok ng malakas; isang sasakyang batak ng dalawang kabayong puti ang dumarating, ang mga kabayong puting makikilala niya sa gitna ng sandaanglibo."
El Filibusterismo,24,MGA PANGARAP,39,"Sa sasakyan ay nakalulan si Paulita, si aling Victorina at ang kaibigang kasama ng gabing nakaraan."
El Filibusterismo,24,MGA PANGARAP,40,"Bago makahakbang ang binata’y nakaibis nang bigla si Paulita at nginitian si Isagani ng isang ngiting lubos na pakikipagkasundo; si Isagani’y napangiti naman at sa wari niya’y napawing parang usok ang lahat ng ulap, ang lahat ng masusungit na akalang sa kaniya’y sumalakay; may mga liwanag ang langit, awit ang hangin at bulaklak ang nakakalat sa mga damo ng nilalakaran."
El Filibusterismo,24,MGA PANGARAP,41,"Ang masama lamang ay naroroon si aling Victorina, si aling Victorina na kaylan ma’t nakikita ang binata’y hindi binibitiwan upang pagtanungan nang balitang ukol kay D. Tiburcio."
El Filibusterismo,24,MGA PANGARAP,42,Tinungkol ni Isagani ang pagtuklas ng kinalalagyan sa pamag-itan ng mga nag-aaral na kakilala niya.
El Filibusterismo,24,MGA PANGARAP,43,"—Wala pang makapagsabi sa akin hangga ngayon—ang sagot, at katotohanan nga ang kaniyang sinasabi, sapagka’t si D. Tiburcio ay nagtatago pa naman sa bahay ng amain ng binata, sa bahay ni P. Florentino."
El Filibusterismo,24,MGA PANGARAP,44,—Ipabalita ninyo sa kaniya—ang sabing galit na galit ni aling Victorina—na ipinahahanap ko siya sa guardia sibil; sa patay man o sa buhay ay ibig kong matanto kung saan naroon....
El Filibusterismo,24,MGA PANGARAP,45,¡sapagka’t iyang pangangailangang mag-antay ng sampung taon bago makapag-asawa ang isang gaya ko!
El Filibusterismo,24,MGA PANGARAP,46,Gulilat na napatingin sa kaniya si Isagani; iniisip ni aling Victorina ang pakasal.
El Filibusterismo,24,MGA PANGARAP,47,¿Sino kaya ang kulang palad?
El Filibusterismo,24,MGA PANGARAP,48,—¿Ano ba ang pagkamasid ninyo kay Juanito Pelaez?
El Filibusterismo,24,MGA PANGARAP,49,—ang biglang tanong ng babai.
El Filibusterismo,24,MGA PANGARAP,50,—¿Si Juanito?....
El Filibusterismo,24,MGA PANGARAP,51,"Hindi matumpakan ni Isagani ang isasagot; nganingani nang ibig sabihin ang lahat ng kasamaan ni Pelaez na kaniyang batid, ngunit ang pagkamapagbigay ay siyang naghari sa kaniyang puso at ang sinabi’y pawang pagpuri sa kaagaw, sa dahilang kaagaw nga niya."
El Filibusterismo,24,MGA PANGARAP,52,"Dahil sa gayon ay tuwangtuwa at magalak na pinakapuri ni aling Victorina ang mga kabutihan ni Pelaez, at gagawin na sanang katapatang loob si Isagani tungkol sa kaniyang panibagong pag-ibig, nang dumating na tumatakbo ang kaibigan ni Paulita upang sabihin na ang pamaypay nito’y nahulog sa mga batong nasa pasigan, sa kalapit ng Malecon."
El Filibusterismo,24,MGA PANGARAP,53,"Pakana o pagkakataon, ngunit ang pangyayaring ito’y nagbigay daan upang ang kaibigan ay matirang kasama ng matandang babai at si Isagani naman ay mangyaring makipag-alaman kay Paulita."
El Filibusterismo,24,MGA PANGARAP,54,"Sa isang dako naman ay ikinalulugod ni aling Victorina ang gayon, at upang maiwan sa kaniya si Juanito, ay linuluwagan ang pag-ligaw ni Isagani."
El Filibusterismo,24,MGA PANGARAP,55,"Mayroon nang handang paraan si Paulita; nang magpasalamat ay nagpakunwaring may pagkamuhi, may sama ng loob, at ipinahiwatig, sa isang paraang lubhang mahinhin, na siya’y nagtataka sa pagkakatagpo doon sa binata, gayong ang lahat ng tao’y nasa Luneta, sampu ng mga artistang pransesa."
El Filibusterismo,24,MGA PANGARAP,56,"—Tinipanan ninyo ako, ¿papanong hindi....?"
El Filibusterismo,24,MGA PANGARAP,57,"—Gayon man, kagabi’y hindi man ninyo napunang ako’y nasa dulaan; sa buong itinagal ng palabas ay minamatyagan ko kayo at hindi ninyo hinihiwalayan ng tingin iyong mga babaing cochers...."
El Filibusterismo,24,MGA PANGARAP,58,Nagkapalit ang kalagayan; si Isagani na naparoon upang humingi ng paliwanag ay siya pang nagbigay at sumaligaya siyang lubos ng tinuran ni Paulita na siya’y pinatatawad.
El Filibusterismo,24,MGA PANGARAP,59,"Tungkol sa pagkakaparoon ng babai sa dulaan, ay dapat pang pasalamatan sa kaniya; siya, sa kapipilit ng inali, ay pumaroon lamang sa pag-asang makikita ang binata sa buong palabas."
El Filibusterismo,24,MGA PANGARAP,60,¡Gaano ang pagkutya niya kay Juanito Pelaez!
El Filibusterismo,24,MGA PANGARAP,61,—¡Ang aking ali ang nakakaibig!
El Filibusterismo,24,MGA PANGARAP,62,—ang sabi na kasabay ang masayang halakhak.
El Filibusterismo,24,MGA PANGARAP,63,"Kapuwa nagtawanan; ang pagkakasal ni Pelaez kay aling Victorina ay ipinagkatuwa nilang mabuti at halos namamalas na nilang nangyari; ngunit naalala ni Isagani na si D. Tiburcio ay buhay at ipinagkatiwala ang lihim sa kaniyang giliw, matapos na mapapangakong hindi sasabihin kahi’t kanino."
El Filibusterismo,24,MGA PANGARAP,64,"Si Paulita’y nangako, ngunit sa sarili’y tangka ang sabihin sa kaibigan."
El Filibusterismo,24,MGA PANGARAP,65,"Ang bagay na ito’y siyang naglipat ng usapan sa bayan ni Isagani, na nalilibid ng kagubatan at nalalagay sa baybayin ng dagat na nag-uumugong sa paanan ng matataas na talampas."
El Filibusterismo,24,MGA PANGARAP,66,"Ang mata ni Isagani ay nagliliwanag sa pagbanggit sa liblib na sulok na iyon; ang sigaw ng pagmamakatangi ay nagpapapula sa kaniyang pisngi, nanginginig ang kaniyang boses, ang kaniyang damdaming makata ay sumusulak at ang mga salita’y pumupulas na mainit, puno ng sigabo na waring ang pag-ibig ng kaniyang pag-ibig ang tinuturan, kaya’t hindi nakapigil sa pagbulalas ng:"
El Filibusterismo,24,MGA PANGARAP,67,—¡Oh!
El Filibusterismo,24,MGA PANGARAP,68,"¡Sa ilang ng aking mga kabundukan ay dinadanas ko ang pagkamalaya, malayang gaya ng simuy, gaya ng liwanag na walang sagkang kumakalat sa sangsinukob!"
El Filibusterismo,24,MGA PANGARAP,69,"¡Libo mang bayanan, libo mang palasyo ay ipagpapalit ko sa sulok na iyon ng Pilipinas, na malayo sa mga tao, ay dinadanas ko ang tunay na kalayaan!"
El Filibusterismo,24,MGA PANGARAP,70,"¡Doon, kaharap ang mga sadyang likas, kaharap ng hiwaga at ng walang katapusan; ng kagubatan at ng karagatan, ay nag-iisip ako, nagsasalita at gumagawa nang gaya ng isang taong walang kinikilalang panginoon!"
El Filibusterismo,24,MGA PANGARAP,71,"Si Paulita, sa harap ng gayong sigabo ng kalooban dahil sa bayang kinakitaan ng unang liwanag, sigabong hindi kilala, siya na hirating makadingig ng pag-alipusta sa kaniyang bayan at maminsan minsang siya’y nakikiayon sa gayon, ay nagpahalata ng kaunting wari’y panibugho sa paraang paghihinampo na gaya ng dati."
El Filibusterismo,24,MGA PANGARAP,72,Ngunit madali siyang napapayapa ni Isagani.
El Filibusterismo,24,MGA PANGARAP,73,—¡Oo!
El Filibusterismo,24,MGA PANGARAP,74,—ang sabi—siya’y iniibig ko ng higit sa lahat ng bagay noong hindi pa kita nakikilala!
El Filibusterismo,24,MGA PANGARAP,75,"Ibig na ibig ko ang magliklik sa kagubatan, humimbing sa lilim ng mga puno, umupo sa ungos ng isang talampas upang saklawin ng tingin ang Pasipiko na sa harapan ko’y hinahalo ang kaniyang mga bughaw na alon, at inihahatid sa akin ang mga awit na natutuhan sa mga dalampasigan ng malayang Amerika...."
El Filibusterismo,24,MGA PANGARAP,76,"Bago kita makilala, ang dagat na iyon ay siyang aking mundo, aking lugod, aking pag-ibig, aking mga pangarap."
El Filibusterismo,24,MGA PANGARAP,77,"Kapag nahihimbing ng mapayapa at ang araw ay nagniningning sa kaitaasan, ay ikinalulugod ko ang pagtanaw sa banging nasa sa aking paanan na may limangpung metro ang lalim, at hinahanap ko ang mga kahangahangang hayop sa kagubatan ng mga bulaklak ng bato at mga korales na naaaninag sa bughaw na tubig, ang malalaking serpiente na, alinsunod sa sabi ng mga taong bukid, ay umaalis umano sa gubat upang manahanan sa dagat at doo’y magpakalakilaki...."
El Filibusterismo,24,MGA PANGARAP,78,"Sa kinahapunan, na, umano’y, siyang paglabas ng mga sirena, ay sinusubukan kong masigasig sa pag-itan ng mga alon, na minsan, ay waring namalas ko sila sa gitna ng bula at doo’y nangaglalaro; maliwanag na nadidingig ko ang kanilang mga awit, awit na ukol sa kalayaan, at naulinigan ko ang tunog ng kanilang mataginting na alpa."
El Filibusterismo,24,MGA PANGARAP,79,"Noong araw ay dumadaan ako ng mahahabang sandali sa pagmamalas ng pagbabagobagong anyo ng mga ulap, sa pagmamalas sa punong nag-iisa sa kapatagan, sa isang talampas, na hindi ko maunawa ang sanhi ng pagkakagayon, na hindi makilalang lubos ang damdaming yaon na ginigising sa aking kalooban."
El Filibusterismo,24,MGA PANGARAP,80,Madalas na ako’y pinagsasalaysayan ng mahahabang pangaral ng aking amain at sinasabing dadalhin ako sa isang manggagamot dahil sa baka ako’y magkaroon ng sakit na mapanglawin.
El Filibusterismo,24,MGA PANGARAP,81,"Datapwa’y nakita kita, kita’y inibig, at sa pagpapahingang ito sa pag-aaral ay waring may isang bagay na wala sa akin ng ako’y naroon, ang kagubatan ay madilim, malungkot ang ilog na umaagos sa kagubatan, ang dagat ay nakaiinip, ang abot ng malas sa dakong kalookan ay walang anomang bagay...."
El Filibusterismo,24,MGA PANGARAP,82,¡At!
El Filibusterismo,24,MGA PANGARAP,83,"kung maparoon ka lamang doon, kahi’t miminsan, kung tungtungan ng mga paa mo ang mga landas na iyon, kung kanawin ng dulo ng iyong mga daliri ang tubig ng mga batisan, kung tingnan mo ang dagat, maupo ka sa talampas at pahigingin mo ang hangin sa pamag-itan ng iyong mahihimig na awit, ang aking kagubatan ay magiging Eden, ang agos ng batisan ay aawit, sisipot ang liwanag sa kusim na dahon, magiging batong brillante ang mga patak ng hamog at magiging perlas ang mga bula ng dagat!"
El Filibusterismo,24,MGA PANGARAP,84,"Ngunit nadingig ni Paulita na upang makarating sa bayan ni Isagani ay kailangang magdaan sa mga bundok na maraming maliliit na linta, at dahil sa bagay na ito, ay kinikilig na ang duwag."
El Filibusterismo,24,MGA PANGARAP,85,Dahil sa gawi na niya ang ayaw mapagod at sa dahilang siya’y malayaw ay sinabing maglalakbay lamang siya kung naka-karwahe o naka-tren.
El Filibusterismo,24,MGA PANGARAP,86,"Si Isagani, na nakalimot na sa lahat ng kaniyang mapait na pagpapalagay sa mga bagay bagay at wala nang nakikita sa lahat ng dako kundi bulaklak na walang tinik, ay sumagot na:"
El Filibusterismo,24,MGA PANGARAP,87,"—Sa loob ng di mahabang panahon ang lahat ng pulo’y makakalatan ng mga daang bakal,"
El Filibusterismo,24,MGA PANGARAP,88,"gaya ng sabi ng isang sumulat; at sa gayon, ang mga sulok ng sangkapuluan ay mabubuksan sa lahat...."
El Filibusterismo,24,MGA PANGARAP,89,"—Sa gayon, ngunit ¿kailan?"
El Filibusterismo,24,MGA PANGARAP,90,Kung ako’y hukluban na....
El Filibusterismo,24,MGA PANGARAP,91,—¡Bah!
El Filibusterismo,24,MGA PANGARAP,92,Hindi mo batid ang magagawa natin sa loob ng ilang taon—ang sagot ni Isagani—hindi mo batid ang lakas at ang sigabo na maibibigay ng bayan matapos ang daan daang taong pagkahimbing....
El Filibusterismo,24,MGA PANGARAP,93,"Nililingap tayo ng España; ang kabinataan nating nasa Madrid ay gumagawa gabi’t araw at iniuukol sa tinubuan ang boo nilang katalinuhan, ang lahat ng sandali ng kanilang kabuhayan, ang lahat ng kanilang kaya; ang mga mahahabaging tingig doon ay nakikisapi sa ating tingig, mga politiko na nakababatid na walang mabuting bigkis kundi ang pag-iisa sa kabuhayan at sa damdamin: kinikilala ang ating katwiran at ang lahat ng bagay ay nagpapahiwatig ng isang magandang kinabukasan ng madla...."
El Filibusterismo,24,MGA PANGARAP,94,"¡Tunay nga at katatapos pa lamang na kapagtitikim ng isang munting pagkabigo, kaming mga nag-aaral, ngunit ang tagumpay ay untiunti nang lumalaganap sa lahat ng layunin.... nasa sa budhi na ng lahat!"
El Filibusterismo,24,MGA PANGARAP,95,"Ang taksil na pagkatalong aming tinamo ay nagpapatunay ng mga huling hinga, ng huling kilig ng mamamatay!"
El Filibusterismo,24,MGA PANGARAP,96,Bukas ay mamamayan kami ng Pilipinas na maganda na ang tutunguhin sapagka’t malalagay sa mga mairuging kamay; ¡Oo!
El Filibusterismo,24,MGA PANGARAP,97,"ang kinabukasan ay amin, nakikinikinita ko nang kulay rosa, nakikinikinita kong ang pagkilos ay magbibigay buhay sa dakong ito na laong panahong patay, nahihimbing...."
El Filibusterismo,24,MGA PANGARAP,98,"Nakikinikinita ko ang pagsipot ng mga bayan sa kalapit ng mga daang bakal, at sa lahat ng pook ay may mga pagawaan na gaya noong nasa Mandaluyong!...."
El Filibusterismo,24,MGA PANGARAP,99,"Nadidingig ko na ang pagsipol ng bapor, ang dagundong ng mga tren, ang ugong ng mga makina.... namamalas kong pumapaitaas ang usok, ang kaniyang malakas na hinga, at nalalangap ko ang amoy ng langis; ang pawis ng mga kahangahangang kasangkapan na walang tigil sa paggawa...."
El Filibusterismo,24,MGA PANGARAP,100,"Ang daongang iyan, na may mahinang pagkayari, ang ilog na iyan na wari’y pinaghihingaluan ng pangangalakal, ay makikita nating puno ng albor at maglalarawan sa atin ng panahon ng taglamig sa kagubatan ng Europa...."
El Filibusterismo,24,MGA PANGARAP,101,"Ang malunas na simoy na ito at ang malilinis na batong iyan ay mapupuno ng uling, ng mga kaha at barriles na gawa ng tao; datapwa’y walang kailangan!"
El Filibusterismo,24,MGA PANGARAP,102,"maglalakbay tayo ng madalian, sa mga maluluwag na sasakyan, upang hanapin sa dakong loob ang ibang simuy, ang ibang tanawin sa ibang dalampasigan, mga lalong malalamig na singaw sa mga paanan ng kabundukan...."
El Filibusterismo,24,MGA PANGARAP,103,"Ang mga acorazado ay siyang magbabantay sa ating mga baybayin: ang pilipino at ang kastila ay mag-uunahan sa pagpupunyaging gapiin ang anomang pagdagsa ng mga taga ibang lupain, upang ipagtanggol ang inyong mga tahanan at bayaan kayong matuwa at mabuhay ng mapayapa, na ginigiliw at iginagalang."
El Filibusterismo,24,MGA PANGARAP,104,"Ligtas na sa paraang panghihitit, walang sama ng loob at pag-aalinlangan, ang bayan ay gagawa na, sapagka’t kung magkakagayon ay hindi na makaduduhagi ang paggawa, hindi na magiging pangangayupapa, na wari’y takda sa alipin; sa gayon ay hindi na pasasamain ng kastila ang kaniyang ugali sa tulong ng mga hangaring maghariharian at, tapat ang tingin, malusog ang puso, ay mag-aabutan kami ng kamay, at ang pangangalakal, ang paggawa, ang pag-aani, ang karunungan ay magnanawnaw sa lilim ng kalayaan at ng mga kautusang tuwid at pantay pantay na gaya ng sa mayamang Inglaterra......"
El Filibusterismo,24,MGA PANGARAP,105,Si Paulita ay nangingiting wari’y alinlangan at iniiling ang ulo.
El Filibusterismo,24,MGA PANGARAP,106,"—¡Pangarap, pangarap!"
El Filibusterismo,24,MGA PANGARAP,107,—ang buntong hininga—nadingig kong sinasabi na kayo’y maraming kalaban....
El Filibusterismo,24,MGA PANGARAP,108,Ang sabi ni tia Torina ay alipin magpakailan man ang bayang ito.
El Filibusterismo,24,MGA PANGARAP,109,"—Sapagka’t ang ali mo’y isang hangal; sapagka’t hindi maaaring siya’y mabuhay nang walang alipin, at kung wala siya noon ay pinapangarap ang sa darating na panahon, at kung hindi mangyari ay binubukobuko sa sariling gunita."
El Filibusterismo,24,MGA PANGARAP,110,"Tunay ngang mayroon kaming mga kalaban, na magkakaroon ng tunggalian, ngunit kami ang magtatagumpay."
El Filibusterismo,24,MGA PANGARAP,111,"Mangyayaring gawing walang wastong kanlungan ng matandang kaparaanan ang mga durog na muog ng kanilang mga kastilyo, amin silang gagapiing umaawit ng kalayaan, sa harap ng inyong mga malas, sabay sa pagakpak ng inyong mga kamay na aming minamahal!"
El Filibusterismo,24,MGA PANGARAP,112,"Sa isang dako’y hindi ka dapat manganib; ang labanan ay mapayapa; sukat na ang iaboy lamang ninyo kami sa pag-aaral, gisingin ninyo sa amin ang marangal at mataas na pag-iisip at udyukan ninyo kami sa pagtataman, sa kagitingan, na ang pinakaganti’y ang inyong paggiliw!"
El Filibusterismo,24,MGA PANGARAP,113,"Taglay din ni Paulita ang kaniyang ngiting mahiwaga at waring nag-iisip; nakatanaw sa dako ng ilog, at tinatapiktapik ng pamaypay ang pisngi."
El Filibusterismo,24,MGA PANGARAP,114,—¿At kung wala kayong mapala?
El Filibusterismo,24,MGA PANGARAP,115,—ang tanong na waring hindi pinahahalagahan nang gaano ang usapan.
El Filibusterismo,24,MGA PANGARAP,116,"Ang tanong na ito’y nakasugat kay Isagani; tinitigan ang mga mata ng kaniyang irog, dahandahang piniglan ang isang kamay at nagwikang:"
El Filibusterismo,24,MGA PANGARAP,117,—Pakingan mo: kung wala kaming mapala.....
El Filibusterismo,24,MGA PANGARAP,118,At nahintong nag-aalinlangan.
El Filibusterismo,24,MGA PANGARAP,119,"—Pakingan mo, Paulita,—ang patuloy—batid mo kung gaano ang aking pagsinta at pagsamba sa iyo; alam mong nalilimot ko ang sarili kung ako’y iyong tinititigan, kapag nababakas ko sa titig na iyan ang isang kislap ng pag-ibig.... gayon man, kapag wala kaming napala, ay papangarapin ko ang isa mo pang titig at mapalad akong mamamatay upang ang isang liwayway lamang ng pagmamalaki ay sumilay sa iyong mga mata at masabi mo sa balang araw, sa lahat, kasabay ng pagtuturo sa aking bangkay, na: ¡ang aking pag-ibig ay namatay sa pagsasanggalang ng mga karapatan ng aking bayan!"
El Filibusterismo,24,MGA PANGARAP,120,"—¡Halinang umuwi, ineng, at baka ka sipunin!"
El Filibusterismo,24,MGA PANGARAP,121,—ang sigaw ng sandaling iyon ni aling Victorina.
El Filibusterismo,24,MGA PANGARAP,122,Ang boses na iyon ay nagpabalik sa kanila sa katunayan ng buhay.
El Filibusterismo,24,MGA PANGARAP,123,"Yaon na ang oras ng pag-uwi, at sa kagandahang loob, ay inanyayahang lumulan sa sasakyan si Isagani, anyayang hindi na inantay ng binata na ulitin pang muli."
El Filibusterismo,24,MGA PANGARAP,124,"Sa dahilang ang karuahe ay kay Paulita, ay umupo sa paharap si aling Victorina at ang kaibigan, at sa bangkong maliit ang dalawang magsing-irog."
El Filibusterismo,24,MGA PANGARAP,125,"Lulan ng iisang sasakyan, makasiping ang ginigiliw, langapin ang bango, masagi ang sutla ng damit, makitang nag-iisip, na nakahalukipkip, naliliwanagan ng buwan sa Pilipinas na nagbibigay kagandahan at dingal sa anomang bagay na lalong lubasa, ay isang pangarap na hindi inantay ni Isagani na mangyari magpakailan man!"
El Filibusterismo,24,MGA PANGARAP,126,"Napakamaralita ng mga pauwing naglalakad, na nangag-iisa, at nangagsisiilag upang paraanin ang matuling sasakyan!"
El Filibusterismo,24,MGA PANGARAP,127,"Sa hinaba haba ng dinaanang iyon, sa buong haba ng baybayin, ng liwaliwan ng Sabana, ng tulay ng España, ay walang nakita si Isagani kundi isang magandang ulong nakatagilid, na mainam ang pusod, na nagtatapos sa isang sunudsunurang liig na nawawala sa mga guyon ng pinya."
El Filibusterismo,24,MGA PANGARAP,128,"Isang brillante ang kumikindat sa kaniya mula sa pingol ng munting tainga, na wari’y bituin sa gitna ng mga pinilakang ulap."
El Filibusterismo,24,MGA PANGARAP,129,"Si Isagani ay nakaringig ng malayong uliyaw na itinatanong sa kaniya si D. Tiburcio de Espadaña, ang pangalan ni Juanito Pelaez, ngunit sa ganang kaniya ay naging wari’y tunog ng kampanang nadidingig na malayo, magulong tingig na nadidingig sa gitna ng bungang-tulog."
El Filibusterismo,24,MGA PANGARAP,130,Kinailangan ang ipaalaala sa kaniya na nakarating na sila sa liwasan ng Sta. Cruz.
El Filibusterismo,25,TAWANAN—IYAKAN,1,Ang loob kabahayan ng “Panciteria Macanista de buen gusto” ng gabing iyon ay may anyong di pangkaraniwan.
El Filibusterismo,25,TAWANAN—IYAKAN,2,"Labing apat na binata, ng mga pulong lalong tanyag ng Sangkapuluan, mula sa indio na walang ibang dugong halo (kung mayroong walang halo) hanggang sa kastilang taga España, ay nangagkatipon upang idaos ang piging na sinabi ni P. Irene, alang-alang sa naging hangga ng salitaang ukol sa pagtuturo ng wikang kastila."
El Filibusterismo,25,TAWANAN—IYAKAN,3,"Inupahan nila nang sa ganang kanila lamang ang lahat ng dulang, pinaragdagan ang ilaw at ipinadikit sa dingding, kasiping ng mga palamuti at kakemonong insik, ang ganitong di mawatasang mga pananalita:"
El Filibusterismo,25,TAWANAN—IYAKAN,4,¡LUMUWALHATI SI CUSTODIO DAHIL SA KANIYANG MAÑGA KALIKSIHAN AT PANSIT SA LUPA SA MAÑGA BINATANG MAY MABUBUTING KALOOBAN!
El Filibusterismo,25,TAWANAN—IYAKAN,5,"Sa isang bayan na ang lahat ng kabalbalan ay tinatabingan ng ayos kagalanggalang, at ang karamihan ay natataas sa tulong ng usok at mainit na hangin; sa isang bayan na yaong sadyang katunayan at tapat ay nakasasakit paglabas sa puso at mangyayaring maging sanhi ng mga kaguluhan, marahil ay yaon ang lalong mabuting paraan upang ipaggalak ang sumumpong sa ulo ng bantog na si D. Custodio."
El Filibusterismo,25,TAWANAN—IYAKAN,6,"Sinagot ng mga nadaya ng isang halakhak ang biro, ang pastel ng pamahalaan ay sinagot ng isang pinggang pansit, at mabuti’t gayon na lamang!"
El Filibusterismo,25,TAWANAN—IYAKAN,7,"Nangagtatawanan, nagbibiruan, ngunit nahahalatang ang katuwaan, ay pilit; ang tawanan ay tumataginting dahil sa kaunting panginginig, sa mga paningi’y pumupulas ang matutuling kislap at hindi iisa ang kinakitaan ng nagniningning na patak ng luha."
El Filibusterismo,25,TAWANAN—IYAKAN,8,"Datapwa’t gayon man, ang mga binatang iyon ay mga ganid na loob, mga wala sa katwiran!"
El Filibusterismo,25,TAWANAN—IYAKAN,9,"Hindi noon lamang pinasiyahan sa gayong paraan ang lalong maiinam na panukala, na pinapatay ang mga pag-asa sa tulong ng malalaking salita at mumunting gawa: bago si D. Custodio ay nagkaroon na ng marami, lubhang marami!"
El Filibusterismo,25,TAWANAN—IYAKAN,10,"Sa gitna ng kabahayan at sa tapat ng mga parol na pula, ay may apat na dulang na bilog, na naaayos na patungko; ang mga luklukan ay mga uupang kahoy na bilog din."
El Filibusterismo,25,TAWANAN—IYAKAN,11,"Sa gitna ng bawa’t dulang, alinsunod sa kaugalian ng tindahan, ay may nakahandang apat na pingang mumunti na may tig-apat na kakanin ang bawa’t isa, at apat na tasang tsa, na may kanikaniyang takip, na pawang porselanang pula; sa harap ng bawa’t luklukan ay may isang bote at dalawang kopang bubog na nangingintab."
El Filibusterismo,25,TAWANAN—IYAKAN,12,"Dahil sa pagkamausisa ni Sandoval, ay nagtitingintingin, lahat ay sinisiyasat, tinitikman ang mga hopya, pinagmamasdan ang mga palamuti, binabasa ang talaan ng mga halaga."
El Filibusterismo,25,TAWANAN—IYAKAN,13,"Ang iba’y nangag-uusap ng ukol sa mga bagay-bagay na pang-kasalukuyan, ukol sa mga artistang babai ng operetang pranses at mahiwagang pagkakasakit ni Simoun, na, alinsunod sa ilan, ay natagpuang may sugat sa lansangan; alinsunod naman sa iba ay nagtangkang magpatiwakal: gaya ng sadyang dapat mangyari, silang lahat ay naninira sa mga pagkukurokuro."
El Filibusterismo,25,TAWANAN—IYAKAN,14,"Si Tadeo ay may ibang balita, na alinsunod sa sabi niya’y hindi magkakabula."
El Filibusterismo,25,TAWANAN—IYAKAN,15,"Si Simoun ay sinugatan ng isang hindi kilala sa may lumang liwasan ng Vivak; ang sanhi ay ang higanti, at ang katunayan ay ang pangyayaring si Simoun ay ayaw magpahiwatig ng anoman."
El Filibusterismo,25,TAWANAN—IYAKAN,16,"Matapos iyon ay napag-usapan ang mga mahiwagang higanti, at gaya ng maaantay ay mga kagagawang prayle ang tinutukoy, na isinalaysay ng bawa’t isa ang inaasal ng mga kura sa kanikanilang bayan."
El Filibusterismo,25,TAWANAN—IYAKAN,17,"Isang tula na nasusulat ng malalaking titik na itim, ang nasa dakong itaas ng pintong kabahayan at nagsasabing:"
El Filibusterismo,25,TAWANAN—IYAKAN,18,—¡Kay inam na paunawa!
El Filibusterismo,25,TAWANAN—IYAKAN,19,—ang bulalas ni Sandoval—napagkikilala ang pagtitiwala sa pulutong ¿ano?
El Filibusterismo,25,TAWANAN—IYAKAN,20,"¡At naku, ang tula!"
El Filibusterismo,25,TAWANAN—IYAKAN,21,"¡Maipalalagay na si D. Tiburcio na naging tula, dalawang paa, ang isa’y mahaba kay sa isa sa pag-itan ng dalawang tungkod!"
El Filibusterismo,25,TAWANAN—IYAKAN,22,"¡Pag nakita iyan ni Isagani, ay iaalay sa kaniyang magiging inali!"
El Filibusterismo,25,TAWANAN—IYAKAN,23,—¡Narito si Isagani!
El Filibusterismo,25,TAWANAN—IYAKAN,24,—ang sagot ng isang boses mula sa hagdanan.
El Filibusterismo,25,TAWANAN—IYAKAN,25,"At ang mapalad na binata’y lumitaw na lipus katuwaan, na sinusundan ng dalawang insik na walang baro na may dalang malalaking mangkok, na nagkakalat ng masarap na amoy, na nakasalalay sa dalawang malalaking pangnan."
El Filibusterismo,25,TAWANAN—IYAKAN,26,Masasayang paaba ang sa kanila’y sumalubong.
El Filibusterismo,25,TAWANAN—IYAKAN,27,"Wala pa si Juanito Pelaez, ngunit sa dahilang nakaraan na ang oras ay masasayang nangagsidulog sa dulang."
El Filibusterismo,25,TAWANAN—IYAKAN,28,Kailan pa man ay hindi makatutupad sa salitaan si Juanito.
El Filibusterismo,25,TAWANAN—IYAKAN,29,—Kung si Basilio pa ang ating inanyayahan at hindi siya—ang sabi ni Tadeo.
El Filibusterismo,25,TAWANAN—IYAKAN,30,—Nilasing sana natin upang mapagsabi ng ilang lihim.
El Filibusterismo,25,TAWANAN—IYAKAN,31,"—Ha, ¿ang mapagnilay na si Basilio ay may itinatagong lihim?"
El Filibusterismo,25,TAWANAN—IYAKAN,32,—¡Bah!
El Filibusterismo,25,TAWANAN—IYAKAN,33,—ang tugon ni Tadeo—at ang lalo pa namang mahahalaga!
El Filibusterismo,25,TAWANAN—IYAKAN,34,"May ilang lihim na pangyayaring siya lamang ang tanging nakababatid ng linaw.... ang batang nawala, ang monha...."
El Filibusterismo,25,TAWANAN—IYAKAN,35,—¡Manga ginoo; ang pansit lang-lang ay siyang sopas na pinakamabuti!
El Filibusterismo,25,TAWANAN—IYAKAN,36,"—ang sigaw ni Makaraig;—gaya ng makikita ninyo, Sandoval, ang halo ay kabuti, hipon, tiniping itlog, sotanghon, manok, at hindi ko na maalaman kung ano pa."
El Filibusterismo,25,TAWANAN—IYAKAN,37,"Bilang pamago ay ihandog natin ang mga buto kay D. Custodio; ¡tingnan natin, magpanukala siya ng ukol dito!"
El Filibusterismo,25,TAWANAN—IYAKAN,38,Isang masayang halakhakan ang sumalubong sa pahayag na ito.
El Filibusterismo,25,TAWANAN—IYAKAN,39,—Pag naalaman....
El Filibusterismo,25,TAWANAN—IYAKAN,40,—¡Patakbong paparito!
El Filibusterismo,25,TAWANAN—IYAKAN,41,"—ang dugtong ni Sandoval—napakabuti ng sopas, ¿ano ang pangalan?"
El Filibusterismo,25,TAWANAN—IYAKAN,42,"—Pansit lang-lang, ito nga pansit insik upang maiba sa isa na sadyang gawa rito."
El Filibusterismo,25,TAWANAN—IYAKAN,43,—¡Bah!
El Filibusterismo,25,TAWANAN—IYAKAN,44,mahirap alalahanin ang pangalan.
El Filibusterismo,25,TAWANAN—IYAKAN,45,¡Patungkol kay D. Custodio ay bibinyagan ko ng pangalang panukalang sopas!
El Filibusterismo,25,TAWANAN—IYAKAN,46,Tinanggap ang bagong pangalan.
El Filibusterismo,25,TAWANAN—IYAKAN,47,"—Mga ginoo,—ang sabi ni Makaraig, na siyang pumili ng mga kakanin—¡mayroon pa tayong tatlong ulam!"
El Filibusterismo,25,TAWANAN—IYAKAN,48,Lumpiya ng insik na ang laman ay baboy....
El Filibusterismo,25,TAWANAN—IYAKAN,49,—¡Na inihahandog kay P. Irene!
El Filibusterismo,25,TAWANAN—IYAKAN,50,—¡Ababa!
El Filibusterismo,25,TAWANAN—IYAKAN,51,Si P. Irene ay hindi kakain ng baboy hanggang hindi nag-aalis ng ilong—ang marahang sabi ng isang binatang taga Iloilo sa kaniyang kalapit.
El Filibusterismo,25,TAWANAN—IYAKAN,52,—¡Mag-aalis ng ilong!
El Filibusterismo,25,TAWANAN—IYAKAN,53,—¡Mawala ang ilong ni P. Irene!
El Filibusterismo,25,TAWANAN—IYAKAN,54,—ang panabay na sigawan ng lahat.
El Filibusterismo,25,TAWANAN—IYAKAN,55,"—Galang, mga ginoo, kaunting galang!"
El Filibusterismo,25,TAWANAN—IYAKAN,56,—ang hingi ni Pecson na pabirong wari’y tinototoo.
El Filibusterismo,25,TAWANAN—IYAKAN,57,—Ang pangatlong pinggan ng ulam ay panyang na alimango......
El Filibusterismo,25,TAWANAN—IYAKAN,58,—Na ipinatutungkol sa mga prayle—ang dugtong ng taga Bisaya.
El Filibusterismo,25,TAWANAN—IYAKAN,59,"—Dahil sa pagka-alimango,—ang dugtong ni Sandoval."
El Filibusterismo,25,TAWANAN—IYAKAN,60,—¡Tama at tatawaging panyang na prayle!
El Filibusterismo,25,TAWANAN—IYAKAN,61,Inulit ng lahat na sabay-sabay ang: ¡panyang na prayle!
El Filibusterismo,25,TAWANAN—IYAKAN,62,—¡Tumututol ako sa ngalan ng isa!
El Filibusterismo,25,TAWANAN—IYAKAN,63,—ang sabi ni Isagani.
El Filibusterismo,25,TAWANAN—IYAKAN,64,"—¡At ako, sa ngalan ng mga alimango!"
El Filibusterismo,25,TAWANAN—IYAKAN,65,—ang dugtong ni Tadeo.
El Filibusterismo,25,TAWANAN—IYAKAN,66,"—¡Galang, mga ginoo, kaunting galang!"
El Filibusterismo,25,TAWANAN—IYAKAN,67,—ang muling sigaw ni Pecson na namumuwalan.
El Filibusterismo,25,TAWANAN—IYAKAN,68,—Ang pang-apat ay pansit na ginisa na ipinatutungkol.... sa pamahalaan at sa bayan!
El Filibusterismo,25,TAWANAN—IYAKAN,69,Lahat ay napalingon kay Makaraig.
El Filibusterismo,25,TAWANAN—IYAKAN,70,"—Hindi pa nalalaunan, mga ginoo,—ang patuloy—ay inaakalang ang pansit ay gawang insik o hapon, ngunit sa dahilang siya’y hindi kilala ni sa Kainsikan ni sa Hapon, ay tila siya pilipino, ngunit gayon man, ang mga nagluluto at nakikinabang ay ang mga insik: idem na idem na idem ang nangyayari sa pamahalaan at sa Pilipinas: wari’y insik, ngunit insik man sila o hindi man, ay may mga doktor ang Santa Madre...."
El Filibusterismo,25,TAWANAN—IYAKAN,71,"Lahat ay kumakain at lumalasa sa kaniya, ngunit gayon man ay nangagpapatumpiktumpik pa’t nagpapakunwaring umaayaw: gayon din ang nangyayari sa bayan, gayon din ang sa pamahalaan...."
El Filibusterismo,25,TAWANAN—IYAKAN,72,"Lahat ay nabubuhay ng dahil sa kaniya, lahat ay kalahok sa pistahan at pagkatapos ay walang bayang sasama pa kay sa Pilipinas, walang pamahalaang lalong magulo."
El Filibusterismo,25,TAWANAN—IYAKAN,73,Ipatungkol nga natin ang pansit sa bayan at sa pamahalaan!
El Filibusterismo,25,TAWANAN—IYAKAN,74,—¡Ipatungkol!
El Filibusterismo,25,TAWANAN—IYAKAN,75,—ang sabaysabay na sabi ng lahat.
El Filibusterismo,25,TAWANAN—IYAKAN,76,—¡Tutol ako!
El Filibusterismo,25,TAWANAN—IYAKAN,77,—ang bulalas ni Isagani....
El Filibusterismo,25,TAWANAN—IYAKAN,78,"—¡Igalang ang mga bata, igalang ang mga nasawi!"
El Filibusterismo,25,TAWANAN—IYAKAN,79,"—ang sigaw na pinaugong ang tingig ni Pecson, na itinaas ang isang buto ng inahing manok."
El Filibusterismo,25,TAWANAN—IYAKAN,80,"—¡Ipatungkol natin ang pansit sa insik na si Quiroga, na isa sa apat na kapangyarihan ng sangbayanang pilipino!"
El Filibusterismo,25,TAWANAN—IYAKAN,81,—ang palagay ni Isagani.
El Filibusterismo,25,TAWANAN—IYAKAN,82,"—¡Huwag, sa Eminencia Negra!"
El Filibusterismo,25,TAWANAN—IYAKAN,83,—¡Huwag kayong maingay!
El Filibusterismo,25,TAWANAN—IYAKAN,84,"—ang pabiglang sabing mahiwaga ng isa,—sa liwasan ay may mga pulutong na nagmamalas sa atin at ang mga dingding ay may pangdingig."
El Filibusterismo,25,TAWANAN—IYAKAN,85,"Tunay nga, pulupulutong ng mga nanonood ay nangagtayo sa tapat ng mga durungawan, samantalang ang ingayan at tawanan sa mga tindahang kalapit ay lubos na napawi, na wari bagang minatyagan ang nangyayari sa piging."
El Filibusterismo,25,TAWANAN—IYAKAN,86,Ang katahimikan ay may ayos na katangitangi.
El Filibusterismo,25,TAWANAN—IYAKAN,87,"—¡Tadeo, ibigkas mo ang iyong talumpati!"
El Filibusterismo,25,TAWANAN—IYAKAN,88,—ang marahang sabi ni Makaraig.
El Filibusterismo,25,TAWANAN—IYAKAN,89,Sa dahilang si Sandoval ang siyang lalong bihasa sa pagkamananalumpati ay pinagkasunduang siya ang sa huli’y hahalaw sa lahat ng salaysay.
El Filibusterismo,25,TAWANAN—IYAKAN,90,"Si Tadeo, dahil sa ugaling tamad na taglay niyang parati, ay hindi naghanda at namimilipit."
El Filibusterismo,25,TAWANAN—IYAKAN,91,"Samantalang sinisipsip ang isang mahabang sotanghon, ay iniisip ang paraang ikaliligtas niya sa kalagayang iyon, hanggan sa naalaala ang isang talumpating napag-aralan sa klase at humanda nang gayahan yaon at lahukan ng ibang bagay."
El Filibusterismo,25,TAWANAN—IYAKAN,92,—¡Mga ginigiliw na kapatid sa panukala!
El Filibusterismo,25,TAWANAN—IYAKAN,93,—ang simula niyang ikinumpay ang sipit na kagamitan ng mga insik sa pagkain.
El Filibusterismo,25,TAWANAN—IYAKAN,94,—¡Hayup!
El Filibusterismo,25,TAWANAN—IYAKAN,95,"¡bitiwan mo ang sipit, ginulo mo ang buhok ko!"
El Filibusterismo,25,TAWANAN—IYAKAN,96,—ang sabi ng isa niyang katabi.
El Filibusterismo,25,TAWANAN—IYAKAN,97,—Sa tawag ng inyong paghahalal na pagpunan ang kakulangang iniwan sa......
El Filibusterismo,25,TAWANAN—IYAKAN,98,—¡Manggagaya!
El Filibusterismo,25,TAWANAN—IYAKAN,99,"—ang putol ni Sandoval,—ang talumpating iyan ay sa Pangulo ng ating Liceo!"
El Filibusterismo,25,TAWANAN—IYAKAN,100,"—“Sa tawag ng inyong paghahalal”—ang patuloy ni Tadeo na walang katiga-tigatig—“na pagpunan ang kakulangang iniwan sa aking.... pag-iisip (at itinuro ang kaniyang tiyan) ng isang dakilang lalaki dahil sa kaniyang banal na aral at kaniyang mga kagagawan at mga panukala na karapatdapat na magkaroon ng kaunti pang alaala, ¿ano ang masasabi sa inyo ng isang gaya ko na may malaking gutom sa dahilang hindi nananghali?"
El Filibusterismo,25,TAWANAN—IYAKAN,101,”
El Filibusterismo,25,TAWANAN—IYAKAN,102,"—¡Narito ang isang liig, bigaaan!"
El Filibusterismo,25,TAWANAN—IYAKAN,103,—ang sabi ng kaniyang kalapit na iniaabot sa kaniya ang liig ng isang inahing manok.
El Filibusterismo,25,TAWANAN—IYAKAN,104,"—“May isang ulam, mga ginoo, na kayamanan ng isang bayan na ngayo’y sadlakan ng lait at kutya ng mundo, na pinagsaukan ng kanilang mga dayukdok na sandok ng matatakaw na pook, na nasa kalunuran ng sangsinukob...."
El Filibusterismo,25,TAWANAN—IYAKAN,105,”—itinuro sa pamag-itan ng kaniyang sipit si Sandoval na nakikipaglaban sa isang makunat na pakpak ng inahin.
El Filibusterismo,25,TAWANAN—IYAKAN,106,—At ¡mga taga kasilanganan!
El Filibusterismo,25,TAWANAN—IYAKAN,107,"—ang sagot ng tinukoy, na iginuhit ng pabilog ang kaniyang panandok upang maituro ang lahat ng kumakain."
El Filibusterismo,25,TAWANAN—IYAKAN,108,—¡Hindi pinapayagan ang mga patlang!
El Filibusterismo,25,TAWANAN—IYAKAN,109,—¡Humihingi ako ng salita!
El Filibusterismo,25,TAWANAN—IYAKAN,110,—¡Humihingi ako ng patis!
El Filibusterismo,25,TAWANAN—IYAKAN,111,—ang dugtong ni Isagani.
El Filibusterismo,25,TAWANAN—IYAKAN,112,—¡Dalhin dito ang lumpiya!
El Filibusterismo,25,TAWANAN—IYAKAN,113,Hiningi ng lahat ang lumpiya at si Tadeo ay umupong masaya dahil sa pagkakaalpas sa kagipitan.
El Filibusterismo,25,TAWANAN—IYAKAN,114,Ang ulam na ipinatungkol kay P. Irene ay hindi lumabas na mabuti at ang gayon ay ipinahayag ni Sandoval sa isang paraang lubhang napakasakit.
El Filibusterismo,25,TAWANAN—IYAKAN,115,—¡Nangingintab ang labas dahil sa mantika at baboy ang loob!
El Filibusterismo,25,TAWANAN—IYAKAN,116,"¡Dalhin dito ang pangatlong pingan ng ulam, ang panyang na prayle!"
El Filibusterismo,25,TAWANAN—IYAKAN,117,Ang panyang ay hindi pa luto; nadidingig ang sagitsit ng mantika sa kawali.
El Filibusterismo,25,TAWANAN—IYAKAN,118,Sinamantala ang patlang upang tumungga at hiningi nilang magsalita si Pecson.
El Filibusterismo,25,TAWANAN—IYAKAN,119,"Walang kapingaspingas si Pecson ay nag-angtanda, tumindig na pinipilit pigilin ang kaniyang tawang hangal, ginayahan ang isang predicador na agustino, na noo’y nababantog, at nagsimula sa pagbulong na wari’y sinasabi ang laman ng sermon."
El Filibusterismo,25,TAWANAN—IYAKAN,120,"“Si tripa plena laudat Deum, tripa famelica laudabit fratres; kung ang bitukang bundat ay nagpupuri sa Dios, ang bitukang dayukdok ay magpupuri sa mga prayle."
El Filibusterismo,25,TAWANAN—IYAKAN,121,"Mga salitang sinabi ni ginoong Custodio, sa bibig ni Ben-Zayb, pamahayagang El Grito de la Integridad, pangalawang salaysay, kaululang ika isang daan, limang pu’t pito."
El Filibusterismo,25,TAWANAN—IYAKAN,122,“¡Mga ginigiliw kong kapatid kay Jesucristo!
El Filibusterismo,25,TAWANAN—IYAKAN,123,"“¡Ibinubuga ng kasamaan ang kaniyang maruming hininga sa mga kulay dahong baybayin ng Frailandia, Kapuluang Pilipinas sa karaniwang tawag!"
El Filibusterismo,25,TAWANAN—IYAKAN,124,"Hindi sumisilang ang isang araw na hindi umuugong ang isang pagbaka, na hindi nadingig ang isang masamang parunggit sa mga reverendas, venerandas at predicandas corporaciones, na walang sukat magtanggol at walang sukat kumatig."
El Filibusterismo,25,TAWANAN—IYAKAN,125,"Ipahintulot ninyo sa akin, mga kapatid, na sa isang sandali’y maging caballero andante ako upang magtanggol ng walang sukat magsanggalang, ng mga banal na korporasion na nagturo sa atin, at patibayan pang muli ang karugtong ng ibig turan noong sawikain na, bitukang bundat ay nagpupuri sa Dios, na dili iba’t, ang bitukang dayukdok ay magpupuri sa mga prayle."
El Filibusterismo,25,TAWANAN—IYAKAN,126,”
El Filibusterismo,25,TAWANAN—IYAKAN,127,"—¡Mainam, mainam!"
El Filibusterismo,25,TAWANAN—IYAKAN,128,"—Hoy,—ang sabing walang katawatawa ni Isagani—ipinababatid ko sa iyo na kapag ang mga prayle ang natutukoy ay iginagalang ko ang isa."
El Filibusterismo,25,TAWANAN—IYAKAN,129,"Si Sandoval, na nasasayahan na, ay umawit:"
El Filibusterismo,25,TAWANAN—IYAKAN,130,"—Makingig kayo, mga kapatid; ibaling ang inyong paningin sa magandang kapanahunan ng inyong kabataan; tingnan ninyong siyasatin ang kasalukuyan at itanong ninyo sa sarili ang kinabukasan."
El Filibusterismo,25,TAWANAN—IYAKAN,131,¿May ano kayo?
El Filibusterismo,25,TAWANAN—IYAKAN,132,"¡Prayle, prayle at prayle!"
El Filibusterismo,25,TAWANAN—IYAKAN,133,"Isang prayle ang sa inyo’y nagbibinyag, nagkukumpil, dumadalaw ng lubhang masuyo sa paaralan; isang prayle ang dumidingig ng mga una ninyong lihim, siya ang una unang nagpapakain sa inyo ng isang Dios, ang nagtuturo sa inyo ng landas ng kabuhayan; mga prayle ang una at huling guro ninyo, prayle ang nagbubukas ng puso ng inyong mga magiging asawa, na inilalaan sa inyong mga suyo; isang prayle ang nagkakasal sa inyo, ang nag-uutos na kayo’y maglakbay sa iba’t ibang pulo, na binibigyan kayong daan upang makapagbago ng singaw at libangan; siya ang naglilingkod sa inyo kung kayo’y naghihingalo at kahi’t umakyat kayo sa bibitayan, ay naroroon din ang prayle upang kayo’y samahan ng kaniyang mga dasal at luha, at makapapanatag kayong hindi kayo iiwan hanggang hindi makitang kayo’y sadyang patay na patay na at bitay na bitay."
El Filibusterismo,25,TAWANAN—IYAKAN,134,"Datapwa’y hindi hanggang diyan lamang ang kaniyang kaawaan; kung patay na kayo, ay pagpipilitang kayo’y mailibing ng buong dingal, makikipaglaban upang ang inyong bangkay ay dumaan sa simbahan, tanggapin ang kanilang mga panalangin, at magpapahinga lamang kapag naibigay na kayo, sa mga kamay ng Lumikha, na malinis na malinis dito sa lupa, alang-alang sa mga parusang tinanggap, mga pahirap at mga pagpapakumbaba."
El Filibusterismo,25,TAWANAN—IYAKAN,135,"Sa pagkakilala sa mga turo ni Cristo na hindi binubuksan sa mayayaman ang pinto ng langit, sila, mga bagong mananakop, mga tunay na kahalili ng Tagapagligtas, ay lumalalang ng sarisaring paraan upang alisan kayo ng sala, kuapi sa karaniwang tawag, at dinadala sa malayo, lubhang malayo, doon sa tinitirahan ng mga kalaitlait na mga insik at mga protestante, at iniiwang malinis, mabuti, malunas, ang hinihingahan natin dito, sa paraan, na kahi’t ibigin man natin pagkatapos, ay wala tayong matatagpuang halagang sikapat na magiging sanhi ng ating ipagkakasala!"
El Filibusterismo,25,TAWANAN—IYAKAN,136,"“Oo, nga, sila’y kailangan ng ating kaligayahan; kung sa lahat ng dakong dalhin natin ang ating ilong ay matatagpuan natin ang manipis na kamay, na gutom sa halik, na sa araw-araw ay lalo pang nagpapatalapya sa sungalngal na dagdag na taglay natin sa mukha ¿bakit hindi sila suyuin at patabain at bakit hihingin ang kagagawang hindi nararapat na sila’y palayasin?"
El Filibusterismo,25,TAWANAN—IYAKAN,137,Nilayin sandali ang malaking kakulangang mangyayari sa ating kalipunan kung sila’y mawala!
El Filibusterismo,25,TAWANAN—IYAKAN,138,"Mga walang pagal na manggagawa ay pinabubuti at pinakakapal nila ang mga lipi; sa pagkakawatakwatak natin dahil sa mga inggitan at samaan ng loob, ay pinagsasama tayo ng mga prayle sa iisang kapalaran, sa isang mahigpit na tungkos, napakahigpit na hindi na tuloy maigalaw ng marami ang kanilang siko!"
El Filibusterismo,25,TAWANAN—IYAKAN,139,"Alisin ninyo ang prayle, mga ginoo, at makikita ninyong mayayanig ang kapamayanang pilipino, dahil sa kakulangan ng malalakas na balikat at mabalahibong hita; ang pamumuhay pilipino ay makakainip kung wala ang nakapagpapasayang prayle na mapagbiro at malikot, kung wala ang mumunting aklat, at mga sermon na nakapagpapaihit ng tawa, kung wala ang mainam na pagkakaibayo na malalaking hangarin sa mga bungong walang kabuluhan, kung wala ang tunay na pagtatanghal, sa araw-araw, ng mga kuwento ni Boccacio at ni Lafontaine!"
El Filibusterismo,25,TAWANAN—IYAKAN,140,Kung wala ang mga korrea at kalmen ¿ano ang ibig ninyong gawin sa haharapin ng ating mga babai kundi impukin ang salaping iyan at sila’y maging maramot at makamkam?
El Filibusterismo,25,TAWANAN—IYAKAN,141,"Kung wala ang mga misa, mga nobena at mga prusisyon ¿saan kayo makatatagpo ng mga panggingihang kanilang mapaglilibangan?"
El Filibusterismo,25,TAWANAN—IYAKAN,142,wala silang tutungkulin kundi ang mga gawain sa bahay at ang pagbabasa nila ng mga kuwentong kababalaghan ay kailangan nating palitan ng mga aklat na wala pa rito!
El Filibusterismo,25,TAWANAN—IYAKAN,143,"Alisin ninyo ang prayle, at mawawala ang kabayanihan, tataglayin na ng bayan ang mga mabuting pamamayan; alisin ninyo ang prayle at mawawala ang indio; ang prayle ay siyang Ama, ang indio ang Verbo; yaon ang artista at ito ang estatua, sapagka’t lahat ng kabagayang taglay natin, ang ating iniisip at ginagawa, ay utang natin sa prayle, sa kaniyang katiyagaan, sa kaniyang kasipagan, sa kaniyang pagtatamang tatlong daang taon upang mabago ang ayos na ibinigay sa atin ng Kalikasan!"
El Filibusterismo,25,TAWANAN—IYAKAN,144,"At kung walang prayle at walang indio ang Pilipinas, ¿ano ang mangyayari sa kaawaawang pamahalaan na mapapaharap sa mga insik?"
El Filibusterismo,25,TAWANAN—IYAKAN,145,”
El Filibusterismo,25,TAWANAN—IYAKAN,146,—¡Kakain ng panyang na alimango!
El Filibusterismo,25,TAWANAN—IYAKAN,147,—ang sagot ni Isagani na nababagot sa talumpati ni Pecson.
El Filibusterismo,25,TAWANAN—IYAKAN,148,—At iyan ang dapat nating gawin.
El Filibusterismo,25,TAWANAN—IYAKAN,149,Siya na ang talumpati!
El Filibusterismo,25,TAWANAN—IYAKAN,150,"Sa dahilang hindi dumarating ang insik na may dala ng ulam, ay tumindig ang isa sa mga nag-aaral at tumungo sa pinaka look, sa may durungawang harap sa ilog; datapwa’y madaling bumalik na humuhudyat ng palihim."
El Filibusterismo,25,TAWANAN—IYAKAN,151,—Sinusubukan tayo; nakita ko ang minamahal ni P. Sibyla!
El Filibusterismo,25,TAWANAN—IYAKAN,152,—¿Siya nga ba?
El Filibusterismo,25,TAWANAN—IYAKAN,153,—ang bulalas ni Isagani na sabay ang tindig.
El Filibusterismo,25,TAWANAN—IYAKAN,154,—Huwag nang magpagod: nang makita ako ay umalis.
El Filibusterismo,25,TAWANAN—IYAKAN,155,Lumapit sa durungawan at tumanaw sa liwasan.
El Filibusterismo,25,TAWANAN—IYAKAN,156,Pagkatapos ay hinudyatan ang kaniyang mga kasama upang mangagsilapit.
El Filibusterismo,25,TAWANAN—IYAKAN,157,"Nakita nilang lumabas sa pintuan ng magpapansit ang isang binata na palingonlingon at lumulan, na kasama ang isang hindi kilala, sa isang sasakyang nag-aantay sa tabi ng bangketa."
El Filibusterismo,25,TAWANAN—IYAKAN,158,Ang sasakyan ay kay Simoun.
El Filibusterismo,25,TAWANAN—IYAKAN,159,—¡Ah!
El Filibusterismo,25,TAWANAN—IYAKAN,160,—ang bulalas ni Makaraig:—ang alipin ng Vice-Rector ay pinaglilinkuran ng Panginoon ng General.
El Filibusterismo,26,MGA PASKIN,1,Maagang bumangon si Basilio upang tumungo sa Hospital.
El Filibusterismo,26,MGA PASKIN,2,"Mayroon na siyang takdang gagawin, dalawin ang kaniyang mga may sakit, paroon pagkatapos sa Unibersidad upang mabatid ang ilang bagay na ukol sa kaniyang licenciatura, at sa kahulihulihan ay makipagkita kay Makaraig dahil sa gugol na mangyayari sa kaniyang pagkuha ng grado."
El Filibusterismo,26,MGA PASKIN,3,"Ang malaking bahagi ng kaniyang naimpok ay iniukol niya sa itutubos kay Huli at upang madulutan ito ng isang dampa na mapamamahayang kasama ng nuno, at hindi siya makapangahas na lumapit kay kapitang Tiago, sa pangingilag na baka masapantahang ang gayon ay isang pauna sa mamanahing sinasabisabi sa kaniya."
El Filibusterismo,26,MGA PASKIN,4,"Libang sa mga gayong iniisip ay hindi napuna ang mga pulupulutong na mga nag-aaral na maagang nanggagaling sa loob ng Maynila na waring isinara ang mga paaralan; lalo pa manding hindi napuna ang anyong natutubigan ng ilan, ang paanas na usapan, ang lihim nilang hudyatan."
El Filibusterismo,26,MGA PASKIN,5,"Kaya’t nang dumating sa San Juan de Dios at tinanong siya ng kaniyang mga kaibigan ng ukol sa isang panghihimagsik, si Basilio ay napalundag at naalaala ang binabalak ni Simoun, na hindi natuloy dahil sa mahiwagang sakuna na nangyari sa manghihiyas."
El Filibusterismo,26,MGA PASKIN,6,Lipos katakutan at nanginginig ang boses ay tumanong na nagpakunwaring walang kamuwangmuwang:
El Filibusterismo,26,MGA PASKIN,7,—¡Ah!
El Filibusterismo,26,MGA PASKIN,8,¿ang panghihimagsik?
El Filibusterismo,26,MGA PASKIN,9,—¡Napag-alaman!
El Filibusterismo,26,MGA PASKIN,10,"—ang sabi ng isa,—at tila marami ang nahahalo."
El Filibusterismo,26,MGA PASKIN,11,Pinilit ni Basilio ang makapagpigil.
El Filibusterismo,26,MGA PASKIN,12,—¿Marami ang nahalo?
El Filibusterismo,26,MGA PASKIN,13,—ang ulit na tinangkang makabatid ng kahi’t munting bagay sa mga mata ng iba;—at sino sino....?
El Filibusterismo,26,MGA PASKIN,14,"—Mga nag-aaral, maraming mga nag-aaral!"
El Filibusterismo,26,MGA PASKIN,15,"Inakala ni Basilio na hindi nararapat na magtanong pa sa pag-aalalang baka siya mahalata, at lumayo sa pulutong, na ang dinahilan ay ang pagdalaw sa kaniyang mga may sakit."
El Filibusterismo,26,MGA PASKIN,16,"Isang guro sa clinica ang sumalubong sa kaniya, at matapos na mapigilan siya sa balikat na lubhang mahiwaga (ang guro ay kaibigan niya), ay marahan siyang tinanong:"
El Filibusterismo,26,MGA PASKIN,17,—¿Naparoon ba kayo sa hapunan kagabi?
El Filibusterismo,26,MGA PASKIN,18,"Sa kalagayang lito ni Basilio ng mga sandaling iyon, ay nagkariringgang kamakalawa sa gabi ang sinabi sa kaniya."
El Filibusterismo,26,MGA PASKIN,19,Nang kinamakalawahan sa gabi nangyari ang pakikipag-usap kay Simoun.
El Filibusterismo,26,MGA PASKIN,20,Nagtangkang magpaliwanag.
El Filibusterismo,26,MGA PASKIN,21,—Sasabihin ko sa inyo—ang bulong halos—sa dahilang masama ang lagay ni kapitang Tiago at saka kailangan kong matapos ang Mata....
El Filibusterismo,26,MGA PASKIN,22,"—Mabuti nga ang nagawa ninyong hindi naparoon,—ang sabi ng guro,—¿Ngunit kasama ba kayo sa kapisanan ng mga nag-aaral?"
El Filibusterismo,26,MGA PASKIN,23,—Ibinibigay ko ang aking ambag....
El Filibusterismo,26,MGA PASKIN,24,—Kung gayon ay isang payo: umuwi kayo ngayon din at pawiin ninyo ang lahat ng papel na makasasama sa inyo.
El Filibusterismo,26,MGA PASKIN,25,Kinibit ni Basilio ang kaniyang balikat.
El Filibusterismo,26,MGA PASKIN,26,"Wala siyang anomang papel, mayroon siyang mga tala na ukol sa klinika at wala nang iba."
El Filibusterismo,26,MGA PASKIN,27,—¿Si ginoong Simoun po kaya’y....?
El Filibusterismo,26,MGA PASKIN,28,"—Walang pakialam si Simoun sa pangyayari, salamat sa Dios!"
El Filibusterismo,26,MGA PASKIN,29,"—ang dagdag ng manggagamot—sinugatan ng isang taong hindi kilala, at ngayo’y nahihiga."
El Filibusterismo,26,MGA PASKIN,30,"Hindi, dito’y ibang kamay ang kumikilos, ngunit kakilakilabot din."
El Filibusterismo,26,MGA PASKIN,31,Si Basilio ay huminga.
El Filibusterismo,26,MGA PASKIN,32,Si Simoun ang tanging makapag huhulog sa kaniya.
El Filibusterismo,26,MGA PASKIN,33,Gayon man ay naalaala si kabisang Tales.
El Filibusterismo,26,MGA PASKIN,34,—¿May mga tulisan?....
El Filibusterismo,26,MGA PASKIN,35,"—Wala, tao kayo, wala kundi mga nag-aaral lamang."
El Filibusterismo,26,MGA PASKIN,36,Natiwasay na si Basilio.
El Filibusterismo,26,MGA PASKIN,37,"—¿Ano, kung gayon, ang nangyari?"
El Filibusterismo,26,MGA PASKIN,38,—ang naipangahas na itanong.
El Filibusterismo,26,MGA PASKIN,39,—Nakatagpo ng mga paskin na masasama ang sinasabi; ¿hindi baga ninyo batid?
El Filibusterismo,26,MGA PASKIN,40,—¿Saan?
El Filibusterismo,26,MGA PASKIN,41,—C....! sa Unibersidad.
El Filibusterismo,26,MGA PASKIN,42,—¿Wala na kundi iyon?
El Filibusterismo,26,MGA PASKIN,43,—P....!
El Filibusterismo,26,MGA PASKIN,44,¿hindi pa ba sukat sa inyo ang gayon?
El Filibusterismo,26,MGA PASKIN,45,"—ang tanong na halos galit ng tagapagturo;—hinihinalang gawa ng mga nagsasaping nag-aaral ang mga paskin, ngunit ¡huwag kayong umimik!"
El Filibusterismo,26,MGA PASKIN,46,"Dumarating ang guro sa Patologia, isang ginoong malamang pang anyong sakristan kay sa anyong manggagamot."
El Filibusterismo,26,MGA PASKIN,47,"Nahalal sa tulong ng lakas ng Vice-Rector, na hindi na hinilingan ng anomang karapatan liban sa lubos na pag-alinsunod sa corporacion, at inaaring isang tiktik at mangsusumbong ng ibang guro sa Facultad."
El Filibusterismo,26,MGA PASKIN,48,Ginanti siya ng bating pasumala ng unang guro na kinindatan si Basilio at malakas na sinabing:
El Filibusterismo,26,MGA PASKIN,49,—Batid ko nang nag-aamoy bangkay si kapitang Tiago; dinalaw na ng mga uwak at buitre.
El Filibusterismo,26,MGA PASKIN,50,At pumasok sa salas ng mga propesor.
El Filibusterismo,26,MGA PASKIN,51,"Tiwatiwasay na, si Basilio ay nangahas na magsiyasat ng iba pang bagay."
El Filibusterismo,26,MGA PASKIN,52,"Ang tanging nabatid niya ay ang pagkakatagpo ng mga paskin sa mga pinto ng Universidad, mga pasking ipinabakbak ng Vice Rector upang ipadala sa Gobierno Civil."
El Filibusterismo,26,MGA PASKIN,53,"Sinasabing puno ng pagbabala, pagputol ng mga liig, pagsalakay at iba pang mga pagmamatapang."
El Filibusterismo,26,MGA PASKIN,54,Sa bagay na ito’y nangagkukurokuro at nagpapalapalagay ang mga nag-aaral.
El Filibusterismo,26,MGA PASKIN,55,"Ang mga unang balita ay tinanggap nila sa bantay pintuan, na tumanggap ng balita sa isang alila sa Sto."
El Filibusterismo,26,MGA PASKIN,56,"Tomas, at ito’y sa isang capista naman nakabalita."
El Filibusterismo,26,MGA PASKIN,57,"Sinasapantaha na nilang magkakaroon ng mga suspenso, mga pagkapiit, at ibp."
El Filibusterismo,26,MGA PASKIN,58,", at itinuturo na ang mga mapaparusahan, na dili iba’t ang mga nasa Kapisanan."
El Filibusterismo,26,MGA PASKIN,59,Noon naalala ni Basilio ang mga pangungusap ni Simoun: Sa araw na magagawang kayo’y pawiin....
El Filibusterismo,26,MGA PASKIN,60,Hindi ninyo matatapos ang inyong pag-aaral......
El Filibusterismo,26,MGA PASKIN,61,—¿Mayroon kaya siyang nalalamang bagay?
El Filibusterismo,26,MGA PASKIN,62,—ang tanong sa sarili;—tingnan natin kung sino ang lalong makapangyayari.
El Filibusterismo,26,MGA PASKIN,63,"At nang makapagbalik loob na, upang mabatid ang nararapat niyang gawin at maalam din naman ang ukol sa kaniyang licenciatura ay tinungo ni Basilio ang Universidad."
El Filibusterismo,26,MGA PASKIN,64,"Dumaan sa daang Legazpi, tumuloy sa daang Beaterio, at nang dumating sa liko ng daang ito at ng Solana ay namatyagan nga niya na tila may isang malaking bagay na nangyari."
El Filibusterismo,26,MGA PASKIN,65,"Sa mga dating pulupulutong na masasaya at maiingay ay daladalawang Guardia Veterana ang kaniyang nakita sa mga banketa na nangag-aaboy sa mga nag-aaral na lumalabas sa Unibersidad, na ang ilan ay walang kakibokibo, malalamlam ang mukha, ang iba’y galit na nangagsisitayo sa dakong malayolayo o nangagsisiuwi sa kanikanilang mga bahay."
El Filibusterismo,26,MGA PASKIN,66,Ang kaunaunahan niyang nasagupa ay si Sandoval.
El Filibusterismo,26,MGA PASKIN,67,Hindi pinuna ang katatawag ni Basilio; waring naging bingi.
El Filibusterismo,26,MGA PASKIN,68,—¡Gawa ng takot sa katas ng bituka!
El Filibusterismo,26,MGA PASKIN,69,—ang sinapantaha ni Basilio.
El Filibusterismo,26,MGA PASKIN,70,"Pagkatapos ay si Tadeo naman ang natagpuan, na masayang masaya."
El Filibusterismo,26,MGA PASKIN,71,Tila mangyayari din ang walang katapusang cuacha.
El Filibusterismo,26,MGA PASKIN,72,"—¿Ano ang nangyayari, Tadeo?"
El Filibusterismo,26,MGA PASKIN,73,"—¡Wala tayong pasok ng hindi bababa sa isang linggo, bigan!"
El Filibusterismo,26,MGA PASKIN,74,¡mainam!
El Filibusterismo,26,MGA PASKIN,75,¡mabuti!
El Filibusterismo,26,MGA PASKIN,76,At pinagkikiskis ang mga kamay sa katuwaan.
El Filibusterismo,26,MGA PASKIN,77,—Datapuwa’y ¿ano ang nangyari?
El Filibusterismo,26,MGA PASKIN,78,—¡Ibibilanggo tayong mga kaanib sa kapisanan!
El Filibusterismo,26,MGA PASKIN,79,—¿At masaya ka?
El Filibusterismo,26,MGA PASKIN,80,"—¡Walang pasukan, walang pasukan!"
El Filibusterismo,26,MGA PASKIN,81,—at lumayong hindi magkasiya sa galak.
El Filibusterismo,26,MGA PASKIN,82,"Nakitang dumarating si Juanito Pelaez na namumutla at nanganganib; ang kaniyang kakubaan noon ay umabot sa lalong katambukan, nagtutumulin siya sa pag-ilas."
El Filibusterismo,26,MGA PASKIN,83,Siya’y naging isa sa mga lalong masigasig na nag-uusig na matayo ang kapisanan samantalang mabuti ang lakad.
El Filibusterismo,26,MGA PASKIN,84,"—¿E, Pelaez, ano ang nangyari?"
El Filibusterismo,26,MGA PASKIN,85,"—¡Wala, wala akong nalalaman!"
El Filibusterismo,26,MGA PASKIN,86,Ako’y walang pakialam—ang nangingilabot na sagot—sinasabi ko na sa kanila; iyan ay kaululan....
El Filibusterismo,26,MGA PASKIN,87,¿Hindi ba gayon ang sabi ko?
El Filibusterismo,26,MGA PASKIN,88,"Hindi alam ni Basilio kung sinabi niya o hindi, ngunit sa pagbibigay loob sa kaniya ay sumagot:"
El Filibusterismo,26,MGA PASKIN,89,—¡Oo!
El Filibusterismo,26,MGA PASKIN,90,ngunit ¿ano ang nangyayari?
El Filibusterismo,26,MGA PASKIN,91,"—¿Tunay nga, ano?"
El Filibusterismo,26,MGA PASKIN,92,"Tingnan mo, ikaw ay saksi; kailan man ay hadlang ako...."
El Filibusterismo,26,MGA PASKIN,93,"¡ikaw ang saksi, tingnan mo, huwag mong limutin!"
El Filibusterismo,26,MGA PASKIN,94,"—Oo, oo; ngunit ¿ano ang nangyari?"
El Filibusterismo,26,MGA PASKIN,95,—Tingnan mo; ¡saksi ka!
El Filibusterismo,26,MGA PASKIN,96,Hindi ako nakikilahok kailan man sa kapisanan kundi upang pagpaliwanagan ko kayo.... baka mo ipagkaila pagkatapos!
El Filibusterismo,26,MGA PASKIN,97,Huwag mong lilimutin ¿ha?
El Filibusterismo,26,MGA PASKIN,98,"—Hindi, hindi ko itatakwil, ngunit ¿ano na ang nangyari, anak ka ng Dios?"
El Filibusterismo,26,MGA PASKIN,99,Si Juanito ay malayo na: nakitang lumalapit ang isang guardia at natakot na baka siya hulihin.
El Filibusterismo,26,MGA PASKIN,100,Nang magkagayon ay tumungo si Basilio sa Unibersidad upang tingnan kung baka sakaling bukas ang Kalihiman at upang makatanggap ng balita.
El Filibusterismo,26,MGA PASKIN,101,Nakalapat ang pintuan ng kalihiman at sa bahay na iyon ay may di karaniwang kilusan.
El Filibusterismo,26,MGA PASKIN,102,"Akyat manaog sa mga hagdanan ang mga prayle, militar, pulistas, matatandang abogado at mediko, upang ihandog marahil ang kanilang tulong sa may kapanganiban."
El Filibusterismo,26,MGA PASKIN,103,"Natanaw sa malayo ang kaibigan niyang Isagani, na, namumutla at bago ang anyo, taglay ang buong gilas kabataan, na nag-uulat sa ilang kasama sa pag-aaral at inilalakas ang pagsasalita na waring walang kabuluhan sa kaniya ang madingig man ng lahat."
El Filibusterismo,26,MGA PASKIN,104,"—¡Kahalayhalay, mga ginoo, kahalayhalay na ang isang pangyayaring gangganiyan lamang ay makapagpatakbo sa atin at mapailas tayong wari’y mga langaylangayan dahil lamang sa ang panakot upo ay gumalaw!"
El Filibusterismo,26,MGA PASKIN,105,¿Ngayon lamang ba mangyayaring ang mga binata’y mabibilanggo ng dahil sa pagtatanggol ng kalayaan?
El Filibusterismo,26,MGA PASKIN,106,"¿Nasaan ang mga patay, nasaan ang mga nabaril?"
El Filibusterismo,26,MGA PASKIN,107,Bakit tataliwakas ngayon?
El Filibusterismo,26,MGA PASKIN,108,—Ngunit sino kaya ang hangal na sumulat ng mga gayong paskin?
El Filibusterismo,26,MGA PASKIN,109,—ang tanong na pagalit ng isa.
El Filibusterismo,26,MGA PASKIN,110,—¿Ano ang mayroon sa atin?
El Filibusterismo,26,MGA PASKIN,111,"—ang sagot ni Isagani—hindi natin katungkulan ang magsiyasat, siyasatin nila!"
El Filibusterismo,26,MGA PASKIN,112,Bago matanto ang ayos ng pagkakasulat ay hindi natin kailangan ang magpakita ng pagkampi sa mga ganitong sandali.
El Filibusterismo,26,MGA PASKIN,113,"Doon sa may panganib, doon tayo dapat pumaroon, sapagka’t doon naroon ang karangalan!"
El Filibusterismo,26,MGA PASKIN,114,"Kung ang sinasabi ng mga paskin ay kasang-ayon ng ating karangalan at mga damdamin, sino man ang sumulat, ay mabuti ang ginawa, nararapat nating pasalamatan at agarin nating isama sa kaniya ang ating lagda."
El Filibusterismo,26,MGA PASKIN,115,"Kung hindi kapit sa atin, ang ating inuugali at ang ating mga budhi ay sadya nang tumututol sa anomang sumbong...."
El Filibusterismo,26,MGA PASKIN,116,"Nang madingig ni Basilio ang gayong pagsasalita, kahi’t na mahal sa kaniya si Isagani, ay pumihit at umalis."
El Filibusterismo,26,MGA PASKIN,117,Paparoon siya sa bahay ni Makaraig upang sabihin ang tungkol sa pagsandali.
El Filibusterismo,26,MGA PASKIN,118,Sa kalapit ng bahay ng mayamang nag-aaral ay nakapuna ng mga bulong bulungan at mahiwagang hudyatan ng mga kapitbahay.
El Filibusterismo,26,MGA PASKIN,119,Sa dahilang hindi talos ng binata ang sanhi ng pinag-uusapan ay palagay na ipinatuloy ang kaniyang lakad at pumasok sa pintuan.
El Filibusterismo,26,MGA PASKIN,120,Dalawang bantay na Veterana ang sumalubong sa kaniya’t siya’y tinanong kung ano ang ibig.
El Filibusterismo,26,MGA PASKIN,121,Nahalata ni Basilio na siya’y nagbiglabigla ngunit hindi na makaurong.
El Filibusterismo,26,MGA PASKIN,122,—Hinahanap ko ang aking kaibigang si Makaraig—ang patuloy na sagot.
El Filibusterismo,26,MGA PASKIN,123,Ang mga bantay ay nagtinginan.
El Filibusterismo,26,MGA PASKIN,124,"—Mag-antay kayo rito—ang sabi sa kaniya ng isa,—antabayanan ninyo ang kabo."
El Filibusterismo,26,MGA PASKIN,125,"Si Basilio ay napakagat labi, at ang mga pangungusap ni Simoun ay muling umugong sa kaniyang tainga...."
El Filibusterismo,26,MGA PASKIN,126,Hinuhuli kaya si Makaraig?
El Filibusterismo,26,MGA PASKIN,127,"—ang inisip niya, ngunit hindi nakapangahas na magtanong."
El Filibusterismo,26,MGA PASKIN,128,"Hindi nag-antay nang malaon; ng sandaling yaon ay pumapanaog si Makaraig na masayang nakikipag-usap sa kabo, na kapuwa pinangungunahan ng isang alguacil."
El Filibusterismo,26,MGA PASKIN,129,—¿Bakit?
El Filibusterismo,26,MGA PASKIN,130,"¿Pati ba kayo, Basilio?"
El Filibusterismo,26,MGA PASKIN,131,—ang tanong.
El Filibusterismo,26,MGA PASKIN,132,—Titingnan ko kayo....
El Filibusterismo,26,MGA PASKIN,133,—¡Marangal na asal!
El Filibusterismo,26,MGA PASKIN,134,"—ang sabing tumatawa ni Makaraig,—noong mga araw na payapa, ay lumalayo kayo sa amin...."
El Filibusterismo,26,MGA PASKIN,135,Itinanong ng kabo kay Basilio ang kaniyang pangalan at tiningnan ang isang talaan.
El Filibusterismo,26,MGA PASKIN,136,"—¿Nag-aaral sa panggagamot, daang Anloague?"
El Filibusterismo,26,MGA PASKIN,137,—ang tanong ng kabo.
El Filibusterismo,26,MGA PASKIN,138,Kinagat ni Basilio ang kaniyang labi.
El Filibusterismo,26,MGA PASKIN,139,"—¿Bakit, pati ba ako?"
El Filibusterismo,26,MGA PASKIN,140,Si Makaraig ay humalakhak.
El Filibusterismo,26,MGA PASKIN,141,"—Huwag kayong manganib, kaibigan; magkakaruahe tayo, at sa gayon ay isasalaysay ko sa inyo ang hapunan kagabi."
El Filibusterismo,26,MGA PASKIN,142,"At sa isang mainam na kilos, na waring nasa kaniyang bahay, ay inanyayahan ang auxilio at ang kabo na lumulan sa sasakyang nagaantay sa kanila sa pinto."
El Filibusterismo,26,MGA PASKIN,143,—¡Sa Gobierno Civil!
El Filibusterismo,26,MGA PASKIN,144,—ang sabi sa kotsero.
El Filibusterismo,26,MGA PASKIN,145,"Isinalaysay ni Basilio, na nakapagbalik loob na, kay Makaraig ang sanhi ng kaniyang pagdalaw."
El Filibusterismo,26,MGA PASKIN,146,Hindi siya binayaang matapos ng mayamang nag-aaral at siya’y kinamayan.
El Filibusterismo,26,MGA PASKIN,147,"—Maaasahan ninyo ako kaibigan, maaasahan ninyo ako at sa pista ng ating investidura ay aanyayahan natin ang mga ginoong ito,—ang sabing itinuro ang kabo at ang alguasil."
El Filibusterismo,27,ANG PRAYLE AT ANG PILIPINO,1,"Vox populi, vox Dei."
El Filibusterismo,27,ANG PRAYLE AT ANG PILIPINO,2,Iniwan natin si Isagani na nagsasalita sa kaniyang mga kaibigan.
El Filibusterismo,27,ANG PRAYLE AT ANG PILIPINO,3,"Sa gitna ng kaniyang kasigabuhan, ay nilapitan ng isang kapista upang sabihin sa kaniyang ibig siyang makausap ni P. Fernandez, isa sa mga katedratiko sa ampliacion."
El Filibusterismo,27,ANG PRAYLE AT ANG PILIPINO,4,Si Isagani’y namutla.
El Filibusterismo,27,ANG PRAYLE AT ANG PILIPINO,5,Sa ganang kaniya’y isang taong kagalanggalang si P. Fernandez: yaon ang isa na kaniyang itinatangi kailan pa ma’t ang napag-uusapan ay ang pag-alimura sa prayle.
El Filibusterismo,27,ANG PRAYLE AT ANG PILIPINO,6,—At ¿ano ang ibig ni P. Fernandez?
El Filibusterismo,27,ANG PRAYLE AT ANG PILIPINO,7,—ang tanong.
El Filibusterismo,27,ANG PRAYLE AT ANG PILIPINO,8,Kinibit ng kapista ang balikat; sinundan ni Isagani na masama ang loob.
El Filibusterismo,27,ANG PRAYLE AT ANG PILIPINO,9,"Si P. Fernandez, yaong prayleng nakita natin sa Los Baños, ay nag-aantay sa kaniyang silid, malungkot at walang imik, na nakakunot ang noo na waring nag-iisip."
El Filibusterismo,27,ANG PRAYLE AT ANG PILIPINO,10,"Tumindig nang makitang pumasok si Isagani, binati itong kinamayan, at inilapat ang pintuan; pagkatapos ay nagpayao’t dito sa magkabilang dulo ng silid."
El Filibusterismo,27,ANG PRAYLE AT ANG PILIPINO,11,Nakatayo si Isaganing inaantay na siya’y kausapin.
El Filibusterismo,27,ANG PRAYLE AT ANG PILIPINO,12,"—Ginoong Isagani,—ang sabing ang tingig ay nanginginig, ng malaunan:—mula sa durungawan ay nadingig ko kayong nagsasalita, sa dahilang ako’y natutuyo, ay matalas ang aking pangdingig, kaya’t ninasa kong kayo’y makausap."
El Filibusterismo,27,ANG PRAYLE AT ANG PILIPINO,13,Kailan man ay kinalugdan ko ang mga binatang nagpapahayag ng maliwanag at mayroong kaniyang sariling paghuhulo at pagkilos; walang kailangan sa akin na ang kanilang pagkukuro ay maiba sa pagkukuro ko.
El Filibusterismo,27,ANG PRAYLE AT ANG PILIPINO,14,"Alinsunod sa aking nadingig, ay nagkaroon kayo kagabi ng isang hapunan, huwag kayong magdahilan...."
El Filibusterismo,27,ANG PRAYLE AT ANG PILIPINO,15,—¡Sa hindi naman ako nagdadahilan!
El Filibusterismo,27,ANG PRAYLE AT ANG PILIPINO,16,—ang putol ni Isagani.
El Filibusterismo,27,ANG PRAYLE AT ANG PILIPINO,17,"—Lalong mabuti, iyan ay nagpapakilalang inyong pinangangatawanan ang magiging bunga ng inyong ginawa."
El Filibusterismo,27,ANG PRAYLE AT ANG PILIPINO,18,"Sa isang dako ay masama pa ang kayo’y tumakwil; hindi ko kayo sinisisi, hindi ko pinupuna ang mga pinagsabi doon kagabi; hindi ko kayo binibigyang sala, sapagka’t may kalayaan kayong magsabi ng bawa’t maisip na laban sa mga dominiko; kayo’y hindi sa amin aral; ng taong ito lamang nagkaroon kami ng lugod na mapatungo kayo rito sa amin at marahil ay hindi na kayo mapasok na muli pa."
El Filibusterismo,27,ANG PRAYLE AT ANG PILIPINO,19,"Huwag ninyong akalain na tutukoy ako ng ukol sa utang na loob, hindi; hindi ko aaksayahin ang aking panahon sa mga bagay na walang kabuluhan."
El Filibusterismo,27,ANG PRAYLE AT ANG PILIPINO,20,"Ipinatawag ko kayo, sapagka’t inakala kong kayo’y isa sa mga kakaunting nag-aaral na kumikilos ng dahil sa sariling pananalig, at sa dahilang kinalulugdan ko ang mga taong may lubos na pananalig, aniko sa sarili ay, makikipaglinawan ako kay ginoong Isagani."
El Filibusterismo,27,ANG PRAYLE AT ANG PILIPINO,21,Si P. Fernandez ay humintong sandali at ipinatuloy ang kaniyang pagpapayao’t dito na nakatungo at nakatingin sa dakong ibaba.
El Filibusterismo,27,ANG PRAYLE AT ANG PILIPINO,22,"—Kayo’y makauupo kung ibig ninyo,—ang patuloy;—may ugali akong lumalakad ay nagsasalita, sapagka’t sa gayon ay lalong natutumpak ang aking mga pagkukuro."
El Filibusterismo,27,ANG PRAYLE AT ANG PILIPINO,23,"Si Isagani’y nagpatuloy na nakatayo, mataas ang ulo, at inaantay na tiyakin ng katedratiko ang salitaan."
El Filibusterismo,27,ANG PRAYLE AT ANG PILIPINO,24,"—Mahigit nang walong taong na ako’y nagtuturo,—ang patuloy ni P. Fernandez na palakadlakad—at nakilala ko’t nakasalamuha ang mahigit sa dalawang libo at limang daang binata; tinuruan ko sila, pinunyagi ko ang mapadunong, inaralan ko ng pagtataglay ng katwiran, ng karangalan, ngunit gayon man, sa panahong ito na lubhang marami ang inilalait sa amin, ay wala akong nakitang isa man na nagkaroon ng kapangahasang pagmatigasan ang kaniyang mga sinasabi kapag nahaharap sa isang prayle.... ni masabi man lamang ng malakas sa harap ng marami...."
El Filibusterismo,27,ANG PRAYLE AT ANG PILIPINO,25,May mga binatang inuupasalaan kami sa likod at hinahagkan ang aming mga kamay kung kaharap at sa tulong ng ngiting bulisik ay nanananghod ng aming sulyap!
El Filibusterismo,27,ANG PRAYLE AT ANG PILIPINO,26,¡Puf!
El Filibusterismo,27,ANG PRAYLE AT ANG PILIPINO,27,¿Ano ang ibig ninyong gawin namin sa mga ganiyang tao?
El Filibusterismo,27,ANG PRAYLE AT ANG PILIPINO,28,"—Hindi nila sarili ang kasalanan, Padre,—ang sagot ni Isagani,—ang kasalanan ay nasa sa mga nagturo sa kanila ng pagbabalatkayong ugali, nasa mga sumisiil sa malayang kaisipan, sa malayang pangungusap."
El Filibusterismo,27,ANG PRAYLE AT ANG PILIPINO,29,"Dito, ang lahat ng pagkukurong sarili, ang anomang salita na hindi kasang-ayon ng nasa ng nakapangyayari, ay ipinalalagay na pagkapilibustero, at alam ninyong maigi ang kahulugan ng salitang ito: ¡Baliw ang sa pagnanasang masabi lamang na malakas ang iniisip ay hahanda sa pagtitiis ng mga pag-uusig!"
El Filibusterismo,27,ANG PRAYLE AT ANG PILIPINO,30,—¿Ano ang mga pag-uusig na inyong tinitiis?
El Filibusterismo,27,ANG PRAYLE AT ANG PILIPINO,31,"—ang tanong ni P. Fernandez na itinaas ang ulo,—¿hindi ko kayo binayaang mangusap ng malaya sa aking klase?"
El Filibusterismo,27,ANG PRAYLE AT ANG PILIPINO,32,"Ngunit gayon man, kayo’y isang maitatangi, na, kung tunay ang sinasabi, ay dapat kong ituwid, upang mapalaganap ang kaugalian, kung mangyayari, upang maiwasan ang masamang halimbawa!"
El Filibusterismo,27,ANG PRAYLE AT ANG PILIPINO,33,Ngumiti si Isagani.
El Filibusterismo,27,ANG PRAYLE AT ANG PILIPINO,34,"—Pinasasalamatan ko kayo at hindi ko ipakikipagtalo kung ako’y natatangi o hindi; tatanggapin ko ang katangian upang tanggapin naman ninyo ang aking sasabihin; kayo man ay tangi rin; at sa dahilang dito’y hindi natin pag-uusapan ang mga pagkakatangi, ni ang pagpaparangya ng ating mga pagkatao, sa ganang akin ay gayon ang aking akala, ay ipinamamanhik ko sa aking katedratiko na mangyaring baguhin ang lakad ng salitaan."
El Filibusterismo,27,ANG PRAYLE AT ANG PILIPINO,35,Kahi’t na may pagkukurong malaya ay napataas ang ulo ni P. Fernandez at tinitigang lipos pagkakamangha si Isagani.
El Filibusterismo,27,ANG PRAYLE AT ANG PILIPINO,36,"Ang binatang iyon ay may mahigit pang pagkamalaya kay sa inakala niya; kahi’t tinawag siyang katedratiko, kung tatayahin, ay inaari siyang kapantay, dahil sa nangahas magmungkahi."
El Filibusterismo,27,ANG PRAYLE AT ANG PILIPINO,37,"Dahil sa mabuting magparaan sa pakipag-usap, ay hindi lamang tinanggap ni P. Fernandez ang pangyayari, kun di siya na ang nagbukas."
El Filibusterismo,27,ANG PRAYLE AT ANG PILIPINO,38,—¡Mabuti!
El Filibusterismo,27,ANG PRAYLE AT ANG PILIPINO,39,"—ang sabi,—ngunit huwag ninyong ipalagay na ako’y inyong guro; ako’y isang prayle at kayo’y isang nag-aaral na pilipino; walang labis, walang kulang!"
El Filibusterismo,27,ANG PRAYLE AT ANG PILIPINO,40,at ngayon ay itatanong ko sa inyo: ¿ano ang nasa sa amin ng mga nag-aaral na pilipino?
El Filibusterismo,27,ANG PRAYLE AT ANG PILIPINO,41,Dumating na pabigla ang katanungan: si Isagani ay hindi handa.
El Filibusterismo,27,ANG PRAYLE AT ANG PILIPINO,42,"Iyon ay isang ulos na biglang lumusot samantalang nagmumuog, gaya ng tawag sa esgrima."
El Filibusterismo,27,ANG PRAYLE AT ANG PILIPINO,43,"Sa kabiglaanang iyon, si Isagani, ay tumugon ng isang matinding salag na waring isang baguhang nagsanggalang:"
El Filibusterismo,27,ANG PRAYLE AT ANG PILIPINO,44,—¡Na kayo’y mangagsitupad sa inyong kautangan!
El Filibusterismo,27,ANG PRAYLE AT ANG PILIPINO,45,—aniya.
El Filibusterismo,27,ANG PRAYLE AT ANG PILIPINO,46,"Si pray Fernandez ay umunat: naging wari’y putok ng kanyon, sa ganang kaniya, ang kasagutan."
El Filibusterismo,27,ANG PRAYLE AT ANG PILIPINO,47,—¡Na kami’y tumupad sa aming kautangan!
El Filibusterismo,27,ANG PRAYLE AT ANG PILIPINO,48,"—ang ulit na nagpakaunat-unat,—kung gayo’y ¿hindi kami tumutupad sa aming kautangan?"
El Filibusterismo,27,ANG PRAYLE AT ANG PILIPINO,49,¿anong mga kautangan ang itinutungkol ninyo sa amin?
El Filibusterismo,27,ANG PRAYLE AT ANG PILIPINO,50,"—Yaon ding malayang iniatang sa sarili ninyo ng kayo’y pumasok sa kalipunan, at yaong pagkatapos, nang nasa sa loob na kayo, ay ninasang taglayin!"
El Filibusterismo,27,ANG PRAYLE AT ANG PILIPINO,51,"Ngunit sa aking pagkanag-aaral na pilipino, ay hindi ko inaakalang ako’y may karapatang sumuri ng inyong inaasal sang-ayon sa inyong mga palatuntunan, sa katolisismo, sa pamahalaan, sa bayang pilipino at sa buong sangkatauhan: mga bagay iyang dapat ninyong linawin sa mga tagapagtatag ninyo, sa Papa, sa pamahalaan, sa buong bayan o sa Dios: sa aking pagkanag-aaral na pilipino, ay ang kautangan lamang ninyo sa amin ang tangi kong tutukuyin."
El Filibusterismo,27,ANG PRAYLE AT ANG PILIPINO,52,"Ang mga prayle, ang kalahatan, sa pagiging tagasiyasat ng pagtuturo sa bayan bayan, sa mga lalawigan, at ang mga dominiko, sa ganang kanila, sa paglilikom sa kanilang mga kamay ng mga pag-aaral ng kabinataang pilipino, ay tumanggap ng katungkulan, sa harap ng walong angaw-angaw na mamamayan, sa harap ng España at sa harap ng sangkatauhan na ating kinasasamahan, na pabutihin sa tuwituwi na ang batang binhi, sa ugali at pangangatawan, upang ilandas siya sa kaniyang kaligayahan, lumikha ng isang bayang marangal, malusog, matalino, mabait, marilag at matapat."
El Filibusterismo,27,ANG PRAYLE AT ANG PILIPINO,53,At ngayo’y ako naman ang magtatanong: ¿tumupad baga ang mga prayle sa kanilang katungkulan?
El Filibusterismo,27,ANG PRAYLE AT ANG PILIPINO,54,—Gumaganap kami....
El Filibusterismo,27,ANG PRAYLE AT ANG PILIPINO,55,—¡Ah!
El Filibusterismo,27,ANG PRAYLE AT ANG PILIPINO,56,"P. Fernandez,—ang pakli ni Isagani;—kung itututop ninyo ang kamay sa inyong puso ay makasasagot kayong tumutupad, ngunit kung itututop ang kamay sa puso ng inyong kalipunan, sa ibabaw ng puso ng lahat nang mga kalipunang prayle, ay hindi ninyo masasabi ang gayon ng hindi masisinungalingan!"
El Filibusterismo,27,ANG PRAYLE AT ANG PILIPINO,57,"¡Ah, Padre Fernandez!"
El Filibusterismo,27,ANG PRAYLE AT ANG PILIPINO,58,"kapag nahaharap ako sa isang taong aking minamamahal at iginagalang, ay ibig ko pa ang ako ang sisihin kay sa sumisi, ibig ko pa ang magsanggalang kay sa sumugat."
El Filibusterismo,27,ANG PRAYLE AT ANG PILIPINO,59,Ngunit yamang pumasok na tayo sa pagpapaliwanagan ay magpatuloy na tayo hanggang sa wakas!
El Filibusterismo,27,ANG PRAYLE AT ANG PILIPINO,60,¿Papano ang ginagawang pagtupad sa kautangan ng mga nagsisiyasat ng pagtuturo sa mga bayan bayan?
El Filibusterismo,27,ANG PRAYLE AT ANG PILIPINO,61,¡Hinahadlangan!
El Filibusterismo,27,ANG PRAYLE AT ANG PILIPINO,62,"At ang mga tanging may hawak dito ng mga pagpapaaral, ang mga may ibig na mag-ayos ng pag-iisip ng kabataan, na walang ibang makapanghimasok ¿papaano ang ginagawang pagtupad sa kanilang katungkulan?"
El Filibusterismo,27,ANG PRAYLE AT ANG PILIPINO,63,"Inaawasan hanggang mangyayaring awasan ang mga pagkataho, pinapatay ang lahat ng sulak at sigabo, inaaba ang lahat ng karangalan, tanging nagpapakilos sa kaluluwa, at itinatanim sa amin ang matatandang pagkukuro, ang mga lipas na karunungan, ang mga maling batasan ng katwiran na di kaagpang ng pamumuhay sa pagsulong!"
El Filibusterismo,27,ANG PRAYLE AT ANG PILIPINO,64,¡Ah!
El Filibusterismo,27,ANG PRAYLE AT ANG PILIPINO,65,"kung ang linalayon ay ang pagpapakain sa mga bilanggo, ang pagbibigay ng kakanin sa mga nagkasala, ay inilalagay ng pamahalaan sa subasta upang matagpuan ang makapagdudulot ng lalong mabuting pagkain, ang hindi papatay ng gutom sa kanila; kapag ang tinutungo ay ang palusugin ang pag-iisip ng isang buong bayanan, palusugin ang kabataan, ang bahaging lalong mabuti, ang sa huli’y magiging siyang bayan at siyang lahat, di lamang hindi inilalagay sa subasta ng pamahalaan, kung di pinalalagi ang kapangyarihan doon sa kalipunan na nagpaparangya ng pag-ayaw sa ikatututo, ng pag-ayaw sa anomang pagkakasulong."
El Filibusterismo,27,ANG PRAYLE AT ANG PILIPINO,66,"¿Ano ang wiwikain natin kung ang nagdadala ng pagkain sa mga bilangguan, matapos na makuha sa pailalim na paraan ang kasunduang pagpapakain, ay bayaang manglambot ang kaniyang mga bilanggo sa kakulangan sa dugo, dahil sa ang ibinibigay na pagkain ay lahat noong lipas at laos, at pagkatapos ay magdahilang sabihin na hindi nababagay na magkaroon ng mabuting katawan ang mga bilanggo, sapagka’t ang mabuting katawan ay nagdudulot ng masasayang kaisipan, sa dahilang ang katuwaan ay nagpapabuti sa tao, at ang tao’y hindi dapat bumuti, sapagka’t naaayon sa hangad ng nagpapakain ang magkaroon ng maraming nagkakasala?"
El Filibusterismo,27,ANG PRAYLE AT ANG PILIPINO,67,"¿Ano ang wiwikain natin kung ang pamahalaan at ang nagpapakain ay magkasundo na sa sikolo o labindalawang kualta na tinatanggap ng isa, sa bawa’t isang may sala, ay tanggapin naman ng isa ang aliw?"
El Filibusterismo,27,ANG PRAYLE AT ANG PILIPINO,68,Kinakagatkagat ni P. Fernandez ang kaniyang mga labi.
El Filibusterismo,27,ANG PRAYLE AT ANG PILIPINO,69,"—Napakatinding sumbong iyan,—ang sabi,—at kayo’y lumalagpas sa hangganan ng ating kasunduan."
El Filibusterismo,27,ANG PRAYLE AT ANG PILIPINO,70,"—Hindi, Padre; patuloy ako sa pagtukoy ng ukol sa pag-aaral."
El Filibusterismo,27,ANG PRAYLE AT ANG PILIPINO,71,"Ang mga prayle, at hindi ko sinasabing kayong mga prayle, sapagka’t hindi ko kayo ibinibilang sa karamihan, ang mga prayle ng lahat ng orden ay naging pawang tagapagdulot ng aming ikatatalino, at sinasabi nila at inihahayag ng walang kahiyahiya, na hindi nararapat na kami’y dumunong, sapagka’t balang araw ay hahangarin namin ang maging malaya!"
El Filibusterismo,27,ANG PRAYLE AT ANG PILIPINO,72,Ito’y kagaya noong ayaw palusugin ang katawan ng bilanggo upang huwag bumuti at makaalis sa bilangguan.
El Filibusterismo,27,ANG PRAYLE AT ANG PILIPINO,73,"Ang kalayaan, sa tao’y, kagaya ng ikatututo kung sa katalinuhan, at ang pag-ayaw ng prayle na kami’y tumalino ay siyang sanhi ng di namin kasiyahang loob!"
El Filibusterismo,27,ANG PRAYLE AT ANG PILIPINO,74,—Ang karunungan ay ibinibigay lamang doon sa karapatdapat magtamo!
El Filibusterismo,27,ANG PRAYLE AT ANG PILIPINO,75,"—ang pakli ni P. Fernandez,—kung ipagkakaloob sa mga taong walang matibay na puso at mabuting asal ay hahalay lamang."
El Filibusterismo,27,ANG PRAYLE AT ANG PILIPINO,76,—At ¿bakit may mga taong walang matibay na puso at mabuting asal?
El Filibusterismo,27,ANG PRAYLE AT ANG PILIPINO,77,Kinibit ng dominiko ang kaniyang balikat.
El Filibusterismo,27,ANG PRAYLE AT ANG PILIPINO,78,"—Mga kasiraang nasususo nang kasama ng gatas, na nalalangap sa loob ng lipi...."
El Filibusterismo,27,ANG PRAYLE AT ANG PILIPINO,79,¿ano ang malay ko?
El Filibusterismo,27,ANG PRAYLE AT ANG PILIPINO,80,"—¡Ah hindi po, P. Fernandez!"
El Filibusterismo,27,ANG PRAYLE AT ANG PILIPINO,81,"—ang biglang bulalas ng binata,—hindi ninyo sinuring mabuti ang bagay na pinag-uusapan, hindi ninyo ginawang tanawin ang kailalimilaliman dahil sa pangambang baka mamalas doon ang anino ng inyong mga kakapatid."
El Filibusterismo,27,ANG PRAYLE AT ANG PILIPINO,82,Kayo ang may kagagawan ng aming anyo.
El Filibusterismo,27,ANG PRAYLE AT ANG PILIPINO,83,Ang bayang sinisiil ay pinipilit na magtaglay ng balat-kayong ugali; yaong pinagkakaitan ng katotohanan ay binibigyan ng kasinungalingan; ang nagpapakadahas ay gumagawa ng alipin.
El Filibusterismo,27,ANG PRAYLE AT ANG PILIPINO,84,"Walang mabuting aral, ang wika ninyo, kahi’t na!"
El Filibusterismo,27,ANG PRAYLE AT ANG PILIPINO,85,"kahi’t mangyayaring pabulaanan kayo ng mga talaan, sapagka’t dito’y hindi nangyayari ang mga pagkakasalang kagaya ng sa maraming bayang nabubulag sa kanilang palalong taguring nangag-aayos ng ugali."
El Filibusterismo,27,ANG PRAYLE AT ANG PILIPINO,86,"Datapwa’y kahi’t hindi hangad ang suriin sa ngayon kung ano ang bumubuo ng hilig at sa dahilang natutungod sa kabutihang ugali ang aral na tinanggap, ay sang-ayon ako sa inyo na kami nga’y may kasiraan."
El Filibusterismo,27,ANG PRAYLE AT ANG PILIPINO,87,¿Sino ang may sala sa pangyayaring iyan?
El Filibusterismo,27,ANG PRAYLE AT ANG PILIPINO,88,¿O kayong may tatlong daa’t limang pung taong naghahawak ng aming ikatututo o kaming umaalinsunod sa lahat ng bagay?
El Filibusterismo,27,ANG PRAYLE AT ANG PILIPINO,89,"Kung makaraan ang tatlong daa’t limang pung taon ay walang nayari ang eskultor kundi isang walang ayos na larawan, ay lubhang napakatunggak."
El Filibusterismo,27,ANG PRAYLE AT ANG PILIPINO,90,—O masama ang putik na ginagamit.
El Filibusterismo,27,ANG PRAYLE AT ANG PILIPINO,91,"—Lalo pang tunggak kung gayon, sapagka’t alam na masama pala ay hindi iniiwan ang putik at nagpapatuloy sa pag-aaksaya ng panahon.... at hindi lamang tunggak, kungdi nagdadaya at nagnanakaw, sa dahilang batid na walang kapararakan ang kaniyang gawa ay ipinagpapatuloy upang tanggapin ang kaupahan.... at hindi lamang tunggak at magnanakaw kung di taksil sapagka’t humahadlang na ang lahat ng ibang eskultor ay sumubok ng kanilang kaya upang tingnan kung makakayari ng bagay na may halaga!"
El Filibusterismo,27,ANG PRAYLE AT ANG PILIPINO,92,¡Kalaitlait na pangingilag ng walang kasapatan!
El Filibusterismo,27,ANG PRAYLE AT ANG PILIPINO,93,Ang tugon ay napakatindi at naramdaman ni P. Fernandez na siya’y nasilo.
El Filibusterismo,27,ANG PRAYLE AT ANG PILIPINO,94,"Tiningnan si Isagani at namalas niyang malaki, hindi madadaig, namamaibabaw at noon lamang siya naranasan, sa boo niyang kabuhayan, ang pag-aakalang siya’y tinalo ng isang nag-aaral na pilipino."
El Filibusterismo,27,ANG PRAYLE AT ANG PILIPINO,95,"Nagsisi siya dahil sa kaniyang pagkakahamon sa pagtatalo, ngunit huli na."
El Filibusterismo,27,ANG PRAYLE AT ANG PILIPINO,96,Sa kaniyang kagipitan at sa pagkakalagay sa harap ng gayong dapat katakutang kalaban ay humanap ng mabuting kalasag at pinanghawakan ang pamahalaan.
El Filibusterismo,27,ANG PRAYLE AT ANG PILIPINO,97,"—Ipinapataw ninyo sa amin ang lahat ng kasalanan, sapagka’t wala kayong nakikita kundi kaming kalapit,—ang sabing ang boses ay wala nang pagmamataas,—talagang gayon, hindi ko ipinagtataka!"
El Filibusterismo,27,ANG PRAYLE AT ANG PILIPINO,98,kinamumuhian ng bayan ang sundalo o ang alguasil na humuhuli sa kaniya at hindi ang hukom na nag-utos ng paghuli.
El Filibusterismo,27,ANG PRAYLE AT ANG PILIPINO,99,"Kayo at kami’y sumasayaw na lahat ng alinsunod sa lakad ng isang tugtugin: kung itinataas ninyo ang inyong mga paa ng sabay sa amin, ay huwag kami ang sisihin: ang tugtuging nagtatakda ng ating kilos."
El Filibusterismo,27,ANG PRAYLE AT ANG PILIPINO,100,¿Inaakala baga ninyong kaming mga prayle ay walang budhi at ayaw kami sa kabutihan?
El Filibusterismo,27,ANG PRAYLE AT ANG PILIPINO,101,"¿Inaakala baga ninyong hindi namin kayo naaalaala, na hindi namin naaalaala ang aming kautangan, at kami’y kumakain lamang upang mabuhay at nabubuhay upang maghari?"
El Filibusterismo,27,ANG PRAYLE AT ANG PILIPINO,102,¡Maanong magkagayon na nga!
El Filibusterismo,27,ANG PRAYLE AT ANG PILIPINO,103,"Ngunit, gaya rin ninyong kami’y sumusunod sa lakad ng tugtugin; kami’y pigipit na pigipit: o palayasin ninyo kami o kami’y palayasin ng pamahalaan."
El Filibusterismo,27,ANG PRAYLE AT ANG PILIPINO,104,"¡Ang pamahalaan ay siyang nag-uutos, at sa nakapaguutos ay walang katwiran kundi ang sumunod!"
El Filibusterismo,27,ANG PRAYLE AT ANG PILIPINO,105,"—Sa bagay na iyan, kung gayon, ay makukuro—ang sabi ni Isagani na nakangiti ng malungkot,—na hangad ng pamahalaan ang aming ikasasama?"
El Filibusterismo,27,ANG PRAYLE AT ANG PILIPINO,106,"—¡Oh, hindi, hindi iyan ang ibig kong sabihin!"
El Filibusterismo,27,ANG PRAYLE AT ANG PILIPINO,107,"Ibig kong sabihin, na may mga paniniwala, may mga palagay at mga kautusan na inilalagda ng mabuti ang layon ngunit mga kasakitsakit ang iniaanak."
El Filibusterismo,27,ANG PRAYLE AT ANG PILIPINO,108,Ipaliliwanag kong lalong mabuti sa pagbanggit ng isang halimbawa.
El Filibusterismo,27,ANG PRAYLE AT ANG PILIPINO,109,"Upang pigilin ang isang munting kasamaan, ay naglalagda ng maraming kautusan na nagiging sanhi ng lalo pang maraming kasamaan: corruptissima in republica plurimæ leges, ang sabi ni Tacito."
El Filibusterismo,27,ANG PRAYLE AT ANG PILIPINO,110,"Upang iwasan ang isang pagdaraya, ay naglalagda ng isang angaw angaw at kalahati na kapasiyahang nagbabawal at nakadudusta, na ang iniaanak kaagad ay ang gisingin ang bayan upang iwasan at linlangin ang mga tinurang pagbabawal: upang gawing makasalanan ang isang bayan ay walang mabuting paraan na di gaya ng pag-alinlanganan ang kaniyang kabaitan."
El Filibusterismo,27,ANG PRAYLE AT ANG PILIPINO,111,"Lumagda ng isang kautusan, huwag na rito kundi sa España, at tingnan ninyo kundi pag-aaralan ang paraan ng paglinlang sa kaniya, ang gayo’y sapagka’t nalimot ng mga gumagawa ng kautusan ang pangyayari na samantalang ipinagkakatagotago ang isang bagay ay lalo namang pinagnanasaang makita."
El Filibusterismo,27,ANG PRAYLE AT ANG PILIPINO,112,"¿Bakit ang masamang gawa at katalasan ay inaaaring malaking sangkap ng bayang kastila gayong wala siyang makakapantay kung sa pagkamahal na tao, sa pagkamapagmataas at sa pagkamahaldika?"
El Filibusterismo,27,ANG PRAYLE AT ANG PILIPINO,113,"Sapagka’t ang tagalagda namin ng kautusan, sa loob ng lalong mabuting adhika, ay nangag-alinlangan sa kaniyang pagkamahal, sinugatan ang kaniyang kataasan at hinamon ang kaniyang pagkamahaldika!"
El Filibusterismo,27,ANG PRAYLE AT ANG PILIPINO,114,¿Ibig ninyong gumawa sa España ng isang daanan sa gitna ng mga talampas?
El Filibusterismo,27,ANG PRAYLE AT ANG PILIPINO,115,"Kung gayo’y lagyan ninyo doon ng isang babalang magahasa na ipinagbabawal ang magdaan, at iiwan ng bayan, na tumututol sa pagbabawal, ang daanan upang mangunyapit sa mga bato."
El Filibusterismo,27,ANG PRAYLE AT ANG PILIPINO,116,"Sa araw na ipagbawal sa España ang kabaitan, ng isang manggagawa ng kautusan, at ipaganap na sapilitan ang kasamaan, sa kinabukasan ay mabait na lahat ang tao!"
El Filibusterismo,27,ANG PRAYLE AT ANG PILIPINO,117,"Huminto ang dominiko, at pagkatapos ay nagpatuloy:"
El Filibusterismo,27,ANG PRAYLE AT ANG PILIPINO,118,—Ngunit masasabi ninyong lumalayo tayo sa salitaan; magbabalik ako....
El Filibusterismo,27,ANG PRAYLE AT ANG PILIPINO,119,"Ang masasabi ko upang kayo’y maniwala, ay, na ang kasiraang tinataglay ninyo ay hindi nararapat na ibintang sa amin ni sa pamahalaan; iyan ay nasa sa di wastong pagkakatatag ng aming kapisanan, qui multum probat, nihil probat, na nasasawi sa kahigitan sa pag-iingat, kakulangan sa kailangan at lampas doon sa kalabisan."
El Filibusterismo,27,ANG PRAYLE AT ANG PILIPINO,120,"—Kung kinikilala ninyo ang mga kasiraang iyan ng inyong kapisanan,—ang tugon ni Isagani,—¿bakit nanghihimasok sa pag-aayos ng kapisanan ng iba at hindi ang unahin ay ang sarili muna?"
El Filibusterismo,27,ANG PRAYLE AT ANG PILIPINO,121,"—Napapalayo tayo sa ating salitaan, binata; ang kaparaanang pagsang-ayon sa mga bagay na nangyari na ay dapat tanggapin...."
El Filibusterismo,27,ANG PRAYLE AT ANG PILIPINO,122,—¡Kahi’t na!
El Filibusterismo,27,ANG PRAYLE AT ANG PILIPINO,123,"tinatanggap ko, sapagka’t isa ng nangyari at patuloy ako sa pagtatanong: ¿bakit, kung ang pagkakatatag ng inyong kapisanan ay may kasiraan, ay hindi ninyo palitan o kaya’y dinggin man lamang ang tingig ng mga napipinsalaan?"
El Filibusterismo,27,ANG PRAYLE AT ANG PILIPINO,124,—Nalalayo pa rin tayo: ang pinagsasalitaan natin ay kung ano ang nasa ng mga nag-aaral sa mga prayle....
El Filibusterismo,27,ANG PRAYLE AT ANG PILIPINO,125,—Sapol sa sandaling ang mga prayle ay nagkakanlong sa likod ng pamahalaan ay ito na ang tutunguhin ng mga nag-aaral.
El Filibusterismo,27,ANG PRAYLE AT ANG PILIPINO,126,Ang pakli ay makatwiran; sa dakong iyon ay walang lulusutan.
El Filibusterismo,27,ANG PRAYLE AT ANG PILIPINO,127,—Hindi ako ang pamahalaan at hindi ko masasagutan ang kaniyang mga kilos.
El Filibusterismo,27,ANG PRAYLE AT ANG PILIPINO,128,"¿Ano ang nasa ng mga nag-aaral na gawin namin, alang-alang sa kanila, sa loob ng hangganang aming kinalalagyan?"
El Filibusterismo,27,ANG PRAYLE AT ANG PILIPINO,129,"—Huwag humadlang sa kalayaan ng pag-aaral, kundi tumulong pa nga."
El Filibusterismo,27,ANG PRAYLE AT ANG PILIPINO,130,Iniling ng dominiko ang ulo.
El Filibusterismo,27,ANG PRAYLE AT ANG PILIPINO,131,"—Kahi’t hindi ko tuturan ang sarili kong pagkukuro, iyan ay paghiling sa aming kami’y magpatiwakal,—ang sabi."
El Filibusterismo,27,ANG PRAYLE AT ANG PILIPINO,132,"—Hindi po, kung di bagkus na iba, iyan ay paghinging kami’y paraanin upang huwag kayong masagasa at madurog."
El Filibusterismo,27,ANG PRAYLE AT ANG PILIPINO,133,—¡Hm!
El Filibusterismo,27,ANG PRAYLE AT ANG PILIPINO,134,"—ang sabi ni P. Fernandez na huminto at nag-isip—Simulan ninyo sa paghingi ng bagay na hindi gayon kabigat, isang bagay na maaaring itulot ng bawa’t isa sa amin na hindi ikasisira ng karangalan at mga karapatang taglay, sapagka’t kung mangyayaring tayo’y magkalinaw at mamuhay ng payapa ¿ano’t magkakagalit, ano’t maghihinalaan?"
El Filibusterismo,27,ANG PRAYLE AT ANG PILIPINO,135,—Kung gayon ay tutungo tayo sa pagtukoy sa mga kasanhian....
El Filibusterismo,27,ANG PRAYLE AT ANG PILIPINO,136,"—Oo, sapagka’t kung tatangkiin natin ang kinatitirikan ay maiguguho natin ang bahay."
El Filibusterismo,27,ANG PRAYLE AT ANG PILIPINO,137,"—Tunguhin natin ang mga kasanhian kung gayon, iwan natin ang kinalalagyan ng mga batayan ng katwiran; at hindi rin sasabihin ang sarili kong pagkukuro—at dito’y idiniin ng binata ang salita—maghuhumpay ang mga nag-aaral sa kanilang inaayos at mapapawi ang ilang kapaitan kung ang mga nagtuturo ay matututong pagpakitaan sila ng mabuti kay sa ipinakikita hanggang sa ngayon...."
El Filibusterismo,27,ANG PRAYLE AT ANG PILIPINO,138,Ito’y nasa sa inyong mga kamay.
El Filibusterismo,27,ANG PRAYLE AT ANG PILIPINO,139,—¿Ano?
El Filibusterismo,27,ANG PRAYLE AT ANG PILIPINO,140,—ang tanong ng dominiko—¿mayroon bagang anomang daing sa aking inuugali ang mga nag-aaral?
El Filibusterismo,27,ANG PRAYLE AT ANG PILIPINO,141,"—Padre, sa simula pa’y nagkasundo tayong hindi tutukuyin ni ako ni kayo."
El Filibusterismo,27,ANG PRAYLE AT ANG PILIPINO,142,"Nag-uusap tayo ng pangkalahatan: bukod sa walang napapala ang mga nag-aaral sa mga taong dinadaan sa mga klase, ay madalas pang iwan doon ang bahagi ng kanilang karangalan, kungdi man ang lahat."
El Filibusterismo,27,ANG PRAYLE AT ANG PILIPINO,143,Kinagat ni P. Fernandez ang kaniyang labi.
El Filibusterismo,27,ANG PRAYLE AT ANG PILIPINO,144,—Walang pumipilit sa kanilang mag-aral; ang mga bukirin ay hindi natatamnan—ang matigas na sagot.
El Filibusterismo,27,ANG PRAYLE AT ANG PILIPINO,145,"—Oo, may bagay na pumipilit sa kanilang mag-aral,—ang tugon, na gayon din ang ayos ni Isagani, na pinakaharapharap ang dominiko."
El Filibusterismo,27,ANG PRAYLE AT ANG PILIPINO,146,"—Bukod sa katungkulan ng bawa’t isa na hanapin ang kaniyang ikawawasto, ay may isang likas na nasa ang tao na patalasin ang kaniyang pag-iisip, pagnanasang lalong masidhi dito sa dahilang lubhang pinipigil; at ang nagbibigay ng kaniyang salapi at buhay sa pamahalaan ay may karapatang hingin dito na bigyan siya ng liwanag upang kitaing lalong mabuti ang kaniyang salapi at maingatang lalo ang kaniyang buhay."
El Filibusterismo,27,ANG PRAYLE AT ANG PILIPINO,147,"Opo, Padre; may bagay na pumipilit sa kanila, at ang bagay na iyan ay ang pamahalaan din, kayo ring kumukutyang walang habag sa indio na hindi nag-aral at ipinagkakait ang kanilang karapatan, sa pananangan sa sanhing sila’y mangmang."
El Filibusterismo,27,ANG PRAYLE AT ANG PILIPINO,148,¡Hinuhubaran ninyo sila at pagkatapos ay kinukutya ang kanilang ikahihiya!
El Filibusterismo,27,ANG PRAYLE AT ANG PILIPINO,149,"Si P. Fernandez ay hindi sumagot; nagpatuloy sa pagyayao’t dito, ngunit hindi mapalagay na waring nagugulumihanan."
El Filibusterismo,27,ANG PRAYLE AT ANG PILIPINO,150,—¡Sinasabi ninyong ang mga bukirin ay hindi natatamnan!
El Filibusterismo,27,ANG PRAYLE AT ANG PILIPINO,151,"—ang patuloy ni Isagani na iba na ang ayos, makaraan ang isang sandaling pananahimik—huwag tayong pumasok ngayon sa pagsuri ng kadahilanan, sapagka’t mapapalayo tayo sa pinag-uusapan; ngunit kayo P. Fernandez, kayo, guro, kayo, taong may karunungan, ibig ninyo ang isang bayan ng mga manananim, ng mga magsasaka!"
El Filibusterismo,27,ANG PRAYLE AT ANG PILIPINO,152,¿Sa ganang inyo baga’y ang pagkamangsasaka na lamang ang kalagayang lalong wastong maaabot ng tao sa kaniyang pagsulong?
El Filibusterismo,27,ANG PRAYLE AT ANG PILIPINO,153,¿O ibig ninyong mapainyo ang karunungan at mapasa iba ang paggawa?
El Filibusterismo,27,ANG PRAYLE AT ANG PILIPINO,154,"—Hindi, ibig kong ang karunungan ay taglayin noong dapat magtaglay, noong makapag-iingat sa kaniya,—ang sagot,—kapag nagpakita ang mga nag-aaral ng katibayan ng pag-ibig sa kaniya; kapag nagkaroon na ng mga binatang may pananalig, mga binatang marunong magtanggol sa kaniyang karangalan at maipagalang ito, ay magkakaroon ng karunungan, magkakaroon na ng mga gurong may paglingap!"
El Filibusterismo,27,ANG PRAYLE AT ANG PILIPINO,155,¡Kung may mga gurong namamaslang ay sa dahilang may mga tinuturuang umaalinsunod!
El Filibusterismo,27,ANG PRAYLE AT ANG PILIPINO,156,—¡Kapag nagkaroon ng mga guro ay magkakaroon ng mga nag-aaral!
El Filibusterismo,27,ANG PRAYLE AT ANG PILIPINO,157,"—Kayo ang magpauna sa pagbabagong ayos, sapagka’t kayo ang nangangailangan ng pagbabago, at kami’y susunod."
El Filibusterismo,27,ANG PRAYLE AT ANG PILIPINO,158,"—Siya nga,—ang sabi ni Isagani na malungkot ang ngiti,—¡magpauna kami sa dahilang nasa dako namin ang kasiraan!"
El Filibusterismo,27,ANG PRAYLE AT ANG PILIPINO,159,"Taho ninyong lubos kung ano ang maaantay ng isang tinuturuang humarap sa isang guro: kayo na, na taglay ang buong pag-ibig sa katwiran, ang buong kagandahang loob, ay nagkakahirap kayo sa pagpipigil ng tinuturan ko ang mapapait na katotohanan, ¡kayong kayo na, P. Fernandez!"
El Filibusterismo,27,ANG PRAYLE AT ANG PILIPINO,160,¿Ano ang kabutihang napala ng nagnasang maghasik sa amin ng ibang pagkukuro?
El Filibusterismo,27,ANG PRAYLE AT ANG PILIPINO,161,At ¿ano anong kasamaan ang dumagsa sa inyo dahil sa ninasang umugali ng mabuti at tumupad sa inyong kautangan?
El Filibusterismo,27,ANG PRAYLE AT ANG PILIPINO,162,"—Ginoong Isagani,—ang sabi ng dominiko na iniabot sa kaniya ang kamay,—kahi’t sa wari’y walang lubos na napala sa pag-uusap nating ito, gayon ma’y mayroon din tayong kaunting napulot; sasabihin ko sa aking mga kapatid ang inyong mga tinuran at inaantay kong kahi’t kaunti ay may magagawa."
El Filibusterismo,27,ANG PRAYLE AT ANG PILIPINO,163,Ang ipinanganganib ko lamang ay ang baka hindi mangagsipaniwalang may isang gaya ninyo.
El Filibusterismo,27,ANG PRAYLE AT ANG PILIPINO,164,"—Iyan din ang pangamba ko,—ang tugon ni Isagani na kinamayan ang dominiko,—nanganganib akong baka ang aking mga kaibigan ay hindi maniwalang may isang gaya ninyo, kamukha ng pakikipagharapan ninyo sa akin ngayon."
El Filibusterismo,27,ANG PRAYLE AT ANG PILIPINO,165,"At dahil sa ipinalagay na tapos na ang salitaan, ay nagpaalam ang binata."
El Filibusterismo,27,ANG PRAYLE AT ANG PILIPINO,166,Binuksan ni P. Fernandez ang pinto at sinundan siya ng tingin hanggang nakaliko sa corredor.
El Filibusterismo,27,ANG PRAYLE AT ANG PILIPINO,167,"Malaong pinakinggan ang tunog ng kaniyang yabag, pagkatapos ay pumasok sa silid at inantay na siya’y lumabas sa daan."
El Filibusterismo,27,ANG PRAYLE AT ANG PILIPINO,168,"Nakita nga niya at nadingig na sinasabi sa isang kasama, na nagtatanong kung saan paparoon, na:"
El Filibusterismo,27,ANG PRAYLE AT ANG PILIPINO,169,—Sa Gobierno Civil!
El Filibusterismo,27,ANG PRAYLE AT ANG PILIPINO,170,Titingnan ko ang mga paskin at makikisama ako sa iba!
El Filibusterismo,27,ANG PRAYLE AT ANG PILIPINO,171,"Ang kasama ay sindak na napatingin sa kaniya, na waring nagmamalas sa isang magpapatiwakal, at lumayong tumatakbo."
El Filibusterismo,27,ANG PRAYLE AT ANG PILIPINO,172,—¡Kaawaawang binata!
El Filibusterismo,27,ANG PRAYLE AT ANG PILIPINO,173,"—ang bulong ni P. Fernandez, na naramdamang nangingilid ang luha sa kaniyang mga mata,—kinaiingitan ko ang mga hesuita na nagturo sa iyo!"
El Filibusterismo,27,ANG PRAYLE AT ANG PILIPINO,174,"Si P. Fernandez ay namaling lubos; galit kay Isagani ang mga hesuita, kaya’t nang mabatid sa kinahapunan na napipiit ang binata, ay sinabi nilang sila’y madadamay."
El Filibusterismo,27,ANG PRAYLE AT ANG PILIPINO,175,—¡Ang binatang iyan ay sasama at makasisira sa atin!
El Filibusterismo,27,ANG PRAYLE AT ANG PILIPINO,176,Dapat mapag-alamang ang mga pagkukurong iyan ay hindi dito natutuhan!
El Filibusterismo,27,ANG PRAYLE AT ANG PILIPINO,177,"Hindi nangagbulaan ang mga hesuita, hindi; ang Dios ang tanging nagkakaloob ng mga pagkukurong iyon, sa tulong ng Kalikasan."
El Filibusterismo,28,TATAKUT,1,"Naging parang manghuhula si Ben-Zayb nang patunayan sa kaniyang pamahayagan, ng mga nakaraang araw, na ang pag-papaaral ay masama, lubhang makasasama sa Kapuluang Pilipinas: ngayon, sa harap ng mga nangyari niyong araw ng biernes ng mga paskin, ay nangakak ang manunulat at inaawit ang kaniyang pagtatagumpay, at pinapangliit at nilito ang kaniyang kalabang si Horatius na nangahas na kutyain siya sa tudling ng Pirotecnia sa ganitong paraan:"
El Filibusterismo,28,TATAKUT,2,Sa aming kapamahayagang El Grito:
El Filibusterismo,28,TATAKUT,3,"“Ang pagpapaaral ay masama, lubhang makasasama sa Pilipinas!"
El Filibusterismo,28,TATAKUT,4,”
El Filibusterismo,28,TATAKUT,5,Nalinawan na namin.
El Filibusterismo,28,TATAKUT,6,"Malaon nang inaakala nang El Grito na kinakatawan niya ang bayang pilipino; ergo........ gaya nang wiwikain ni Fray Ibañez, kung marunong nang latin."
El Filibusterismo,28,TATAKUT,7,"Ngunit si Fray Ibañez ay nagiging musulman kapag sumusulat, at alam natin kung papano ang ginagawa nang mañga musulman sa pagpapaaral."
El Filibusterismo,28,TATAKUT,8,"Testiga, gaya nang sabi nang isang maalindog na predicador, ang aklatan sa Alejandria!"
El Filibusterismo,28,TATAKUT,9,"Ngayon ay may katwiran siya, si Ben-Zayb!"
El Filibusterismo,28,TATAKUT,10,"¡Sa siya ang tanging nag-iisip sa Pilipinas, ang tanging nakahuhula ng mga mangyayari!"
El Filibusterismo,28,TATAKUT,11,"Kaya nga, ang balitang nakakuha ng mga pasking masasagwa ang sinasabi sa mga pinto ng Universidad, ay hindi lamang nakapag-alis ng gutom sa marami at nakasira ng tiyan sa iba, kundi nakapagpagulo rin sa mga mahinahong insik, na hindi nakapangahas na maupo sa kanilang mga tindahan na nakataas ang isang paa na gaya ng kaugalian, sa takot na baka sila gahulin sa pag-uunat upang tumakbo."
El Filibusterismo,28,TATAKUT,12,"Nang ika labing-isa ng umaga, kahi’t na patuloy ang araw sa kaniyang lakad at ang Marilag, ang Capitan General, ay hindi lumalabas na nangunguna sa kaniyang mga mapagwaging kabig, ay naglalo pa mandin ang ligalig: ang mga prayleng laging pumaparoon sa tindahan ni Quiroga ay hindi nangasisipot at ang bagay na ito’y nagsasabing may mga kakilakilabot na mangyayari."
El Filibusterismo,28,TATAKUT,13,"Kung ang araw ay parisukat sana ng sumilang at ang mga Kristo ay mga nakapantalon, ay hindi marahil makabakla kay Quiroga na di gaya noon: inari niyang liampo marahil ang araw at ang mga santong larawan ay mga manglalaro ng chapdiqui na nangahubaran; ngunit ¡ang hindi pagsipot ng mga prayle na nataon pa naman sa pagtanggap niya ng mga bagong bagay!"
El Filibusterismo,28,TATAKUT,14,"Sa bilin ng isang provincial na kaibigan niya, ay ipinagbawal ni Quiroga sa kaniyang mga bahay na pinaglalaruan ng liampo at chapdiki ang pagpasok ng sino mang indio na hindi dating kilala; ang magiging konsul ng insik ay nangangambang baka nakawin ang salaping ipinatatalo roon ng mga mahihirap."
El Filibusterismo,28,TATAKUT,15,"Matapos na maihanda ang kaniyang tindahan na mangyayaring biglang ilapat ang mga pinto sa isang sandali, ay napaabay sa isang bantay na veterana sa maikling pag-itan ng bahay ni Simoun sa kaniyang bahay."
El Filibusterismo,28,TATAKUT,16,"Inakala ni Quiroga na iyon ang sandaling lalong kapit upang gamitin ang mga baril at punglo na nasa kaniyang imbakan, alinsunod sa paraang sinabi sa kaniya ng manghihiyas: maaasahang sa mga araw na susunod ay ipag-uutos ang paghalughog sa mga bahaybahay at sa gayo’y gaano ang mabibilanggo, gaano ang taong sa katakutan ay hindi ibibigay ang lahat ng naiimpok!"
El Filibusterismo,28,TATAKUT,17,"Yaon ang paraan ng mga dating carabinero, na nagsusulot sa mga silong ng bahay ng mga tabako at dahong ipinagbabawal, pagkatapos ay magpapakunwaring manghahalughog at pipilitin ang kahabaghabag na may bahay na sumuhol o magmulta!"
El Filibusterismo,28,TATAKUT,18,"Ang kaibhan nga lamang ay sa dahilang lalong naaayos ang paraan, at sa dahilang hindi na pigil ang tabako ay ang mga armas na bawal naman ang ginagamit sa ngayon!"
El Filibusterismo,28,TATAKUT,19,"Ngunit si Simoun ay ayaw makipagkita sa kanino man at ipinasabi kay insik Quiroga na bayaan sa pagkakalagay ang mga bagay na iyon, kaya’t tinungo ng insik si D. Custodio upang itanong kung nararapat o hindi nararapat balutihan ang kaniyang tindahan, ngunit si D. Custodio man ay ayaw ring tumanggap ng dalaw: kasalukuyang pinag-aaralan ang isang munakalang ukol sa pagtatanggol, sakaling siya’y makubkob ng kalaban."
El Filibusterismo,28,TATAKUT,20,"Naalaala si Ben-Zayb upang hingan ng balita; ngunit nang matagpuang nakabaluti mula sa ulo hanggang paa at dalawang rebolber ang ginagamit na pabigat sa mga papel ay dalidaling nagpaalam si Quiroga at umuwi sa kaniyang bahay, at nahigang dinahilan na masama daw ang kaniyang katawan."
El Filibusterismo,28,TATAKUT,21,Nang ika apat ng hapon ay hindi na mga paskin lamang ang sang-usap-usapan.
El Filibusterismo,28,TATAKUT,22,"Umalingawngaw na ang mga nag-aaral at ang mga taga bundok S. Mateo ay nangagkakaalam; pinatitibayang pinagsumpaanan sa isang magpapansit na biglang lulusubin ang Maynila; nabanggit ang mga pangdigmang dagat ng mga aleman, na nasa sa labas ng dagat Maynila, na tutulong sa kilusan; isang pulutong na kabinataan ang umano’y tumungo sa Malakanyang upang humandog sa General, na ang dinahilan ay ang pagtutol sa kagagawan at ang kanilang pagkamakakastila, ngunit ipinapiit na lahat sapagka’t nakitang mga batbat ng sandata."
El Filibusterismo,28,TATAKUT,23,"Iniligtas ng kalawingi ang General, na pinigil na matanggap yaong mga batangbata pa’y taksil na, dahil sa noon ay nakikipag-usap sa mga Provincial, sa Vice Rector at kay P. Irene, na kinatawan ni P. Salvi."
El Filibusterismo,28,TATAKUT,24,"May katunayan ang mga alingawngaw na ito kung paniniwalaan natin si P. Irene, na dumalaw ng hapong iyon kay kapitang Tiago."
El Filibusterismo,28,TATAKUT,25,"Alinsunod sa kaniya, ay may mga taong nag-uudyok sa Capitan General na samantalahin ang pangyayaring yaon upang takutin at bigyan na ng isang mabuting aral ang mga binatang pilibustero."
El Filibusterismo,28,TATAKUT,26,"—Barilin ang ilan—anang isa—mga dalawang pu’t apat na makabago na ipadalang agad sa tatapunan at sa gitna ng katahimikan ng gabi, ay makaaapula na ng lubusan sa sigabo ng kalooban ng mga walang kasiyahang loob!"
El Filibusterismo,28,TATAKUT,27,"—Huwag,—ang tugon ng isang may mabuting puso,—sukat nang ang mga kawal ay palibutin sa mga lansangan, ang batallon ng mga kabayuhan sa halimbawa, na mga bunot ang sable; sukat nang kaladkarin ang ilang kanyon.... sukat na iyon!"
El Filibusterismo,28,TATAKUT,28,Ang bayan ay napakamatatakutin at ang lahat ay mangagsisipasok sa kanikanilang bahay.
El Filibusterismo,28,TATAKUT,29,"—Huwag, huwag,—ang palagay ng isa,—ito ang panahong kapit upang pawiin ang kalaban; hindi sukat ang mangagsipasok sa kanilang pamamahay, kailangang palabasin, na gaya ng masasamang singaw, sa pamagitan ng mga parapit."
El Filibusterismo,28,TATAKUT,30,"Kung hindi mangakapangahas na gumawa ng gulo, ay dapat na sila’y udyukan sa tulong ng mga sugong hahamon...."
El Filibusterismo,28,TATAKUT,31,"Inaakala kong ang nararapat ay ihanda ang mga kawal at magkunwaring nagpapabaya at nagwawalang bahala, upang mangagsitapang at pangyayari ng anomang kaguluhan ay piyapisin na nang buong tindi!"
El Filibusterismo,28,TATAKUT,32,"—Ang layon ay siyang nagbibigay katuturan sa mga paraan,—ang sabi ng isa pa,—ang layon natin ay ang ating banal na Relihion at ang katibayan ng Inang bayan."
El Filibusterismo,28,TATAKUT,33,"Ihayag ang estado de sitio, at sa anomang munting kaguluhan ay paghulihin ang mga mayayaman at mga marurunong.... at linisin ang bayan!"
El Filibusterismo,28,TATAKUT,34,"—Kung hindi ako dumating sa panahon upang pagpayuhan ng pagdadahandahan—ang dugtong ni P. Irene, na ang hinarap ay si kapitang Tiago,—ay tiyak nang umaagos ngayon ang dugo sa mga lansangan."
El Filibusterismo,28,TATAKUT,35,"Ang naaalaala ko ay kayo, kapitan...."
El Filibusterismo,28,TATAKUT,36,"Ang pangkat ng mga masisidhi ay walang napalang gaano sa General, kaya’t nanganghihinayang dahil sa pagkawala ni Simoun...."
El Filibusterismo,28,TATAKUT,37,¡Ah!
El Filibusterismo,28,TATAKUT,38,kung hindi nagkasakit si Simoun....
El Filibusterismo,28,TATAKUT,39,"Ang pagkahuli kay Basilio at ang paghalughog na ginawa pagkatapos sa kaniyang mga aklat at mga papel, ay nakapagpalubhang lalo kay kapitang Tiago."
El Filibusterismo,28,TATAKUT,40,Ngayo’y dinagdagan pa ni P. Irene ang kaniyang sindak sa pagsasalaysay ng mga bagay na nakapangingilabot.
El Filibusterismo,28,TATAKUT,41,"Ang kahabaghabag ay pinasukan ng isang matinding pagkatakot na nahalata muna dahil sa isang mahinang panginginig, na untiunting lumalakas hanggang sa siya’y hindi na nakapangusap."
El Filibusterismo,28,TATAKUT,42,"Nangakadilat ang mga mata, pawisan ang noo, pumigil sa bisig ni P. Irene, nagtangkang bumangon; ngunit hindi mangyari at matapos na makaungol ng makalawa ay biglang bumagsak sa ibabaw ng unan."
El Filibusterismo,28,TATAKUT,43,Nangakadilat ang mata ni kapitang Tiago at sumasago ang laway: patay na.
El Filibusterismo,28,TATAKUT,44,"Sa pagkasindak ni P. Irene ay tumakbo, ngunit sa dahilang kumapit sa kaniya ang patay ay nakaladkad niya at napaalis sa hihigan sa kaniyang pagtakas, at naiwan sa gitna ng silid."
El Filibusterismo,28,TATAKUT,45,Nang kinagabihan ay umabot na sa lalong sidhi ang katakutan.
El Filibusterismo,28,TATAKUT,46,May ilang pangyayari na nag-udyok sa mga matatakutin sa paniniwalang mayroong mga sugong nanghahamon.
El Filibusterismo,28,TATAKUT,47,"Dahil sa isang binyagan, ay naghagis ng kaunting kualta sa mga bata at sukat nang maasahan na nagkaroon ng kaunting kaguluhan sa pinto ng simbahan."
El Filibusterismo,28,TATAKUT,48,"Nataon namang naparaan doon ang isang mabalasik na militar, na may iniisip mandin, na inakalang ang kaguluhan ay isa nang pagsalakay ng mga pilibustero, kaya’t piniyapis ng sable ang mga bata, pumasok sa simbahan, at kung hindi nagkasalasalabid sa tabing na nakasabit sa coro ay pinagpupugutan sana ng ulo ang lahat ng naroon."
El Filibusterismo,28,TATAKUT,49,"Makita ang gayon ng mga matatakutin at magpanakbuhang ipinamamalita na ang himagsikan ay magsisimula na, ay bagay na nangyari sa isang sandali."
El Filibusterismo,28,TATAKUT,50,"Daglidagling nagsarahan ang mga pinto ng mangilan-ngilang tindang naiiwang bukas, may mga insik na nakaiwan sa labas ng mga piesa ng kayo, at hindi kakaunting babai ang nawalan ng sinelas dahil sa pagtakbo sa mga lansangan."
El Filibusterismo,28,TATAKUT,51,"Salamat na lamang at iisa ang nasugatan at ilan ang nasaktan, na isa na nga sa kanila ang militar nang masubasob dahil sa pakikipagtunggali sa tabing na may amoy balabal ng pilibusterismo."
El Filibusterismo,28,TATAKUT,52,"Ang gayong kabayanihan ay nagbigay sa kaniya ng kabunyian, at isang kabunyiang malinis, na ¡hari na ngang ang lahat ng kabantugan ay makuha sa gayong paraan!"
El Filibusterismo,28,TATAKUT,53,ang mga ina’y hindi na lubhang iiyak at lalo pa sanang marami ang tao sa mundo!
El Filibusterismo,28,TATAKUT,54,"Sa isang arrabal ay nakakita, ang mga naninirahan doon, ng dalawa kataong nagbabaon ng armas sa silong ng isang bahay na tabla."
El Filibusterismo,28,TATAKUT,55,"Nagulo ang nayon; tinangka ng mga naninirahan na habulin ang dalawang taong iyon na hindi kilala upang patayin at iharap sa mga may kapangyarihan, ngunit sinawata sila ng isang kapit-bahay at sinabing sukat na ang iharap sa tribunal ang sanhi ng kasalanan."
El Filibusterismo,28,TATAKUT,56,Saka ang mga armas naman ay matatandang baril na tiyak na makasusugat sa magtangkang gumamit noon.
El Filibusterismo,28,TATAKUT,57,—¡Siya!
El Filibusterismo,28,TATAKUT,58,—ang sabi ng isang matapang—kung ibig na tayo’y manghimagsik ay ¡sulong!
El Filibusterismo,28,TATAKUT,59,"Ngunit ang matapang ay nilambanog ng palo at suntok, pinagkukurot ng mga babai na waring siya ang may ari ng mga baril."
El Filibusterismo,28,TATAKUT,60,"Sa Ermita ay lalong mahigpit ang nangyari, kahi’t hindi lubhang nabalita, gayong nagkaroon pa ng putukan."
El Filibusterismo,28,TATAKUT,61,"Isang kawaning napakamaingat na nagbaluting mabuti ay nakakita, nang magtatakip-silim, ng isang bulto sa kalapit ng kaniyang bahay; inakala na niyang buongbuo na yaon ay isang nag-aaral, kaya’t pinaputukan ng dalawang putok ng rebolber."
El Filibusterismo,28,TATAKUT,62,"Nang makita ang bulto pagkatapos ay isa palang beterana, kaya’t inilibing at, pax Christi!"
El Filibusterismo,28,TATAKUT,63,Mutis!
El Filibusterismo,28,TATAKUT,64,"Sa Dulungbayan ay umugong din ang ilang putok na ang napatay ay isang kaawaawang matandang bingi na hindi nakadingig sa quien vive ng bantay, at isang baboy na nakadingig ngunit hindi sumagot ng España."
El Filibusterismo,28,TATAKUT,65,"Ang matanda’y hindi nailibing kaagad sapagka’t walang maibayad sa simbahan, at ang baboy ay pinagkainanan."
El Filibusterismo,28,TATAKUT,66,"Sa loob ng Maynila, sa isang tindahan ng matamis na kalapit ng Unibersidad, na laging dinadayo ng mga nag-aaral, ay pinag-uusapan ang mga pagkakahulihan, sa ganitong ayos:"
El Filibusterismo,28,TATAKUT,67,—¿Ya cogi ba con Tadeo?
El Filibusterismo,28,TATAKUT,68,—ang tanong ng babaing may ari ng tindahan.
El Filibusterismo,28,TATAKUT,69,"—Aba, ñora,—ang sagot ng isang nag-aaral na natitira sa Parian,—pusilau ya!"
El Filibusterismo,28,TATAKUT,70,—¡Pusilau!
El Filibusterismo,28,TATAKUT,71,¡Naku!
El Filibusterismo,28,TATAKUT,72,No pa ta paga conmigo su deuda.
El Filibusterismo,28,TATAKUT,73,—¡Ay!
El Filibusterismo,28,TATAKUT,74,"no jabla vos puelte, ñora, baka pa de queda vos complice."
El Filibusterismo,28,TATAKUT,75,¡Ya quema yo nga el libro que ya dale prestau conmigo!
El Filibusterismo,28,TATAKUT,76,¡Baka pa de riquisa y de encontra!
El Filibusterismo,28,TATAKUT,77,"¡anda vos listo, ñora!"
El Filibusterismo,28,TATAKUT,78,—¿Ta queda dice preso Isagani?
El Filibusterismo,28,TATAKUT,79,"—Loco-loco tambien aquel Isagani,—ang sabing namumuhi ng nag-aaral;—no sana de cogi con ele, ta anda pa presenta!"
El Filibusterismo,28,TATAKUT,80,"¡Oh, bueno nga, que topa rayo con ele!"
El Filibusterismo,28,TATAKUT,81,¡Siguro pusilau!
El Filibusterismo,28,TATAKUT,82,Kinibit ng babai ang balikat.
El Filibusterismo,28,TATAKUT,83,—¡Conmigo no ta debi nada!
El Filibusterismo,28,TATAKUT,84,¿Y cosa de jase Paulita?
El Filibusterismo,28,TATAKUT,85,"—No di falta novio, ñora."
El Filibusterismo,28,TATAKUT,86,"Siguro de llora un poco, luego de casa con un español."
El Filibusterismo,28,TATAKUT,87,Ang gabing iyon ay naging isa sa mga lalong malulungkot.
El Filibusterismo,28,TATAKUT,88,Sa mga bahaybahay ay nagdadasal ng rosario at may mga maawaing babaing nagpapatungkol na ng mahahabang padrenuestro at mga requiem sa kaluluwa ng mga kamag-anak nila’t kaibigan.
El Filibusterismo,28,TATAKUT,89,"Ika walo pa lamang ng gabi’y bahagya nang makakita ng mangisangisang naglalakad; maminsan minsan ay nakakadingig ng takbo ng isang kabayo na ang tagiliran ay napapalong malakas ng isang sable, pagkatapos ay pasuwit ng mga tanod, mga sasakyang matutulin ang takbo na waring hinahabol ng kawan ng mga pilibustero."
El Filibusterismo,28,TATAKUT,90,"Gayon man, hindi sa lahat ng pook ay naghahari ang pangamba."
El Filibusterismo,28,TATAKUT,91,Sa plateriang tinitirahan ni Placido Penitente ay pinag-uusapan din ang mga pangyayari at pinagtatalunan nang may kaunting laya.
El Filibusterismo,28,TATAKUT,92,—¡Hindi ako naniniwala sa mga paskin!
El Filibusterismo,28,TATAKUT,93,"—ang sabi ng isang manggagawang payat at tuyo na sa kagagamit ng tsukoy;—sa ganang akin, ay kagagawan iyan ni P. Salvi!"
El Filibusterismo,28,TATAKUT,94,"—¡Ehem, ehem!"
El Filibusterismo,28,TATAKUT,95,"—ang ubo ng maestro platero na, sa pangingilag na panganlang duwag, ay hindi makapangahas na putlin ang pag-uusap."
El Filibusterismo,28,TATAKUT,96,"Ang kaawaawang tao’y nag-uuubo na lamang, kikindatan ang manggagawa at titingin sa daan, na waring ibig sabihin na:—¡Baka tayo masubukan!"
El Filibusterismo,28,TATAKUT,97,—¡Dahil sa opereta!
El Filibusterismo,28,TATAKUT,98,—ang patuloy ng manggagawa.
El Filibusterismo,28,TATAKUT,99,—¡Oho!
El Filibusterismo,28,TATAKUT,100,",—ang bulalas ng isang mukhang tanga;—sinasabi ko na nga!"
El Filibusterismo,28,TATAKUT,101,Kaya’t....
El Filibusterismo,28,TATAKUT,102,—¡Hm!
El Filibusterismo,28,TATAKUT,103,"—ang tugon ng isang tagasulat na may anyong pagkahabag,—ang ukol sa mga paskin ay totoo, Chichoy, ngunit ipaliliwanag ko sa iyo!"
El Filibusterismo,28,TATAKUT,104,At idinugtong na ang tingig ay matalinghaga:
El Filibusterismo,28,TATAKUT,105,—¡Yaon ay isang kagagawan ni insik Quiroga!
El Filibusterismo,28,TATAKUT,106,"—¡Ehem, ehem!"
El Filibusterismo,28,TATAKUT,107,—ang ulit na ubo ng maestro na inilipat sa kabilang pisngi ang sapa ng hitsong nasa bibig.
El Filibusterismo,28,TATAKUT,108,"—¡Paniwalaan mo ako, Chichoy, kagagawan ni insik Quiroga iyan!"
El Filibusterismo,28,TATAKUT,109,Nadingig ko sa aking pinapasukan.
El Filibusterismo,28,TATAKUT,110,"—¡Naku, siguro nga!"
El Filibusterismo,28,TATAKUT,111,"—ang bulalas ng tanga, na agad nang naniwala."
El Filibusterismo,28,TATAKUT,112,"—Si Quiroga—ang patuloy ng tagasulat,—ay may isang daang libong pisong pilak mehikano, sa bahia."
El Filibusterismo,28,TATAKUT,113,¿Papano ang pagpapasok?
El Filibusterismo,28,TATAKUT,114,"Hindi maliwag; ginawa ang mga paskin, na sinamantala ang usap ng mga nag-aaral, at samantalang ang lahat ng tao’y nagugulo, ¡pum!"
El Filibusterismo,28,TATAKUT,115,pinadulasan ang mga kawani at nakaraan ang mga kaha!
El Filibusterismo,28,TATAKUT,116,"—¡Siya nga, siya nga!"
El Filibusterismo,28,TATAKUT,117,—ang bulalas ng mapaniwalain na sumuntok sa ibabaw ng dulang.
El Filibusterismo,28,TATAKUT,118,—¡Siya nga!
El Filibusterismo,28,TATAKUT,119,Kaya pala si insik Quiroga......
El Filibusterismo,28,TATAKUT,120,¡Kaya!
El Filibusterismo,28,TATAKUT,121,At napahinto dahil sa hindi maalaman kung ano ang sasabihing ukol kay insik Quiroga.
El Filibusterismo,28,TATAKUT,122,—¿At tayo ang magbabayad ng kanilang kagagawan?
El Filibusterismo,28,TATAKUT,123,—ang tanong ni Chichoy na nagagalit.
El Filibusterismo,28,TATAKUT,124,"—¡Ehem, ehem, ehhhem!"
El Filibusterismo,28,TATAKUT,125,—ang ubo ng platero na nakadingig ng lumalapit na yabag sa daan.
El Filibusterismo,28,TATAKUT,126,"Tunay nga, ang mga yabag ay lumalapit at nangagsihinto ang manga sa loob ng plateria."
El Filibusterismo,28,TATAKUT,127,"—Si San Pascual Bailon ay isang dakilang banal,—ang sabing malakas na pakunwaring nagbabanalbanalan ang platero, na kinindatan ang iba;—si San Pascual Bailon...."
El Filibusterismo,28,TATAKUT,128,"Nang sandaling iyon ay dumungaw ang mukha ni Placido Penitente, na kasama ang manggagawa ng kastillo na ating nakitang tumanggap ng utos kay Simoun."
El Filibusterismo,28,TATAKUT,129,Linibid ng lahat ang mga bagong dating at tinanong ng mga balibalita.
El Filibusterismo,28,TATAKUT,130,"—Hindi ko nakausap ang mga bilanggo—ang tugon ni Placido,—may mga tatlong pu!"
El Filibusterismo,28,TATAKUT,131,—¡Mangagsihanda kayo!
El Filibusterismo,28,TATAKUT,132,"—ang dugtong ng magkakastillo na nakipagsulyapan ng may kahulugan kay Placido,—sinasabing sa gabing ito’y magkakaroon ng katakot-takot na pugutan......"
El Filibusterismo,28,TATAKUT,133,—¿Ha?
El Filibusterismo,28,TATAKUT,134,¡Lintik!
El Filibusterismo,28,TATAKUT,135,"—ang bulalas ni Chichoy, na lumingap ng sandata, ngunit nang walang makita, ay sinunggaban ang kaniyang tsukoy."
El Filibusterismo,28,TATAKUT,136,Ang maestro ay umupo; ang kaniyang mga paa’y nangangalog.
El Filibusterismo,28,TATAKUT,137,"Nakinikinita nang mapaniwalain na ang ulo niya’y pugot, at umiiyak na dahil sa mangyayari sa kaniyang kaanak."
El Filibusterismo,28,TATAKUT,138,—¡She!
El Filibusterismo,28,TATAKUT,139,—ang sabi ng taga-sulat;—¡hindi magkakaroon ng pugutan!
El Filibusterismo,28,TATAKUT,140,Ang taga udyok ng—at humudyat ng may kahulugan—ay salamat at may sakit.
El Filibusterismo,28,TATAKUT,141,—¡Si Simoun!
El Filibusterismo,28,TATAKUT,142,"—¡Ehem, ehem, ehhhem!"
El Filibusterismo,28,TATAKUT,143,Si Placido at ang magkakastillo ay muling nagtinginan.
El Filibusterismo,28,TATAKUT,144,—Kung iyan ay hindi nagkasakit....
El Filibusterismo,28,TATAKUT,145,—Ay gagawa ng isang wari’y himagsikan!
El Filibusterismo,28,TATAKUT,146,"—ang dugtong na pawalang bahala ng magkakastillo, samantalang idinuduldol ang isang sigarilyo sa itaas ng tubo ng kinke—at ¿ano ang gagawin natin kung gayon?"
El Filibusterismo,28,TATAKUT,147,"—Totohanin na, sapagka’t yamang pupugutan na rin lamang tayo......"
El Filibusterismo,28,TATAKUT,148,Ang malakas na ubong sumasal sa platero ay nakapigil na madingig ang karugtong ng salita.
El Filibusterismo,28,TATAKUT,149,"Marahil ay kakilakilabot na bagay ang pinagsabi ni Chichoy, sapagka’t umanyong mamamatay at ang mukha’y anyong hapon na papatay ng tao."
El Filibusterismo,28,TATAKUT,150,—Ang sabihin ninyo’y nagpapakunwaring may sakit sapagka’t natatakot na lumabas!
El Filibusterismo,28,TATAKUT,151,Kapag nakita ko siya....
El Filibusterismo,28,TATAKUT,152,Muling sinasal ng matinding ubo ang maestro at natuluyan nang pamanhikan ang lahat na mangag-uwian.
El Filibusterismo,28,TATAKUT,153,"—Gayon man ay humanda kayo, humanda kayo,—ang sabi ng magkakastillo—Kung pipilitin tayo sa pumatay o mamatay...."
El Filibusterismo,28,TATAKUT,154,"Isa pang ubo ang sumasal sa kaawaawang may pagawaan at ang mga manggagawa ay nangag-uwian sa kanikanilang bahay na may dalang pamukpok, bandili at iba pang kasangkapang maipang-iiwa o maipamamalo, at humandang ipaglabang mabuti ang kanilang buhay."
El Filibusterismo,28,TATAKUT,155,Si Placido at ang manggagawa ng kastillo ay muling nagsialis.
El Filibusterismo,28,TATAKUT,156,"—¡Pag-iingat, pag-iingat!"
El Filibusterismo,28,TATAKUT,157,—ang bilin ng maestro na ang tingig ay waring sa umiiyak.
El Filibusterismo,28,TATAKUT,158,—¡Kayo na lamang ang bahala sa aking balo at mga mauulilang anak!
El Filibusterismo,28,TATAKUT,159,—ang samo ng mapaniwalain na ang tingig ay lalo pa manding basag.
El Filibusterismo,28,TATAKUT,160,Nakikinikinita na ng kahabaghabag na sa katawan niya’y lusutlusutan ang punlo at nalilibing na siya.
El Filibusterismo,28,TATAKUT,161,"Nang gabing yaon ay pinalitan ng mga artillerong kastila ang mga tanod sa mga pinto ng loob ng Maynila, at nang kinabukasan, ng dumudungaw na ang mga unang liwanag, si Ben-Zayb, na nangahas na maglakad upang tingnan ang kalagayan ng mga kuta, ay nakatagpo sa glacis na malapit sa Luneta ng bangkay ng isang india na magdadalaga, na, halos hubad at nakabulagta roong nag-iisa."
El Filibusterismo,28,TATAKUT,162,"Si Ben-Zayb ay nalunusan at matapos na matangki ng kaniyang tungkod ang patay at makatingin ng tungo sa mga pinto, ay ipinatuloy ang kaniyang lakad, na iniisip na gumawa ng isang mapanimdim na kabuhayan dahil sa pangyayaring yaon."
El Filibusterismo,28,TATAKUT,163,"Gayon man, ni isang pahiwatig man lamang ay walang lumabas sa mga pahayagan sa mga araw na sumusunod, na ang inatupag ay ang mga pagkakadapa’t pagkakadupilas na gawa ng mga balat ng saging, at, sa dahilang walang maibalita, si Ben-Zayb man ay nagpakaluritlurit sa pagsasalaysay ng isang dumaang bagyo sa Amerika, na sumira sa mga bayan at nakamatay ng mahigit sa dalawang libo katao."
El Filibusterismo,28,TATAKUT,164,Kasama ng ilang pasaring ay sinabi niyang:
El Filibusterismo,28,TATAKUT,165,"“Ang pagkamahabagin, NA LALONG BUHAY SA MAÑGA BAYANG KATOLIKO KAY SA IBANG BAYAN, at ang alaala Niyong sa udyok din noon ay naghirap dahil sa sangkatauhan, sa amin ay nagpakilos (sic) sa pagkahabag sa mañga kasawian nang ating kapuwa at idalañgin upang sa lupaing ito, na salantangsalanta sa mañga bagyo, ay huwag maulit ang mañga kasakitsakit na pangyayaring napagmasdan nang mañga naninirahan sa Estados Unidos."
El Filibusterismo,28,TATAKUT,166,”
El Filibusterismo,28,TATAKUT,167,"Hindi pinaraan ni Horatius ang pagkakataon at hindi rin tinukoy ang mga patay, ni ang kaawaawang indiang inutas, ni ang mga kapaslangan, ay sinagot si Ben-Zayb sa kaniyang Pirotecnia ng:"
El Filibusterismo,28,TATAKUT,168,"“Matapos ang gayong karaming pagkahabag at pagliñgap sa katauhan, si Fray Ibañez, itong, si Ben-Zayb, ay nanira sa pagdalañging patungkol sa Pilipinas."
El Filibusterismo,28,TATAKUT,169,Ñguni’t maaaninawan ang gayon.
El Filibusterismo,28,TATAKUT,170,"Sapagka’t hindi siya katoliko at ang pagkamahabagin ay lalong buhay, at ibp."
El Filibusterismo,28,TATAKUT,171,”
El Filibusterismo,29,MGA HULING SALITANG UKOL KAY KAPITANG TIAGO,1,Talis vita finis ita.
El Filibusterismo,29,MGA HULING SALITANG UKOL KAY KAPITANG TIAGO,2,"Si kapitang Tiago ay nagkaroon ng mabuting hangga, ito nga, nagkaroon ng mainam na libing."
El Filibusterismo,29,MGA HULING SALITANG UKOL KAY KAPITANG TIAGO,3,"Tunay nga na ipinaalaala kay P. Irene ng kura sa parroquia na si kapitang Tiago ay namatay nang hindi nagkukumpisal, ngunit ang mabuting pari, samantalang nakangiti nang palibak, ay hinimas ang kaniyang ilong at sumagot na:"
El Filibusterismo,29,MGA HULING SALITANG UKOL KAY KAPITANG TIAGO,4,—Bah ¡ako ba naman ang paglalakuan!
El Filibusterismo,29,MGA HULING SALITANG UKOL KAY KAPITANG TIAGO,5,"kung ating ipagkakait ang exequias sa mga namamatay ng hindi nagkukumpisal, ay malilimutan natin ang De profundis!"
El Filibusterismo,29,MGA HULING SALITANG UKOL KAY KAPITANG TIAGO,6,"Ang mga kahigpitang iyan, gaya ng inyong pagkabatid na mabuti, ay pinaiiral lamang kapag ang hindi nakapagkumpisal ay walang ibabayad, ngunit ¡kay kapitang Tiago!..."
El Filibusterismo,29,MGA HULING SALITANG UKOL KAY KAPITANG TIAGO,7,¡Bah!
El Filibusterismo,29,MGA HULING SALITANG UKOL KAY KAPITANG TIAGO,8,kung sampu ng mga insik na hindi binyagan ay inilibing ninyo ng may misa de requiem!
El Filibusterismo,29,MGA HULING SALITANG UKOL KAY KAPITANG TIAGO,9,"Si P. Irene ang inihalal ni kapitang Tiago na kaniyang albacea at gaganap ng kaniyang mga habilin, at iniiwan ang bahagi ng kaniyang kayamanan sa Sta. Clara, ang bahagi ay sa Papa, sa Arsobispo, sa mga Corporaciones, at nag-iwan ng dalawang pung piso upang ipagbayad ng matricula ng mga nag-aaral na maralita."
El Filibusterismo,29,MGA HULING SALITANG UKOL KAY KAPITANG TIAGO,10,Ang huling habiling ito’y ipinatala sa udyok ni P. Irene dahil sa pagkamapag-ampon nito sa kabataang masipag sa pag-aaral.
El Filibusterismo,29,MGA HULING SALITANG UKOL KAY KAPITANG TIAGO,11,"Pinawalang bisa ni kapitang Tiago ang pamanang dalawang pu’t limang piso na iniiwan niya kay Basilio, dahil sa masamang inugali ng binata nang mga huling araw, ngunit pinairal din ni P. Irene ang habilin at sinabing kukunin niya ang halagang iyon at dadalhin ng kaniyang bulsa at ng kaniyang budhi."
El Filibusterismo,29,MGA HULING SALITANG UKOL KAY KAPITANG TIAGO,12,"Sa bahay ng namatay na dinaluhan kinabukasan ng mga dating kakilala at mga kaibigan, ay pinag-uusapang matikabo ang isang himala."
El Filibusterismo,29,MGA HULING SALITANG UKOL KAY KAPITANG TIAGO,13,Sinasabing noong oras nang paghihingalo ay napakita sa mga mongha ang kaluluwa ni kapitang Tiago na libid ng maningning na liwanag.
El Filibusterismo,29,MGA HULING SALITANG UKOL KAY KAPITANG TIAGO,14,"Iniligtas ng Dios ang kaluluwa, dahil sa karamihan ng pamisang ipinagawa at sa mga pamanang iniwan sa mga simbahan."
El Filibusterismo,29,MGA HULING SALITANG UKOL KAY KAPITANG TIAGO,15,"Ang balita’y pinag-uusapan, inilalarawan, nagkakaroon ng ayos at walang isa mang nag-aalinlangan sa bagay na iyon."
El Filibusterismo,29,MGA HULING SALITANG UKOL KAY KAPITANG TIAGO,16,"Isinasaysay ang suot ni kapitang Tiago, na gaya ng mahihinala, ay ang prak, ang pisngi’y nakaumbok dahil sa sapa ng hitso, hindi nalimot ang kuakong panghitit ng apian at ang manok na sasabungin."
El Filibusterismo,29,MGA HULING SALITANG UKOL KAY KAPITANG TIAGO,17,"Ang sacristan mayor na kalahok sa umpukan ay nagpapatotoong walang kapingaspingas sa tulong ng tango ng ulo, at iniisip na, pagkamatay niya, ay pakikita namang dala ang tasa ng tahung puti, sapagka’t, kung wala ang pang-agahang iyon, ay hindi niya maunawa ang kaligayahan ni sa langit ni sa lupa."
El Filibusterismo,29,MGA HULING SALITANG UKOL KAY KAPITANG TIAGO,18,"Tungkol sa bagay na ito, at dahil sa hindi mapag-usapan ang mga nangyari ng kinahapunan at sa dahilang mayroon doong mga tahor, ay maiinam na hakahaka ang nababanggit, pinagkukurokuro kung hahamunin o hindi ni kapitang Tiago si S. Pedro upang sila’y magdaos ng isang soltada, kung magpupustahan, kung ang mga manok ay pawang walang pagkamatay, kung hindi tatalaban ng iwa, at kung mangyari ang gayon, ay sino kaya ang magiging sentenciador, sino ang mananalo, at ibp."
El Filibusterismo,29,MGA HULING SALITANG UKOL KAY KAPITANG TIAGO,19,", mga pagtatalong kinalulugdan ng mga nagtatatag ng karunungan, mga paghahaka, mga paraang nababatay sa isang aklat na inaakalang walang kamalian, na ipinahayag ng Dios sa kaniyang kabig o nauukol sa batayang nagiging kautusan."
El Filibusterismo,29,MGA HULING SALITANG UKOL KAY KAPITANG TIAGO,20,"Bumabanggit pa ng mga bahagi ng nobena, ng mga aklat na ukol sa mga kababalaghan, sabi ng mga kura, kalagayan ng langit at iba pang mga bagaybagay na ukol din doon."
El Filibusterismo,29,MGA HULING SALITANG UKOL KAY KAPITANG TIAGO,21,"Si D. Primitivo, ang pilosopo, ay galak na galak sa pagtutukoy niya ng mga haka ng mga teologo."
El Filibusterismo,29,MGA HULING SALITANG UKOL KAY KAPITANG TIAGO,22,"—Sapagka’t ang sinoman sa kanila’y hindi mangyayaring matatalo,—ang sabing may lubos na pagkataho;—ang pagkatalo’y nagbibigay ng sama ng loob at sa kalangitan ay hindi mangyayaring magkaroon ng samaan ng loob."
El Filibusterismo,29,MGA HULING SALITANG UKOL KAY KAPITANG TIAGO,23,"—Ngunit ang isa’y sapilitang mananalo,—ang pakli ng tahur na si Aristorenas,—ang inam ay nasa pananalo!"
El Filibusterismo,29,MGA HULING SALITANG UKOL KAY KAPITANG TIAGO,24,—Kapuwa mananalo!
El Filibusterismo,29,MGA HULING SALITANG UKOL KAY KAPITANG TIAGO,25,"Iyong kapuwa mananalo ay hindi matanggap ni Martin Aristorenas, siya, na ang buong buhay ay dinaan sa sabungan at kailan ma’y kaniyang nakita na ang isang manok ay nananalo at ang isa’y natatalo; kung baga man ay magtabla na lamang ang nangyayari."
El Filibusterismo,29,MGA HULING SALITANG UKOL KAY KAPITANG TIAGO,26,"Walang nahita si D. Primitivo sa kalalatin, si Martin Aristorenas ay nag-iiiling, gayong ang latin ni D. Primitivo ay madaling mawatasan: sinasabi niyang: an gallus talisainus, acuto tari armatus, an gallus beati Petri bulikus sasabungus sit at ibp."
El Filibusterismo,29,MGA HULING SALITANG UKOL KAY KAPITANG TIAGO,27,", hanggang sa ginamit na tuloy ang pangangatwiran nang marami kung ibig magpatigil at magpapanalig."
El Filibusterismo,29,MGA HULING SALITANG UKOL KAY KAPITANG TIAGO,28,"—Magkakasala ka, kaibigang Martin, mahuhulog ka sa isang erehia!"
El Filibusterismo,29,MGA HULING SALITANG UKOL KAY KAPITANG TIAGO,29,Cave ne cadas!
El Filibusterismo,29,MGA HULING SALITANG UKOL KAY KAPITANG TIAGO,30,Hindi na ako makikipagmonte sa iyo!
El Filibusterismo,29,MGA HULING SALITANG UKOL KAY KAPITANG TIAGO,31,¡Hindi na tayo magkakabakas!
El Filibusterismo,29,MGA HULING SALITANG UKOL KAY KAPITANG TIAGO,32,"Hindi mo pinananaligan ang kapangyarihan ng Dios, peccatum mortale!"
El Filibusterismo,29,MGA HULING SALITANG UKOL KAY KAPITANG TIAGO,33,Hindi mo pinaniniwalaan ang katunayan ng Santisima Trinidad: ang tatlo ay isa at ang isa ay tatlo!
El Filibusterismo,29,MGA HULING SALITANG UKOL KAY KAPITANG TIAGO,34,¡Dahandahan ka!
El Filibusterismo,29,MGA HULING SALITANG UKOL KAY KAPITANG TIAGO,35,"¡Hindi mo pinaniniwalaan wari na ang dalawang katawan, dalawang pag-iisip at dalawang kalooban ay mangyayaring magkaroon ng iisang alaala lamang!"
El Filibusterismo,29,MGA HULING SALITANG UKOL KAY KAPITANG TIAGO,36,¡Dahandahan ka!
El Filibusterismo,29,MGA HULING SALITANG UKOL KAY KAPITANG TIAGO,37,"Quicumque non crederit, anathema sit!"
El Filibusterismo,29,MGA HULING SALITANG UKOL KAY KAPITANG TIAGO,38,"Si Martin Aristorenas ay nangunting namumutla’t nanginginig, at si insik Quiroga na nakadingig na buo sa pangangatwiran, ay dinulutan ng buong galang ang pilosopo ng isang mabuting tabako at tinanong ng masuyo:"
El Filibusterismo,29,MGA HULING SALITANG UKOL KAY KAPITANG TIAGO,39,"—Sigulo, puele akieng kontalata itong aliendo sabong sa Kilisto, ha?"
El Filibusterismo,29,MGA HULING SALITANG UKOL KAY KAPITANG TIAGO,40,"Pag ako pagtaylo, akieng kontalatista, ha?"
El Filibusterismo,29,MGA HULING SALITANG UKOL KAY KAPITANG TIAGO,41,Sa ibang pulutong ang lalong mahabang salitaan ay ukol sa patay; ang pinagtatalunan ay ang damit na isusuot sa bangkay.
El Filibusterismo,29,MGA HULING SALITANG UKOL KAY KAPITANG TIAGO,42,"Ipinalagay ni kapitang Tinong na damit pransiskano ang isuot; mayroon pa naman siyang isa, luma, sirasira at takpi takpi, mainam na kasangkapan na, alinsunod sa patunay ng prayle na pinaglimusan niya sa halagang tatlong pu’t anim na piso, nakapagliligtas sa bangkay sa apoy ng inpierno, at nagsalaysay ng makapagpapatibay na mga banal na pangyayaring hango sa mga aklat na ikinakalat ng mga kura."
El Filibusterismo,29,MGA HULING SALITANG UKOL KAY KAPITANG TIAGO,43,"Kahi’t pinakamamahal ni kapitang Tinong ang labing iyon, ay laan siyang ipagkaloob sa kaniyang matalik na kaibigang hindi niya nadalaw sa buong pagkakasakit."
El Filibusterismo,29,MGA HULING SALITANG UKOL KAY KAPITANG TIAGO,44,"Ngunit ipinakli ng isang sastre na yamang nakita ng mga mongha si kapitang Tiago na naka prak na umaakyat sa langit, ay dapat suotan ng prak at hindi kailangan ang mga pananggol at mga kasuutang hindi tatagusan: nagpaprak kung tumutungo sa isang sayawan, sa isang pista, at hindi maaasahang hindi gayon din ang matatagpuan niya sa kaitaasan.... at ¡tingnan!"
El Filibusterismo,29,MGA HULING SALITANG UKOL KAY KAPITANG TIAGO,45,"nagkataon pa namang mayroon siyang isang yari, na maibibigay niya sa halagang tatlong pu’t dalawang piso, apat na piso ang kamurahan kay sa abitong pransiskano, sapagka’t ayaw niyang pagtubuan si kapitang Tiago: naging suki niya noong buhay at ngayon ay magiging pintakasi niya sa kalangitan!"
El Filibusterismo,29,MGA HULING SALITANG UKOL KAY KAPITANG TIAGO,46,"Ngunit si P. Irene na albasea at siyang magpapatupad sa nauutos sa testamento ay sumalansang sa dalawang palagay at ipinag-utos na bihisan ang bangkay ng alin man sa matatanda niyang damit, at sinabing na taglay ang anyong pagkabanal, na hindi tinitingnan ng Dios ang bihis."
El Filibusterismo,29,MGA HULING SALITANG UKOL KAY KAPITANG TIAGO,47,Ang mga exequias nga ay ginawa ng buong dingal.
El Filibusterismo,29,MGA HULING SALITANG UKOL KAY KAPITANG TIAGO,48,"Nagkaroon ng responso sa bahay, sa daan, tatlong prayle ang gumawa na waring ang iisa’y hindi makakaya sa kaluluwang yaon, ginawang lahat ng rito at mga ceremonias na magagawa, at nabalitang gumawa pa ng iba, nagkaroon ng extra na gaya sa mga tanging palabas dulaang ukol sa kapakinabangan ng isang tao."
El Filibusterismo,29,MGA HULING SALITANG UKOL KAY KAPITANG TIAGO,49,"Yaon ang naging kaigaigaya: maraming kamanyang ang sinunog, maraming awit sa wikang latin, nag-aksaya ng maraming agua bendita: alangalang sa kaniyang kaibigan ay inawit ni P. Irene, sa coro, ang Dies iræ na ang boses ay pahumal; at sumakit ang ulo ng mga nalalapit dahil sa katutugtog ng plegaria."
El Filibusterismo,29,MGA HULING SALITANG UKOL KAY KAPITANG TIAGO,50,"Si aling Patrocinio, ang dating katunggali ni kapitang Tiago sa pagkamasambahin, ay tunay na tunay na nagnasang mamatay naman sa kinabukasan upang makapagpagawa ng mga exequias na lalo pang malaki kay sa roon."
El Filibusterismo,29,MGA HULING SALITANG UKOL KAY KAPITANG TIAGO,51,"Ang maawaing matanda’y hindi makatiis, na iyong inaakala niyang talong talo na niya ay magbangon ng buong karangalan, sa pagkamatay."
El Filibusterismo,29,MGA HULING SALITANG UKOL KAY KAPITANG TIAGO,52,"Oo ninanasang mamatay siya at waring nadidingig na niya ang mga pabulalas ng mga taong nanonood ng responso, na nagsasabing:"
El Filibusterismo,29,MGA HULING SALITANG UKOL KAY KAPITANG TIAGO,53,—¡Ito ang libing!
El Filibusterismo,29,MGA HULING SALITANG UKOL KAY KAPITANG TIAGO,54,"ganiyan ang marunong mamatay, aling Patrocinio."
El Filibusterismo,30,HULI,1,"Ang pagkamatay ni kapitang Tiago at ang pagkakahuli kay Basilio ay napag-alaman kaagad sa lalawigan, at alang-alang sa ikadadangal ng mga mapapayapang taga San Diego ay sasabihin naming dinamdam pa nang higit ang huli at siya lamang halos ang napag-usapan."
El Filibusterismo,30,HULI,2,"At gaya ng maaantay, ang balita’y nagkaroon ng iba’t ibang ayos, may nagbigay ng mga pangyayaring malungkot, kakilakilabot, ipinaliwanag ang hindi nalilinawan, ang mga patlang ay pinunan ng mga hakahaka, ang mga ito’y naging parang tunay na nangyari at ang multong sumipot sa gayon ay nakatakot na, sampu sa mga tunay na may likha."
El Filibusterismo,30,HULI,3,Sa bayan ng Tiani ay nabalita na batang bata na sa kaniya ang mapatapon at marahil ay patayin sa paglalakbay na tungo sa tatapunan.
El Filibusterismo,30,HULI,4,"Ang mga matatakutin at mapaghinala ng masama ay hindi pa nasisiyahan sa gayon at pinag-uusapan ang mga bitayan at mga hukumang kawal; ang Enero ay isang masamang buan, Enero nang mangyari ang gulo sa Kabite, at ang mga taong iyon, gayong mga pari na, ay nangabitay; kaya’t ang isang maralitang kagaya ni Basilio na walang sukat mag-ampon at walang mga kakilala...."
El Filibusterismo,30,HULI,5,—¡Sinasabi ko na!
El Filibusterismo,30,HULI,6,—ang buntong hininga ng Hukom pamayapa na waring minsan man lamang ay nabigyan niya ng isang payo si Basilio—sinasabi ko na....
El Filibusterismo,30,HULI,7,—¡Sadyang ganiyan ang maaantay!
El Filibusterismo,30,HULI,8,—ang dugtong ni hermana Penchang—pumapasok sa simbahan at kapag nakitang marumi ng kaunti ang agua bendita ay hindi na nag-aantanda!
El Filibusterismo,30,HULI,9,"May sinasabing mga mumunting hayop at mga sakit, aba, parusa ng Dios!"
El Filibusterismo,30,HULI,10,¡Nararapat iyon sa kaniya!
El Filibusterismo,30,HULI,11,Wari bagang ang agua bendita ay mangyayaring makapagpahawa ng mga sakit!
El Filibusterismo,30,HULI,12,"Lubha pa ngang kaiba, aba."
El Filibusterismo,30,HULI,13,"At ibinuhay ang kaniyang paggaling sa isang pagkasira ng tiyan sa paglalagay lamang ng agua bendita sa pusod, na sabay sa pagdadasal ng Sanctus Deus, at inihahatol ang kagamutan sa mga kaharap, kapag nangagkasakit ng iti o kabag o kung may salot, datapwa’y kailangang dasalin lamang kung gayon sa wikang kastila:"
El Filibusterismo,30,HULI,14,"—Ang kagamutan ay walang pagkasira, ngunit lalagyan ng agua bendita ang dakong masakit o may damdam,—aniya."
El Filibusterismo,30,HULI,15,"Datapuwa’y marami sa mga lalaki ang hindi naniniwala sa mga bagay na ito, ni hindi ipinalalagay na parusa ng Dios ang pagkakabilanggo ni Basilio."
El Filibusterismo,30,HULI,16,"Hindi rin nanganiniwala sa mga panghihimagsik at mga paskin, sa pagkakilala sa ugaling ibayo pa ng pagkamapayapa at pagkamaingat ng nag-aaral, at minagaling pang iambil ang gayon sa mga paghihiganti ng mga prayle, dahil sa pagkakatubos sa pagkaalila, kay Huli, na anak ng tulisang mahigpit na kalaban ng isang malakas na corporacion."
El Filibusterismo,30,HULI,17,"At sa dahilang may masama silang pagkakilala sa mga kaugalian ng korporasiong iyon at naaalaala ang mga abang paghihiganti, ay ipinalagay, na, ang mga hulohulong iyon ay siyang malapitlapit na nangyari at siyang mapaniniwalaan."
El Filibusterismo,30,HULI,18,—¡Mabuti nga ang nagawa kong pinalayas sa aking bahay ang babai!
El Filibusterismo,30,HULI,19,"—ang sabi ni hermana Penchang—ayokong makipagsira sa mga prayle, kaya’t pinagmadali kong humanap ng salapi."
El Filibusterismo,30,HULI,20,"Ang katotohanan ay dinamdam niya ang pag-laya ni Huli; inaako siya ni Huli sa pagdadasal at pag-aayuno, at kung lumagi pa ng mahabahabang panahon ay marahil nagdigala ng dahil sa kaniya."
El Filibusterismo,30,HULI,21,"¿Bakit, kung ang mga kura ay nagdadasal ng patungkol sa atin at si Kristo ay namatay dahil sa ating mga kasalanan, bakit hindi makagagawa ng gayon din si Huli na patungkol kay hermana Penchang?"
El Filibusterismo,30,HULI,22,"Nang ang balita’y nakasapit sa kubong tinitirahan ni Huli at nang kaniyang lelong, ay nangailangan ang dalaga na uliting makalawa ang balita."
El Filibusterismo,30,HULI,23,"Tiningnan si hermana Bali, na siyang nagbabalita, na waring hindi maliwanagan ang sinasabi, hindi mapagtuwid ang kaniyang pagkukuro; naghumugong ang kaniyang mga tainga, nagkaramdam ng pagsisikip ng puso at nagtaglay ng isang kutob ng kalooban, na ang pangyayaring yaon ay makapagbibigay hapis sa kabuhayan niyang sasapitin."
El Filibusterismo,30,HULI,24,"Gayon ma’y tinangkang manangan sa isang banaag ng pag-asa, ngumiti, inakalang binibiro siya ni hermana Bali ng isang masamang biro, ngunit di pa man ay ipinatatawad na niya kung sasabihing biro nga, ngunit pinagkurus ni hermana Bali ang kaniyang hinglalaki’t hintuturo at hinagkan, sa katunayang totoo ang kaniyang sinasabi."
El Filibusterismo,30,HULI,25,"Sa gayon ay nawala na ang ngiti sa labi ng dalaga, namutla, maputlang maputla, naramdamang nawalan siya ng lakas at, noon lamang nangyari sa boo niyang buhay, nawalan ng diwang tuminbuang."
El Filibusterismo,30,HULI,26,"Nang sa kahahampas, kakukurot, wisik ng tubig, mga krus at paglalagay ng mga palaspas na benendita ay pinagsaulan ang dalaga at napag-unawa ang kaniyang kalagayan ay piping bumalong sa kaniyang mga mata ang luha, sunod sunod ang patak, walang hibik, walang panaghoy, walang daing!"
El Filibusterismo,30,HULI,27,"Inaalaala niya si Basilio na walang ibang tagapag-ampon kung di si kapitang Tiago, at sa pagkamatay nito, ay lubos nang nawalan ng kandili at kalayaan."
El Filibusterismo,30,HULI,28,"Batid nang sa Pilipinas ay kailangan ang ninong sa lahat ng bagay, mula sa araw na binibinyagan ang isang tao hanggang sa mamatay, sa pagtatamo ng katwiran, sa pagkuha ng isang katibayan sa paglalakbay o upang magawa ang isang paghahanap-buhay."
El Filibusterismo,30,HULI,29,"At sa dahilang sinasabing ang pagkakabilanggong yaon ay alinsunod sa mga paghihiganti ng dahil sa kaniya at sa kaniyang ama, ang kalungkutan ng binibini ay naging isang paghihinagpis."
El Filibusterismo,30,HULI,30,"Ngayon ay siya naman ang nararapat na magligtas, gaya ng ginawa ng lalaki ng siya’y alisin sa pagkaalila, at ang isang boses na lihim ang nag-uudyok sa kaniya ng gagawin at naghahain sa kaniyang pag-iisip ng isang kakilakilabot na paraan."
El Filibusterismo,30,HULI,31,"—¡Si P. Camorra, ang kura!"
El Filibusterismo,30,HULI,32,—ang sabi ng boses.
El Filibusterismo,30,HULI,33,Si Huli’y napapakagat labi at nahuhulog sa isang malamlam na pag-iisip.
El Filibusterismo,30,HULI,34,"Dahil sa pagkakasala ng kaniyang ama ay dinakip ang lelong, sa pag-asang sa gayong paraan ay lilitaw ang anak."
El Filibusterismo,30,HULI,35,"Ang tanging nakapagbigay ng kalayaan ay si P. Camorra, at si P. Camorra ay nagpakilala ng di kasiyahang loob sa mga pasasalamat at sa pamag-itan ng kaniyang karaniwang ugaling tiyakan kung magsalita ay humingi ng mga paghahandog...."
El Filibusterismo,30,HULI,36,"Mula noon ay iniwasan ni Huli ang siya’y makatagpo, ngunit pinahahalik siya ng kamay ng pari, hinihipo siya sa ilong, sa pisngi, binibiro siyang may mga kindat at tumatawa, tumatawang siya’y kinukurot."
El Filibusterismo,30,HULI,37,Si Huli ang sanhi ng pagkakabugbog ng mabuting kura sa ilang binata na naglilibot sa nayon at nananapatan sa mga dalaga.
El Filibusterismo,30,HULI,38,"Ang mga mapaghinala, kung nakikita siyang nagdaraan na walang kaimik-imik at nakatungo, ay nagsasabing ipinadidingig sa kaniya:"
El Filibusterismo,30,HULI,39,"—¡Kung iibigin, ay magtatamong kapatawaran si kabisang Tales!"
El Filibusterismo,30,HULI,40,Ang binibini’y dumarating na malungkot sa kaniyang bahay at susuling suling ang mata.
El Filibusterismo,30,HULI,41,"Malaki ang ipinagbago ni Huli; nawala ang kaniyang kasayahan, walang nakakitang siya’y ngumiti, bahagya ng magsalita at wari manding nangangambang malasin ang mukha niyang sarili."
El Filibusterismo,30,HULI,42,"Minsan ay nakita siya sa bayan na may malaking guhit na uling sa noo, siya, na palaging maayos at mahusay ang gayak kung lumakad."
El Filibusterismo,30,HULI,43,Minsan ay itinanong kay hermana Bali kung natutungo sa impierno ang mga nagpapatiwakal.
El Filibusterismo,30,HULI,44,—Walang sala!
El Filibusterismo,30,HULI,45,"—ang tugon ng babai, at isinalaysay ang pook na iyon na waring siya’y galing doon."
El Filibusterismo,30,HULI,46,"Dahil sa pagkakabilanggo ni Basilio, ang mga dukha’t marunong lumingap na mga kaanak ay gumawa ng lahat ng magagawa upang mailigtas ang binata; ngunit sa dahilang silang lahat ay hindi pa makabuo ng tatlong pung piso, ay si hermana Bali, gaya rin ng dati, ang siyang nagkaroon ng lalong mabuting akala."
El Filibusterismo,30,HULI,47,"—Ang dapat nating gawin ay ang huminging sangguni sa taga-sulat,—aniya."
El Filibusterismo,30,HULI,48,"Sa mga abang taong iyon, ang taga-sulat sa tribunal ay siyang oraculo sa Delfos ng matatandang griego."
El Filibusterismo,30,HULI,49,"—Bigyan lamang ng sikapat at saka isang tabako,—ang dugtong—ay sasabihin pa sa iyo ang lahat ng batas na magpapalaki ng ulo mo sa pagdingig sa kaniya."
El Filibusterismo,30,HULI,50,Pag mayroon kang piso ay maililigtas ka kahi’t nasa sa paanan ka ng bibitayan.
El Filibusterismo,30,HULI,51,"Nang ipasok sa bilangguan ang kapit bahay kong si Simon at hinagupit ng palo, dahil sa hindi nakapagpahayag ng ukol sa isang nakawang nangyari sa malapit sa kaniyang bahay, aba ¡sa halagang kahati’t sikolo lamang at isang balukay na bawang, ay nakuha siya ng taga-sulat!"
El Filibusterismo,30,HULI,52,At nakita ko si Simon na babahagya nang makalakad at nahigang isang buang mahigit.
El Filibusterismo,30,HULI,53,¡Ay!
El Filibusterismo,30,HULI,54,"nabulok ang pigi, aba ¡at namatay dahil doon!"
El Filibusterismo,30,HULI,55,Ang payo ni hermana Bali ay tinanggap at siya na ang nakipag-usap sa taga-sulat; binigyan siya ni Huli ng isang salapi at dinagdagan pa ng ilang putol na pindang na usa na nahuli ng lelong.
El Filibusterismo,30,HULI,56,Muli na namang inatupag ni tandang Selo ang pangangaso.
El Filibusterismo,30,HULI,57,Ngunit walang magawa ang taga-sulat; ang bilanggo ay nasa Maynila at hindi umaabot doon ang kaniyang lakas.
El Filibusterismo,30,HULI,58,"—¡Kung nasa sa kabesera man lamang, mana pa!.."
El Filibusterismo,30,HULI,59,—ang sabi na ipinagpaparangya ang kaniyang kaya.
El Filibusterismo,30,HULI,60,"Lubos na batid ng tagasulat na ang kaniyang lakas ay hindi lumalampas sa mga hanggahan ng Tiani, ngunit kailangan niya ang huwag masira ang pananalig sa kaniya at upang maiwan ang pindang na usa."
El Filibusterismo,30,HULI,61,"—Ngunit mabibigyan ko kayo ng isang mabuting payo, na dili iba kundi ang pumaroon kayong dalawa ni Huli sa Hukom pamayapa."
El Filibusterismo,30,HULI,62,Kailangang pumaroon si Huli.
El Filibusterismo,30,HULI,63,"Ang Hukom pamayapa ay isang taong pabugal-bugal, ngunit kung makikita si Huli marahil ay mapipigil ng kaunti ang dating ugali: naririto ang katalinuhan ng payo."
El Filibusterismo,30,HULI,64,"Pinakinggang walang kapingaspingas sa tigas ng ginoong Hukom si hermana Bali, na siyang nagsasalita, na maminsanminsan ay tinitingnan ang dalagang nakatungo at hiyang hiya."
El Filibusterismo,30,HULI,65,"Masasabi na lamang ng tao na malaki ang paglingap niya kay Basilio, hindi naaalala ng mga tao ang kaniyang utang na loob at na ang sanhi ng pagkakabilanggong iyon, ayon sa balita, ay dahil sa kaniya."
El Filibusterismo,30,HULI,66,"Matapos makadighay ng makaitlo o makaapat, sapagka’t may masamang ugaling ito ang ginoong Hukom, ay nagsabing ang tanging makapagliligtas kay Basilio ay si P. Camorra, kung iibigin niya—at tiningnan ng may makahulugang titig ang binibini."
El Filibusterismo,30,HULI,67,—Ito’y pinapayuhan niyang makipag-usap sa kura.
El Filibusterismo,30,HULI,68,—Alam na ninyo ang kaniyang lakas; nakuha sa pagkakabilanggo ang inyong nuno....
El Filibusterismo,30,HULI,69,Sukat na ang isang salita niya upang mapasa tatapunan ang isang batang bagong panganak o maligtas sa kamatayan ang isang binitay.
El Filibusterismo,30,HULI,70,"Si Huli ay hindi umiimik, ngunit sa ganang kay hermana Bali ay waring nabasa sa isang nobena ang hatol: laan siyang samahan sa bahay ng pari ang dalaga."
El Filibusterismo,30,HULI,71,Lilimos pa naman siya ng isang kalmen sa halagang isang salapi.
El Filibusterismo,30,HULI,72,Datapwa’y umiiling si Huli at ayaw pumaroon sa kombento.
El Filibusterismo,30,HULI,73,Si hermana Bali ay waring nakararamdam sa sanhi ng pag-ayaw (si P. Camorra ay may katawagan ding si kabayo at napakalikot) at pinananahimik siya:
El Filibusterismo,30,HULI,74,—¡Wala kang dapat ikatakot!
El Filibusterismo,30,HULI,75,kasama mo ako!
El Filibusterismo,30,HULI,76,"—aniya—¿hindi mo ba nabasa sa munting aklat na Tandang Basio na bigay ng kura, na ang mga dalaga’y dapat pumaroon sa kombento, kahi’t hindi nalalaman ng mga magulang, upang ipagsabi ang nangyayari sa bahay?"
El Filibusterismo,30,HULI,77,Aba!
El Filibusterismo,30,HULI,78,"Ang aklat na iyon ay nalimbag nang may pahintulot ang Arsobispo, aba!"
El Filibusterismo,30,HULI,79,"Si Huli, inip na’t sa nasang putulin ang usapan, ay namanhik sa mapanata na siyang pumaroon kung ibig, ngunit sinabi ng Hukom, sabay sa pagdighay, na ang samo ng isang mukha ng dalaga ay nakaaakit ng malaki kay sa mukha ng isang matanda, na ang langit ay nagkakalat ng kaniyang hamog sa mga sariwang bulaklak at hindi sa mga tuyo na."
El Filibusterismo,30,HULI,80,Ang talinhaga’y naging isang magandang kahalayan.
El Filibusterismo,30,HULI,81,Si Huli’y hindi sumagot at nanaog ang dalawang babai.
El Filibusterismo,30,HULI,82,"Sa daan ay nagmatigas ang dalaga sa pag-ayaw na pumaroon sa kombento, kaya’t nangagsiuwi sa kanilang nayon."
El Filibusterismo,30,HULI,83,"Si hermana Bali na sumama ang loob dahil sa kakulangan ng pagtitiwala, gayong siya’y kasama, ay naghihiganti sa paraang binigyan ng isang mahabahabang sermon ang binibini."
El Filibusterismo,30,HULI,84,"Sadya ngang hindi magagawa ng dalaga ang pagparoong iyon sa kombento nang hindi susuwatan ang kaniyang sarili, na hindi siya susuwatan ng tao, na hindi siya susuwatan ng Dios!"
El Filibusterismo,30,HULI,85,"Makailan nang sinabi sa kaniya, may katwiran o wala, na kung susundin ang hangad sa kaniya, ay patatawarin ang kaniyang ama, ngunit gayon man ay hindi siya pumayag, kahi’t na isinisigaw sa kaniya ng kaniyang budhi ang pag-aalaala ng kautangan sa magulang."
El Filibusterismo,30,HULI,86,"¿At ngayon ay gagawin niya ng dahil kay Basilio, dahil sa kaniyang kasintahan?"
El Filibusterismo,30,HULI,87,"Yaon ay isang pagsadlak sa mga kutya at paglibak ng lahat ng tao, sampung si Basilio ay aalipusta sa kaniya; hindi mangyayari ang gayon, magpakailan man!"
El Filibusterismo,30,HULI,88,Magbibigti na muna siya o magtatalon sa alin mang bangin.
El Filibusterismo,30,HULI,89,Kahi’t na ano ang gawin ay nasuwatan na siya na masamang anak.
El Filibusterismo,30,HULI,90,"Binata pa rin ng kaawaawang si Huli ang mga sisi ng kaniyang mga kamag-anak, na sa dahilang hindi nakababatid ng nangyayari sa kanila ni P. Camorra, ay kinukutya ang kaniyang mga katakutan."
El Filibusterismo,30,HULI,91,Maiibigan baga ni P. Camorra ang isang dalagang taga bukid gayong marami naman sa bayan?
El Filibusterismo,30,HULI,92,"At tinukoy ng mga babai, ang mga pangalan ng mga dalagang magaganda’t mayayaman, na nagkaroon ng ganito o gayong kasawian."
El Filibusterismo,30,HULI,93,At samantala’y ¿kung barilin si Basilio?
El Filibusterismo,30,HULI,94,"tinatakpan ni Huli ang kaniyang tainga, lumilingap sa lahat ng sulok at humahanap ng isang tingig na sukat magtanggol sa kaniya, tiningnan ang kaniyang lelong; ngunit ang lelong ay pipi at nakatitig sa dulo ng kaniyang tandos na gamit sa pangangaso."
El Filibusterismo,30,HULI,95,Nang gabing yaon ay bahagya nang nakatulog.
El Filibusterismo,30,HULI,96,"Mga bungang tulog at panaginip, kung minsan ay kahambalhambal, kung minsan ay madugo, ang nagdaraan sa kaniyang mata at sandasandali’y nagigising na pigta sa malamig na pawis."
El Filibusterismo,30,HULI,97,"Parang nakadidingig siya ng putukan, parang nakikita ang kaniyang ama, ang ama niyang nagsumakit ng lubha dahil sa kaniya, na nakikipaghamok sa mga kagubatan, hinuhuling wari’y isang hayop sapagka’t siya’y nag alinlangang kaniyang iligtas."
El Filibusterismo,30,HULI,98,At ang larawan ng kaniyang ama’y nagbago at nakita ni Basilio na naghihingalo at tinititigan siya ng mga tinging sumisisi.
El Filibusterismo,30,HULI,99,"Ang kahabaghabag ay titindig, magdadasal, tataghoy, tatawagan ang kaniyang ina, ang kamatayan, at sumapit ang sandali na, pata na sa sindak, kung hindi lamang naging gabi noon ay tumakbo na sanang tuloytuloy sa kombento, mangyari na ang mangyayari."
El Filibusterismo,30,HULI,100,"Dumating ang umaga, at ang mga malulungkot na paghihinala, ang mga pangingilabot sa kadiliman ay bahagyang nagbawa."
El Filibusterismo,30,HULI,101,Ang kaliwanagan ay nagbigay sa kaniya ng mga pag-asa.
El Filibusterismo,30,HULI,102,Ngunit ang mga balitang tinanggap nang kinahapunan ay lubhang kakilakilabot; napag-usapan ang mga binaril at ang gabing yao’y naging karumaldumal sa dalaga.
El Filibusterismo,30,HULI,103,"Sa kaniyang pagdadalita’y tinangka ng ipagkaloob ang kaniyang katawan pagsapit na pagsapit ng umaga at pagkatapos ay magpakamatay: lahat, huwag na lamang magdaan ng gayong paghihirap!"
El Filibusterismo,30,HULI,104,"Ngunit ang umaga’y nagtaglay ng mga panibagong pag-asa at ayaw pumanaog sa bahay ang binibini, ni pumaroon sa simbahan."
El Filibusterismo,30,HULI,105,Nanganganib siyang mapahinuhod.
El Filibusterismo,30,HULI,106,"At sa gayo’y nakaraan ang ilang araw: nananalangin at nagtutungayaw, tumatawag sa Dios at ninanasa ang kamatayan."
El Filibusterismo,30,HULI,107,"Ang umaga ay nagiging isang patlang, si Huli’y umaasa sa isang kababalaghan; ang mga balitang galing sa Maynila, kahi’t dumarating na may dagdag, ay nagsasabing ang ilang bilanggo ay nakalaya na dahil sa kanilang mga ninong at mga kaibikaibigan...."
El Filibusterismo,30,HULI,108,"May maiiwang magtitiis, ¿sino kaya?"
El Filibusterismo,30,HULI,109,"si Huli ay nangingilabot at umuuwi sa kaniyang bahay na nginangatngat ang kaniyang mga kuko, sa gayon ay dumarating ang gabi na ang mga pangangamba, na nagkakaroon ng ibayong laki, ay waring nagiging katotohanan."
El Filibusterismo,30,HULI,110,"Kinatatakutan ni Huli ang pananaginip; natatakot siyang matulog, sapagka’t ang kaniyang pananaginip ay isang sunod-sunod na bangungot."
El Filibusterismo,30,HULI,111,"Mga titig na may hinanakit ang lumulusot sa kaniyang mga balintataw kapag napikit, mga daing at panangis ang umuukilkil sa kaniyang mga tainga."
El Filibusterismo,30,HULI,112,"Nakikitang pagalagala ang kaniyang ama, dayukdok, walang tigil ni pahinga; nakikitang si Basilio ay naghihingalo sa gitna ng daan, may tama ng dalawang punglo, gaya ng pagkakita niya sa bangkay ng isang kalapit-bahay na pinatay samantalang inihahatid ng guardia sibil."
El Filibusterismo,30,HULI,113,"At nakikita niya ang mga taling gumitgit sa laman, nakikita ang dugong lumalabas sa bibig at nadidingig na sinasabi sa kaniya ni Basilio, na: “¡Iligtas mo ako, iligtas mo ako!"
El Filibusterismo,30,HULI,114,ikaw lamang ang tanging makapagliligtas sa akin!
El Filibusterismo,30,HULI,115,"” Mag-uumugong pagkatapos ang isang halakhak, ililingon ang mga mata at makikita ang kaniyang ama, na tinititigan siya ng isang titig na lipos paghihinanakit."
El Filibusterismo,30,HULI,116,"At si Huli ay magigising, tatagilid sa ibabaw ng kaniyang banig, hihimasin ng kamay ang noo upang tungkusin ang buhok: malamig na pawis, gaya ng pagpapawis kung mamamatay, ang nakababasa sa kaniya."
El Filibusterismo,30,HULI,117,"—¡Ina, ina!"
El Filibusterismo,30,HULI,118,—ang taghoy.
El Filibusterismo,30,HULI,119,"At samantala’y ang mga nakapagpapasiya ng buong katuwaan sa mga sasapitin ng mga bayan, ang nakapag-uutos ng makatwirang pagpatay, ang sumisira ng katwiran at ginagamit ang karapatan upang magpatibay sa lakas, ay mapayapang nangahihimbing."
El Filibusterismo,30,HULI,120,"Sa kahulihulihan, ay dumating ang isang manglalakbay na taga Maynila at nagsalaysay nang kung papano nakawala ang lahat ng bilanggo, lahat, maliban si Basilio na walang mag-ampon."
El Filibusterismo,30,HULI,121,"Nababalita sa Maynila, ang dagdag ng manglalakbay, na ang binata ay mapapatapon sa Carolinas, at pinalagdaan na muna sa kaniya ang isang kahilingan na kinatatalaan na gayon ang hiling niyang kusa."
El Filibusterismo,30,HULI,122,Nakita ng manglalakbay ang bapor na magdadala sa kaniya.
El Filibusterismo,30,HULI,123,Ang balitang iyon ay tumapos sa mga pagaalinlangan ng dalaga na sadya namang gulo na ang pag-iisip dahil sa karamihan ng gabing ipinagpuyat at sa kaniyang mga kakilakilabot na mga pangangarap.
El Filibusterismo,30,HULI,124,"Maputla’t ang mata’y susuling suling, ay hinanap si hermana Bali at ang boses ay nakatatakot ng sinabing siya’y nalalaan na at itinatanong kung ibig siyang samahan."
El Filibusterismo,30,HULI,125,"Natuwa si hermana Bali at siya’y pinayapa, ngunit si Huli ay hindi nakikingig at waring nagmamadali upang makarating sa kombento."
El Filibusterismo,30,HULI,126,"Siya’y nag-ayos, isinuot ang kaniyang pinakamabuting gayak at wari pa manding siya’y may malaking hangad."
El Filibusterismo,30,HULI,127,Nagsasasalita kahi’t walang linaw.
El Filibusterismo,30,HULI,128,Lumakad sila.
El Filibusterismo,30,HULI,129,Si Huli ay nauuna at naiinip sapagka’t ang kasama’y nahuhuli.
El Filibusterismo,30,HULI,130,"Datapwa’y samantalang nangalalapit sa bayan, ay untiunti siyang nanghihina, nagwawalang imik, nag-aalinlangan, napapahina ang hakbang, at pagkatapos ay napapahuli."
El Filibusterismo,30,HULI,131,Kailangan ang paliksihin pa siya ni hermana Bali.
El Filibusterismo,30,HULI,132,—¡Gagabihin tayo!
El Filibusterismo,30,HULI,133,—ang sabi.
El Filibusterismo,30,HULI,134,"Si Huli ay patuloy na namumutla, ang tingi’y sa ibaba at hindi makapangahas na itaas ang mata."
El Filibusterismo,30,HULI,135,Ang akala niya’y siya ang tinitingnan ng lahat ng tao at siya ang itinuturo.
El Filibusterismo,30,HULI,136,"Isang pangalang mahalay ang humihiging sa kaniyang tainga, ngunit nagbibingibingihan at nagpapatuloy ng lakad."
El Filibusterismo,30,HULI,137,"Gayon man, nang makita ang kombento, ay huminto at nanginig na."
El Filibusterismo,30,HULI,138,"—¡Bumalik na tayo sa nayon, bumalik na tayo!"
El Filibusterismo,30,HULI,139,—ang samo na pinigil ang kaniyang kasama.
El Filibusterismo,30,HULI,140,"Kinailangan ni hermana Bali ang hawakan siya sa bisig at halos binatak, na pinamamayapa at pinagsasabihan siya ng ukol sa mga aklat ng mga prayle."
El Filibusterismo,30,HULI,141,"Hindi siya pababayaan, walang dapat ikatakot; si P. Camorra ay may ibang bagay sa ulo; si Huli ay isang tagabukid lamang...."
El Filibusterismo,30,HULI,142,Datapwa’y nang dumating sa pintuan ng kombento o bahay pari ay nagmatigas na si Huli sa pag-ayaw na umakyat at nangunyapit sa pader.
El Filibusterismo,30,HULI,143,"—¡Huwag, huwag!"
El Filibusterismo,30,HULI,144,"—ang samong lipos sindak;—¡O, huwag; mahabag kayo!......"
El Filibusterismo,30,HULI,145,—Ngunit napakahangal......
El Filibusterismo,30,HULI,146,"Itinutulak siyang marahan ni hermana Bali; si Huli ay ayaw pumayag, namumutla, na ang mukha’y nakahahambal."
El Filibusterismo,30,HULI,147,Ipinahayag ng kaniyang paningin na nakikitang kaharap niya ang kamatayan.
El Filibusterismo,30,HULI,148,"—¡Siya, bumalik tayo kung ayaw ka!"
El Filibusterismo,30,HULI,149,"—ang bulalas na tuloy na masama ang loob ng mabait na babai, na hindi naniniwala sa anomang sakunang tunay na mangyayari."
El Filibusterismo,30,HULI,150,Kahi’t na may masamang kabantugan si P. Camorra ay hindi mangangahas sa harap niya.
El Filibusterismo,30,HULI,151,"—¡Madala na sa tatapunan ang kaawaawang si D. Basilio, barilin siya sa daan at sabihing nagtangkang tumakas!"
El Filibusterismo,30,HULI,152,—ang dagdag;—pag patay na ay saka magsisisi.
El Filibusterismo,30,HULI,153,"Sa ganang akin, ako’y walang anomang utang na loob sa kaniya."
El Filibusterismo,30,HULI,154,Sa akin ay walang isusumbat!
El Filibusterismo,30,HULI,155,Yaon ang bayong nakapagpanibulos.
El Filibusterismo,30,HULI,156,"Sa harap ng gayong sumbat, may halong galit, handa sa lahat, gaya ng isang magpapatiwakal, ay ipinikit ni Huli ang kaniyang mga mata, upang huwag matanaw ang banging tatalunan, at tuloytuloy na pumasok sa kombento."
El Filibusterismo,30,HULI,157,Isang buntong-hininga na waring hingalo ang namulas sa kaniyang mga labi.
El Filibusterismo,30,HULI,158,Sinundan siya at pinagbibilinan ni hermana Bali.
El Filibusterismo,30,HULI,159,Nang kinagabihan ay marahang pinag-uusap-usapan ang nangyari ng hapong iyon.
El Filibusterismo,30,HULI,160,Sa durungawan ng kombento ay tumalon ang isang dalaga na bumagsak sa mga bato at namatay.
El Filibusterismo,30,HULI,161,"Halos kasabay noon, isa pang babai ang lumabas na nagsisigaw at nagtititili sa mga lansangan na wari’y baliw."
El Filibusterismo,30,HULI,162,Ang mga maingat na mamamayan ay hindi makapangahas na bumanggit ng mga pangalan at maraming ina ang kumurot sa kanilang mga anak na babai dahil sa pagkakabigkas ng mga salitang makapagbibigay ligalig sa kanila.
El Filibusterismo,30,HULI,163,"Makaraan yaon, ngunit malaon ng nakaraan, ng nagtatakipsilim, ay isang matandang lalaki ang nanggaling sa nayon at tumawag ng malaon sa pintuan ng kombento na nakasara at binabantayan ng mga sakristan."
El Filibusterismo,30,HULI,164,"Ang matanda’y tumatawag sa pamagitan ng suntok, ng ulo, bumibigwas ng mga timping sigaw, na walang linaw, na gaya ng sa isang pipi, hanggang sa napalayas doon sa pamagitan ng palo at katutulak."
El Filibusterismo,30,HULI,165,"Nang mangyari ang gayon ay tumungo sa bahay ng kapitan sa bayan, ngunit sinabi sa kaniya roon na wala ang kapitan, na nasa kombento; tumungo sa Hukom pamayapa, ngunit ang Hukom pamayapa ay wala rin, ipinatawag sa kombento; tinungo ang teniente mayor, gayon din, nasa kombento; tumungo sa kuartel, ang teniente ng guardia sibil ay nasa kombento...."
El Filibusterismo,30,HULI,166,"Sa gayon ay bumalik sa kaniyang nayon ang matanda na umiiyak na parang isang bata: ang kaniyang ungal ay nadidingig sa gitna ng katahimikan ng gabi; ang mga lalaki’y nangapapakagatlabi, ang mga babai’y nangagdadaop-kamay, at ang mga aso ay pumapasok sa kanikanilang bahay, mga takot, at ipit ng dalawang hita ang buntot!"
El Filibusterismo,30,HULI,167,"—¡A, Dios, a, Dios!"
El Filibusterismo,30,HULI,168,"—anang isang abang babai na nangangalirang dahil sa kakokolasion;—sa harap mo ay walang mayaman, walang mahirap, walang maputi, walang maitim...."
El Filibusterismo,30,HULI,169,¡ikaw ang hahatol sa amin!
El Filibusterismo,30,HULI,170,"—Oo,—ang sagot ng asawa,—kailan ma’t ang Dios na iyang kanilang iniaaral ay hindi tunay na gawagawa lamang, isang daya!"
El Filibusterismo,30,HULI,171,Sila na ang una unang hindi naniniwala doon!
El Filibusterismo,30,HULI,172,"Nang ikawalo ng gabi, ay sinasabing mahigit sa pitong prayle, na galing sa mga bayang kalapit, ang nangasa sa kombento at nagpupulong."
El Filibusterismo,30,HULI,173,Nang kinabukasan ay nawala nang patuluyan sa nayon si tandang Selo na dala ang kaniyang tandos sa pangungusa.
El Filibusterismo,31,ANG MATAAS NA KAWANI,1,(Victor Hugo.
El Filibusterismo,31,ANG MATAAS NA KAWANI,2,)
El Filibusterismo,31,ANG MATAAS NA KAWANI,3,"Ang mga pamahayagan sa Maynila ay nangalululong sa pagsasalaysay ng ukol sa isang nabunyag na patayang nangyari sa Europa, sa mga pagpupuri at pagbibigay karangalan sa ilang predicador sa Maynila, sa lalo’t lalo pang masigabong pagtatatagumpay ng operetang pranses, kaya babahagya nang makapaglaan ng gayon o ganitong balitang ukol sa mga katampalasanang ginagawa sa mga lalalawigan ng isang pulutong ng tulisan na pinangunguluhan ng isang pinunong mabangis at ganid na nagpapamagat na Matanglawin."
El Filibusterismo,31,ANG MATAAS NA KAWANI,4,"Tangi lamang, kung ang nilolooban ay isang kombento o isang kastila, ay saka lumalabas ang mahahabang salaysay na nagsisiwalat ng mga kakilakilabot na pangyayari at hinihingi ang estado de sitio, mga matitinding panupil, ibp."
El Filibusterismo,31,ANG MATAAS NA KAWANI,5,"Kaya’t hindi rin naatupag ang nangyari sa bayan ng Tiani, ni hindi man nagkaroon ng isa mang banggit ni isang alingawngaw."
El Filibusterismo,31,ANG MATAAS NA KAWANI,6,"Sa mga lipunang tangi ay may kaunting bulungbulungan, ngunit napakalabo, napakamahina, napaka walang katibayan na hindi man lamang nabatid ang pangalan ng nasawi, at yaong mga nagpakita ng malaking nasang makaalam ay madaling nakalimot, na naniwalang nagkaroon nang kasunduan sa kaanak o mga kamag-anak na may galit."
El Filibusterismo,31,ANG MATAAS NA KAWANI,7,Ang tanging tiyak na napag-alaman ay ang pag-alis sa bayang iyon ni P. Camorra upang lumipat sa iba o manirahan ng kaunting panahon sa kombento sa Maynila.
El Filibusterismo,31,ANG MATAAS NA KAWANI,8,—¡Kaawaawang P. Camorra!
El Filibusterismo,31,ANG MATAAS NA KAWANI,9,"—ang bulalas ni Ben-Zayb na nagwaring mahabagin,—gayong kasaya, gayong kabuting puso!"
El Filibusterismo,31,ANG MATAAS NA KAWANI,10,"Tunay nga na ang mga nag-aaral ay nangakalaya sa kalalakad ng kanilang mga kamag-anak, na hindi tiningnan ang magugugol, mga handog at mga paghihirap."
El Filibusterismo,31,ANG MATAAS NA KAWANI,11,"Ang una unang nakalaya, gaya ng maaantay, ay si Makaraig, at ang huli’y si Isagani, sapagka’t si P. Florentino ay hindi nakarating sa Maynila kung di nang makaraan muna ang isang linggo sapol ng mangyari ang mga bagaybagay."
El Filibusterismo,31,ANG MATAAS NA KAWANI,12,Ang gayong karaming pagkahabag ay naging sanhi upang bigyan ang General ng palayaw na mahabagin at maawain na dalidaling idinagdag ni Ben-Zayb sa mahabang kabilangan ng kaniyang mga palayaw.
El Filibusterismo,31,ANG MATAAS NA KAWANI,13,"Ang tanging hindi nakalaya ay si Basilio, na nasasakdal pa sa kasalanang pagkakaroon ng mga aklat na bawal."
El Filibusterismo,31,ANG MATAAS NA KAWANI,14,"Hindi namin malaman kung ang sinasabi nila’y ang aklat na Medicina Legal y Toxicologia ni Dr. Mata o ang ilang pahayagan na ukol sa mga bagay bagay sa Pilipinas na natagpuan sa kaniya, o magkasama na ang dalawang bagay na iyon; ngunit sinasabi rin naman na nagbibiling palihim ng mga aklat na bawal at napataw sa kaawaawang binata ang buong bigat ng timbangan ng katwiran."
El Filibusterismo,31,ANG MATAAS NA KAWANI,15,May nagbalitang sinabi sa General:
El Filibusterismo,31,ANG MATAAS NA KAWANI,16,—Kailangan na magkaroon ng isa upang maligtas ang karangalan ng kapangyarihan at huwag masabing tayo’y nag-ingay nang katakot-takot ng wala namang sanhi.
El Filibusterismo,31,ANG MATAAS NA KAWANI,17,Una muna sa lahat ang kapangyarihan.
El Filibusterismo,31,ANG MATAAS NA KAWANI,18,Kailangang may matira!
El Filibusterismo,31,ANG MATAAS NA KAWANI,19,"—Iisa na lamang ang natitira, isa na, alinsunod kay P. Irene ay, naging alila ni kapitang Tiago...."
El Filibusterismo,31,ANG MATAAS NA KAWANI,20,Walang naghahabol sa kaniya....
El Filibusterismo,31,ANG MATAAS NA KAWANI,21,—¿Alila at nag-aaral?
El Filibusterismo,31,ANG MATAAS NA KAWANI,22,"—ang tanong ng General:—kung gayon ay iyan, matira, iyan!"
El Filibusterismo,31,ANG MATAAS NA KAWANI,23,"—Maipahintulot po sa akin ng inyong Karilagan—ang sabi ng mataas na kawani na nagkataong kaharap;—ngunit may nagsabi sa akin na ang binatang iyan ay nag-aaral sa Medicina, ang kaniyang mga guro’y mabuti ang sinasabing ukol sa kanya.... kung magpapatuloy sa pagkabilanggo ay masasayangan ng isang taon, at sa dahilang sa taong ito magtatapos...."
El Filibusterismo,31,ANG MATAAS NA KAWANI,24,"Ang pamamagitna ng mataas na kawani na ayon kay Basilio, sa lugal na makabuti dito, ay nakasama pa."
El Filibusterismo,31,ANG MATAAS NA KAWANI,25,"Malaon nang ang kawani at ang General ay nagkakabigatan, may samaan ng loob, na naragdagan ng mga salisalitaan."
El Filibusterismo,31,ANG MATAAS NA KAWANI,26,Ang General ay ngumiti at sumagot:
El Filibusterismo,31,ANG MATAAS NA KAWANI,27,—¿Siya nga ba?
El Filibusterismo,31,ANG MATAAS NA KAWANI,28,"Kung gayo’y lalo pa ngang dapat na magpatuloy sa pagkakabilanggo; isang taon pang pag-aaral, sa lugal na makasasama, ay makabubuti sa kaniya, sa kaniya at sa lahat ng mahuhulog pagkatapos sa kaniyang mga kamay."
El Filibusterismo,31,ANG MATAAS NA KAWANI,29,Dahil sa maraming pagsasanay ay hindi magiging masamang manggagamot ang isang tao.
El Filibusterismo,31,ANG MATAAS NA KAWANI,30,Isa pa ngang katwiran upang matira!
El Filibusterismo,31,ANG MATAAS NA KAWANI,31,At pagkatapos ay sasabihin ng mga mapagbagong pilibustero na hindi namin inaalagata ang bayan!
El Filibusterismo,31,ANG MATAAS NA KAWANI,32,—ang dagdag ng General na tumatawang paaglahi.
El Filibusterismo,31,ANG MATAAS NA KAWANI,33,Nakilala ng mataas na kawani ang kaniyang kamalian at pinangatawanan na ang usap ni Basilio.
El Filibusterismo,31,ANG MATAAS NA KAWANI,34,"—Datapwa’y sa ganang akin ay inaakala kong ang binatang iyan ay siyang lalong walang kakasakasalanan sa lahat,—ang tugon na may kaunting katakutan."
El Filibusterismo,31,ANG MATAAS NA KAWANI,35,"—Nahulihan siya ng mga aklat,—ang sagot ng kalihim."
El Filibusterismo,31,ANG MATAAS NA KAWANI,36,"—Oo, mga aklat sa panggagamot at mga pahayagang sinulat ng mga taga España.... na hindi pa nagugupit ang mga dahon.... at ¿ano ang ibig sabihin nito?"
El Filibusterismo,31,ANG MATAAS NA KAWANI,37,"At saka, ang binatang iyan ay wala sa piging na idinaos sa magpapansit, ni hindi nakihimasok sa anoman...."
El Filibusterismo,31,ANG MATAAS NA KAWANI,38,"Gaya ng sinabi ko, siya ang lalong walang kakasakasalanan...."
El Filibusterismo,31,ANG MATAAS NA KAWANI,39,—¡Lalo’t lalo pa ngang mabuti!
El Filibusterismo,31,ANG MATAAS NA KAWANI,40,"—ang masayang bulalas ng General;—sa gayong paraan, ang parusa, ay magiging lalong malunas at katangitangi sapagka’t makasisindak pang lalo!"
El Filibusterismo,31,ANG MATAAS NA KAWANI,41,"Mamahala ay ang umasal ng ganiyan, ginoo; madalas na kailangang ipailalim ang ikabubuti ng isa sa ikabubuti ng marami...."
El Filibusterismo,31,ANG MATAAS NA KAWANI,42,"Datapwa’y higit pa sa roon ang ginagawa ko: sa ikabubuti ng isa, kinukuha ko ang ikabubuti ng lahat, inaliligtas ko ang tibay ng kapangyarihan na napapanganib, ang karangalan ay naigagalang at tumatatag."
El Filibusterismo,31,ANG MATAAS NA KAWANI,43,Sa ginawa kong ito ay naaayos ko ang mga kamalian ng mga tagarito’t ng mga hindi tagarito!
El Filibusterismo,31,ANG MATAAS NA KAWANI,44,"Gumamit ng malaking lakas ang mataas na kawani upang makapagpigil, hindi pinuna ang mga parunggit, at nagtangkang humanap ng ibang paraan."
El Filibusterismo,31,ANG MATAAS NA KAWANI,45,—¿Ngunit hindi po ba ninyo kinatatakutan ang kapanagutan?
El Filibusterismo,31,ANG MATAAS NA KAWANI,46,—¿Ano ang ikatatakot ko?
El Filibusterismo,31,ANG MATAAS NA KAWANI,47,—ang pakling nayayamot ng General;—¿hindi ba mayroon akong kapangyarihang magagamit ng alinsunod sa sariling kapasiyahan?
El Filibusterismo,31,ANG MATAAS NA KAWANI,48,¿hindi ko ba magagawa ang maibigan sa ikabubuti ng pamamahala sa kapuluang ito?
El Filibusterismo,31,ANG MATAAS NA KAWANI,49,¿Ano ang ikatatakot ko?
El Filibusterismo,31,ANG MATAAS NA KAWANI,50,¿Maaari bagang ipagsakdal ako sa mga hukuman ng isang alila at ako’y hingan ng kapanagutan?
El Filibusterismo,31,ANG MATAAS NA KAWANI,51,¡Ba!
El Filibusterismo,31,ANG MATAAS NA KAWANI,52,"At kahi’t na mayroon siyang magagamit na kaparaanan ay dadaan muna sa Ministerio, at ang Ministro...."
El Filibusterismo,31,ANG MATAAS NA KAWANI,53,Ikinumpay ang kamay at nagtawa.
El Filibusterismo,31,ANG MATAAS NA KAWANI,54,"—Ang Ministrong naghalal sa akin, ay ang diablo lamang ang nakaaalam kung saan na naroroon, at aariin na niyang malaking karangalan ang ako’y kaniyang mabati sa aking pagbalik!"
El Filibusterismo,31,ANG MATAAS NA KAWANI,55,"Ang kasalukuyan, iyan ay pararaanin ko sa.... at dadalhin din iyan ng diablo...."
El Filibusterismo,31,ANG MATAAS NA KAWANI,56,Ang hahalili diyan ay malilito sa bago niyang tungkulin na hindi makukuhang pumuna ng mga mumunting bagay.
El Filibusterismo,31,ANG MATAAS NA KAWANI,57,"Ako, ginoo, wala akong anoman kundi ang budhi ko lamang, gumagawa ako ng alinsunod sa aking budhi, ang budhi ko ay nasisiyahan, at walang kakabukabuluhan sa akin ang haka ni ganoon o ni ganito."
El Filibusterismo,31,ANG MATAAS NA KAWANI,58,"Ang aking budhi, ginoo, ang aking budhi!"
El Filibusterismo,31,ANG MATAAS NA KAWANI,59,"—Opo, aking General, ngunit ang bayan...."
El Filibusterismo,31,ANG MATAAS NA KAWANI,60,"—Tu, tu, tu, tu!"
El Filibusterismo,31,ANG MATAAS NA KAWANI,61,"Ang bayan, ¿ano ang mayroon sa akin ng bayan?"
El Filibusterismo,31,ANG MATAAS NA KAWANI,62,¿Nagkaroon baga ako ng pakikipagkasunduan sa kaniya?
El Filibusterismo,31,ANG MATAAS NA KAWANI,63,¿Utang ko ba sa kaniya ang aking katungkulan?
El Filibusterismo,31,ANG MATAAS NA KAWANI,64,¿Siya ba ang naghalal sa akin?
El Filibusterismo,31,ANG MATAAS NA KAWANI,65,Nagkaroon ng munting pananahimik.
El Filibusterismo,31,ANG MATAAS NA KAWANI,66,Ang mataas na kawani’y nakatungo.
El Filibusterismo,31,ANG MATAAS NA KAWANI,67,"Pagkatapos, waring may tinangka nang gawin, ay tumingala, tinitigan ang General at, namumutlang nanginginig ng kaunti, ay nagsabing pigil ang katigasan:"
El Filibusterismo,31,ANG MATAAS NA KAWANI,68,"—¡Walang kailangan, aking General, walang kailangan iyan!"
El Filibusterismo,31,ANG MATAAS NA KAWANI,69,"Kayo’y hindi inihalal ng bayang pilipino kundi ng España, katwiran pa nga upang pagpakitaan ninyo ng mabuti ang mga pilipino upang walang maisisi sa España!"
El Filibusterismo,31,ANG MATAAS NA KAWANI,70,"Katwiran pa nga, aking General!"
El Filibusterismo,31,ANG MATAAS NA KAWANI,71,"Sa pagparito ninyo ay nangakong ilalagay sa katwiran ang pamamahala, hahanapin ang kabutihan...."
El Filibusterismo,31,ANG MATAAS NA KAWANI,72,—¿At hindi ko ba ginagawa?
El Filibusterismo,31,ANG MATAAS NA KAWANI,73,"—ang tanong na pabugnot ng General na humakbang,—¿hindi ko ba sinabi sa inyo na kinukuha ko sa ikabubuti ng isa ang ikabubuti ng lahat?"
El Filibusterismo,31,ANG MATAAS NA KAWANI,74,¿Tuturuan pa ba ninyo ako ngayon?
El Filibusterismo,31,ANG MATAAS NA KAWANI,75,Kung hindi ninyo maliwanagan ang aking mga gawa ¿ano ang kasalanan ko?
El Filibusterismo,31,ANG MATAAS NA KAWANI,76,¿Pinipilit ko ba kayong makihati sa aking kapanagutan?
El Filibusterismo,31,ANG MATAAS NA KAWANI,77,—Hindi nga!
El Filibusterismo,31,ANG MATAAS NA KAWANI,78,—ang pakli ng mataas na kawani na tumuwid ng may halong pagkamataas.
El Filibusterismo,31,ANG MATAAS NA KAWANI,79,"—Hindi ninyo ako pinipilit, hindi ninyo ako mapipilit na makihati sa inyong kapanagutan!"
El Filibusterismo,31,ANG MATAAS NA KAWANI,80,"Iba ang pagkakilala ko sa aking sariling kapanagutan, at sapagka’t ako’y mayroon din naman, ay magsasalita ako, yamang hindi ako umimik ng mahabang panahon."
El Filibusterismo,31,ANG MATAAS NA KAWANI,81,"¡Oh huwag iayos ng inyong karangalan ang mga ganiyang anyo, sapagka’t ang pagkaparito ko, na gayon o ganito ang katungkulan, ay hindi ang pagtakwil ko na sa aking mga karapatan ang ibig sabihin at manira na lamang ako sa pagiging alipin, na walang bibig ni karangalan!"
El Filibusterismo,31,ANG MATAAS NA KAWANI,82,"Hindi ko ibig na mawalay sa España ang magandang lupaing ito, iyang walong angaw na sakop na masunurin at mapagtiis na nabubuhay sa mga pag-asa at pagkakilala ng mga pagkakamali, ngunit hindi ko rin naman ibig na dungisan ang aking mga kamay sa ganid na pangangalakal sa kaniya; ayokong masabi kailan man, na matapos lumipas ang pagbibili ng tao, ay ipinatuloy ng lalo pang malusog ng España, na kinakanlungan ng kaniyang bandila, at lalo pang iniayos sa ilalim ng maraming magagarang kapasiyahan."
El Filibusterismo,31,ANG MATAAS NA KAWANI,83,"Hindi, upang ang España ay maging malaki ay hindi niya kailangan ang maging maniniil; sukat na ang España sa kaniyang sarili, lalo pang malaki ang España noong walang ari kundi ang sarili niyang lupain na naagaw sa kuko ng moro!"
El Filibusterismo,31,ANG MATAAS NA KAWANI,84,"Ako ma’y kastila rin, ngunit bago ang aking pagkakastila ay naroroon ang aking pagkatao at bago ang España at sa ibabaw ng España ay naroroon ang kaniyang karangalan, naroroon ang matataas na turo ng magandang aral, ang mga walang lipas na batayan ng di mababaling katwiran."
El Filibusterismo,31,ANG MATAAS NA KAWANI,85,¡Ah!
El Filibusterismo,31,ANG MATAAS NA KAWANI,86,"namamangha kayo na ako’y mag-isip ng gayon, sapagka’t hindi ninyo nauunawa ang kalakhan ng pangalang kastila, hindi ninyo kilala, hindi; ikinakapit ninyo sa mga tao, sa mga pag-aari; sa ganang inyo, ang kastila, ay mangyayaring maging mangdadambong, mangyayaring maging mamamatay, mapagbalatkayo, bulaan, lahat na, matanganan lamang ang kaniyang inaari; sa ganang akin, ang kastila, ay dapat na iwan ang lahat, ang sakop, ang kapangyarihan, ang kayamanan, ang lahat na, lahat bago ang karangalan!"
El Filibusterismo,31,ANG MATAAS NA KAWANI,87,"A, aking ginoo!"
El Filibusterismo,31,ANG MATAAS NA KAWANI,88,"Tayo’y tumututol kung nababasa nating ang lakas ay napapaibabaw sa katwiran, at pinapupurihan natin kung sa pag-gawa ay nakikita nating siya’y balatkayo na hindi lamang inililiko kundi ipinaiilalim sa inyong kapasiyahan upang kayo’y makapangyari...."
El Filibusterismo,31,ANG MATAAS NA KAWANI,89,"Sa dahilan ngang iniibig ko ang España, ay nagsasalita ako dito at hindi ko pinanganganiban ang pangungunot ng inyong noo!"
El Filibusterismo,31,ANG MATAAS NA KAWANI,90,"Ayokong sa mga darating na panahon ay masabing siya’y inainahan ng mga bansa, manghihitit ng mga bayan, maniniil ng maliliit na pulo, sapagka’t ang gayo’y kakilakilabot na lait sa mga mararangal na adhika ng ating mga unang hari!"
El Filibusterismo,31,ANG MATAAS NA KAWANI,91,¿Papano ang ginagawa nating pagtupad sa kanilang mga banal na habilin?
El Filibusterismo,31,ANG MATAAS NA KAWANI,92,"Pinangakuan nila ang mga pulong ito ng pag-aampon at matuwid, at pinaglalaruan natin ang mga buhay at kalayaan ng kaniyang mamamayan; pinangakuan nila ng kabihasnan, at pinagkakaitan natin, sa katakutang magnasa ng isang lalong marangal na kabuhayan; pinangakuan sila ng liwanag, at binubulag natin ang kanilang mga mata upang huwag makita ang ating mga kalaswaan; pinangakuang tuturuan sila ng mga kabaitan at pinaaayuan natin ang kanilang masasamang hilig at, sa lugal ng kapayapaan at ng katuwiran, ang naghahari ay ang pag-aalinlangan, ang kalakal ay namamatay at ang di pananalig ay lumalaganap sa taong bayan."
El Filibusterismo,31,ANG MATAAS NA KAWANI,93,Lumagay tayo sa lagay ng mga pilipino at itanong natin sa sarili kung ano ang ating gagawin kung tayo ang nasa gayong kalagayan!
El Filibusterismo,31,ANG MATAAS NA KAWANI,94,¡Ay!
El Filibusterismo,31,ANG MATAAS NA KAWANI,95,"sa inyong hindi pag-imik ay nababasa ko ang inyong karapatan sa panghihimagsik, at kung ang mga bagaybagay ay hindi bubuti ay mangaghihimagsik balang araw at ang katuwiran ay malalagay sa kanilang panig at kasama pa ang paglingap ng lahat ng taong may puri, ng lahat ng bayani sa sangsinukob!"
El Filibusterismo,31,ANG MATAAS NA KAWANI,96,"Kapag ipinagkakait sa isang bayan ang liwanag, ang tahanan, ang kalayaan, ang katwiran, mga biyayang kung wala ay hindi maaring mabuhay at dahil nga doo’y sila ang taglayin ng tao, ang bayang iyan ay may karapatang ariin, ang sa kaniya’y nag-aalis ng mga gayon, na waring isang magnanakaw na humaharang sa atin sa daan: walang kabuluhan ang pagtatangi, wala kundi iisang pangyayari, isang pag-aari, isang pagtatangka, at ang sino mang taong may kapurihan na hindi kumampi sa hinalay, ay nakikitulong at dinudungisan ang sariling budhi."
El Filibusterismo,31,ANG MATAAS NA KAWANI,97,"Oo, hindi ako militar, at pinapatay ng kagulangan ang kaunting sulak ng aking dugo; ngunit gaya rin naman ng pangyayari na ipagugutay ko ang aking katawan sa pagtatanggol sa katibayan ng España na laban sa isang mananalakay na taga ibang lupa o laban sa mga walang katwirang paggalaw ng kaniyang mga lalawigan, gayon din namang pinatutunayan ko sa inyo na makikipiling ako sa mga pilipinong sinisiil, sapagka’t nasa ko pa ang mamatay nang dahil sa mga niyuyurakang karapatan, ng sangkatauhan, kay sa magtagumpay sa piling ng mga hangaring ikagagaling ng isang bansa, kahi’t na ang bansang ito’y may pangalang kagaya ng pangalan ng España!"
El Filibusterismo,31,ANG MATAAS NA KAWANI,98,—¿Alam baga ninyo kung kailan aalis ang correo?
El Filibusterismo,31,ANG MATAAS NA KAWANI,99,—ang malamig na tanong ng General ng matapos nang makapagsalita ang mataas na kawani.
El Filibusterismo,31,ANG MATAAS NA KAWANI,100,"Tinitigan siyang mabuti ng mataas na kawani, pagkatapos ay ibinaba ang ulo at iniwang walang imik ang palasyo."
El Filibusterismo,31,ANG MATAAS NA KAWANI,101,Sa halamanan natagpuan ang kaniyang sasakyang nag-aantay sa kaniya.
El Filibusterismo,31,ANG MATAAS NA KAWANI,102,"—Kapag balang araw ay nakapagsarili na kayo,—ang sabing natutubigan sa indiong lacayo na nagbukas ng pintuan ng sasakyan,—ay alalahanin ninyo na sa España ay hindi nagkulang ng mga pusong tumibok ng dahil sa inyo at nakitunggali ng dahil sa inyong mga karapatan!"
El Filibusterismo,31,ANG MATAAS NA KAWANI,103,—¿Saan po?
El Filibusterismo,31,ANG MATAAS NA KAWANI,104,—ang sagot ng lacayo na hindi siya napakinggang mabuti at itinatanong kung saan sila paparoon.
El Filibusterismo,31,ANG MATAAS NA KAWANI,105,"Makaraan ang dalawang oras, ay iniharap ng mataas na kawani ang kaniyang pagbibitiw sa katungkulan at ipinababatid ang kaniyang pagbalik sa España sa unang korreong aalis."
El Filibusterismo,32,MGA IBINUNGA NG MGA PASKIN,1,"Dahil sa mga pangyayaring isinaysay, maraming ina ang tumawag sa kanilang mga anak na lalaki upang iwan kaagad agad ang pag-aaral at atupagin na lamang ang pagbubulagbul o ang pagtatanim."
El Filibusterismo,32,MGA IBINUNGA NG MGA PASKIN,2,"Nang dumating ang mga paglilitis, ay marami ang mga hindi nakaraan at bihira ang nangakalampas sa taon ng kanilang pag-aaral sa mga naging kasapi sa nabantog na kapisanan na hindi na muli pang nabangit ng kahi’t sino."
El Filibusterismo,32,MGA IBINUNGA NG MGA PASKIN,3,"Si Pecson, si Tadeo at si Juanito Pelaez ay pawa ring nangapigil; tinanggap ng una ang mga kalabasa na taglay ang kaniyang tawang hangal at nangakong papasok na opisial sa alin mang hukuman; si Tadeo, na natagpuan din ang walang katapusang cuacha, ay nagdaos ng isang pag-iilaw na ang ginagawa’y sinigan ang kaniyang mga aklat; ang iba’y hindi rin nangakaligtas na mabuti, kaya’t nangapilitang iwan ang kanilang mga pag-aaral, sa gitna ng kasiyahang loob ng mga ina, na kailan pa ma’y nangakakinikinitang ang kanilang mga anak ay bitay pag nangakaalam ng sinasabi ng mga aklat."
El Filibusterismo,32,MGA IBINUNGA NG MGA PASKIN,4,"Si Juanito Pelaez lamang ang tanging hindi nasiyahang loob sa bayong iyon ng kapalaran, na iniwan na ang paaralan dahil sa tindahan ng kaniyang ama, na mula noo’y isinama na siya sa kalakal: ang tindahan ay hindi nagiliwan ng alisaga, ngunit nang makaraan ang kaunting panahon ay nakita siyang muli ng kaniyang mga kaibigan na bilog ang kakubaan, bagay na nagpapakilalang bumabalik ang kaniyang masayang ugali."
El Filibusterismo,32,MGA IBINUNGA NG MGA PASKIN,5,"Sa harap ng gayong pagkadiwara, ang mayamang si Makaraig ay nagingat na mabuti upang huwag siyang mapanganib at nang makakuha ng pasaporte sa tulong ng lakas ng salapi ay matuling sumakay na tungo sa Europa: nabalitang ang marilag na Capitan General, sa kaniyang hangad na gumawa ng kabutihan nang alang-alang sa kabutihan at sa pagiingat sa ikaluluwag ng mga pilipino, ay binigyang salabid ang pag-alis ng sinomang hindi makapagpakilalang tunay na tunay na mangyayaring makapaggugol at makapamumuhay ng maluwag sa mga siyudad sa Europa."
El Filibusterismo,32,MGA IBINUNGA NG MGA PASKIN,6,"Sa ating mga kilala, ang mga nakalusot na mabutibuti ng kaunti ay si Isagani at si Sandoval: ang una ay nakalampas sa asignatura na pinag-aaralan sa ilalim ng pagtuturo ni P. Fernandez at napigil sa iba, at ang pangalawa’y nagawang mahilo ang mga lumilitis sa tulong ng mga talumpati."
El Filibusterismo,32,MGA IBINUNGA NG MGA PASKIN,7,"Si Basilio ang tanging hindi nakalampas sa mga asignatura, ni hindi napigil, ni hindi nakapatungo sa Europa: nagpatuloy siya sa pagkakakulong sa Bilibid, na sa bawa’t ikatlong araw ay isinasailalim siya ng isang pagtatanong, yaon ding kagaya nang sa simula’t simula pa, na walang ibang kabaguhan kungdi ang pagpapalit ng mga “instructor”, sapagka’t waring sa harap ng gayong kalaking pagkakasala ay napipipilang lahat o nangagsisitakas na nangingilabot."
El Filibusterismo,32,MGA IBINUNGA NG MGA PASKIN,8,"At samantalang nangakakatulog at nauusad ang mga kasulatan, samantalang ang mga papel sellado ay dumadami na wari mga tapal ng mga mangmang na manggagamot sa katawan ng isang may sakit na pagkalungkot, si Basilio ay tumatanggap naman ng balita ng buong nangyari sa Tiani, ang pagkamatay ni Huli at pagkawala ni tandang Selo."
El Filibusterismo,32,MGA IBINUNGA NG MGA PASKIN,9,"Si Sinong, ang kotserong nabugbog na naghatid sa kaniya sa S. Diego, ay nasa sa Maynila noon, dumadalaw sa kaniya at sinasabi sa kaniya ang lahat ng pangyayari."
El Filibusterismo,32,MGA IBINUNGA NG MGA PASKIN,10,"Samantala nama’y gumaling na si Simoun, gayon ang sabi ng mga pahayagan, si Ben-Zayb ay nagpasalamat sa “Nakapangyayari sa lahat na nag-ingat sa gayong mahalagang buhay” at ipinahayag ang pag-asa na gagawin ng Lumikha na makilala sa balang araw ang nagkasalang ang kagagawan ay hindi pa napaparusahan dahil sa kaawaan ng nilapastangan, na lubos na nagpapalakad noong mga wika ng Dakilang Pinagpala na: Ama, patawarin mo sila, at hindi nalalaman ang ginagawa!"
El Filibusterismo,32,MGA IBINUNGA NG MGA PASKIN,11,"Ito at iba pang bagay ang sinasabi sa limbag ni Ben-Zayb, samantalang sa salita’y inuusisa kung tunay ang alingawngaw na ang mayamang mag-aalahas ay magdaraos ng isang malaking pista, isang piging na hindi pa nakikita magpakailan man, sa isang dako’y bilang pasasalamat sa kaniyang paggaling at sa isa’y bilang pagpapaalam sa bayang nagdagdag sa kaniyang kayamanan."
El Filibusterismo,32,MGA IBINUNGA NG MGA PASKIN,12,"Nababalita, at siyang totoo, na si Simoun ay nagsusumakit, dahil sa ang Kapitang General ay dapat nang umalis sapagka’t matatapos sa buwan ng Mayo ang pagganap sa katungkulan, upang malakad sa Madrid ang isang palugit pa at inuudyukan ang General na gumawa ng isang pagsalakay upang magkaroon ng kadahilanan ang di pag-alis, ngunit nababalita rin naman na noon lamang hindi diningig ng General ang payo ng kaniyang itinatangi, at inaaring bagay na kapit sa karangalan niya ang huwag binbinin ng isang araw man lamang sa kaniyang kamay ang kapangyarihang ipinagkaloob sa kaniya, alingawngaw itong nakapagpapaniwala na ang nababalitang pista ay gagawin sa loob ng madaling panahon."
El Filibusterismo,32,MGA IBINUNGA NG MGA PASKIN,13,"Sa isang dako naman, si Simoun, ay hindi mapakimatyagan; lalo pang naging matahimik, bibihirang pakita, at bumibigkas ng ngiting mahiwaga kapag kinakausap siya ng ukol sa sinasabing pista."
El Filibusterismo,32,MGA IBINUNGA NG MGA PASKIN,14,"—Ano, ginoong Simbad—ang sabi sa kaniyang minsan ni Ben-Zayb;—silawin ninyo kaming minsan sa isang bagay na ayos yankee!"
El Filibusterismo,32,MGA IBINUNGA NG MGA PASKIN,15,Isang pinakaganti sa bayang ito.
El Filibusterismo,32,MGA IBINUNGA NG MGA PASKIN,16,—Mangyari nga ba!
El Filibusterismo,32,MGA IBINUNGA NG MGA PASKIN,17,—ang sagot sa pamagitan ng kaniyang ngiting matigas.
El Filibusterismo,32,MGA IBINUNGA NG MGA PASKIN,18,"—Ihahagis ninyo marahil ang bahay sa bintana, ano?"
El Filibusterismo,32,MGA IBINUNGA NG MGA PASKIN,19,"—Marahil, ngunit sa dahilang wala akong bahay...."
El Filibusterismo,32,MGA IBINUNGA NG MGA PASKIN,20,"—Binili sana ninyo ang kay kapitang Tiago, na murang murang nakuha ni ginoong Pelaez!"
El Filibusterismo,32,MGA IBINUNGA NG MGA PASKIN,21,"Si Simoun ay hindi umimik at mula na noon ay bihira na siyang nakita sa tindahan ni D. Timoteo Pelaez, na nabalitang nakipagkasama sa kaniya."
El Filibusterismo,32,MGA IBINUNGA NG MGA PASKIN,22,"Makaraan ang ilang linggo, ng buwan ng Abril, ay kumalat ang sabisabihan na si Juanito Pelaez, ang anak ni D. Timoteo, ay mag-aasawa kay Paulita Gomez, ang dalagang ninanasa ng mga taga rito’t ng mga dayuhan."
El Filibusterismo,32,MGA IBINUNGA NG MGA PASKIN,23,—May mga taong mapapalad!
El Filibusterismo,32,MGA IBINUNGA NG MGA PASKIN,24,"—anang mga naiinggit na mangangalakal;—makabili ng bahay na murang-mura, magbili ng kaniyang tindang zinc, makisama kay Simoun at maipakasal ang kaniyang anak sa isang mayamang binibini, ang wikain ninyo’y mga kakanin iyang hindi natitikman ng lahat ng mga taong may puri."
El Filibusterismo,32,MGA IBINUNGA NG MGA PASKIN,25,—Kung nalalaman lamang ninyo kung sa anong paraan natamo ni G. Pelaez ang kakaning iyan!
El Filibusterismo,32,MGA IBINUNGA NG MGA PASKIN,26,At sa tunog ng tingig ay ipinahihiwatig ang sarili niya.
El Filibusterismo,32,MGA IBINUNGA NG MGA PASKIN,27,"—At mapatitibayan ko rin sa inyo na magkakaroon ng pista at malaki,—ang dugtong na may hiwaga."
El Filibusterismo,32,MGA IBINUNGA NG MGA PASKIN,28,Tunay nga na si Paulita ay mag-aasawa kay Juanito Pelaez.
El Filibusterismo,32,MGA IBINUNGA NG MGA PASKIN,29,"Ang kaniyang pag-ibig kay Isagani ay napawi na gaya ng alin mang mga unang pag-ibig, na nananangan sa magagandang pangarap, sa damdamin."
El Filibusterismo,32,MGA IBINUNGA NG MGA PASKIN,30,Ang mga pangyayaring dahil sa mga paskin at ang pagkakabilanggo ay nag-alis sa binata ng lahat ng taglay na pang-akit.
El Filibusterismo,32,MGA IBINUNGA NG MGA PASKIN,31,"¿Kangino baga mangyayari ang hanapin ang kasawian, nasain ang makiisa sa kapalaran ng kaniyang mga kasama, humarap na kusa, gayong ang lahat ay nagtatago at umiiwas sa lahat ng kapanagutan?"
El Filibusterismo,32,MGA IBINUNGA NG MGA PASKIN,32,"Iyon ay isang kabangawan, isang kaululan, na hindi maipatatawad sa kaniya ng sino mang taong matino sa Maynila at may lubos ngang katwiran si Juanito Pelaez sa pagkutya sa kaniya, na ginagayahan ang sandaling pagtungo niya sa Gobierno Civil."
El Filibusterismo,32,MGA IBINUNGA NG MGA PASKIN,33,"Gaya ng maaantay, ang maningning na si Paulita ay hindi na mangyayaring umibig sa isang binatang lubhang maling mali sa pagkaunawa sa kalipunan at sinisisi ng lahat."
El Filibusterismo,32,MGA IBINUNGA NG MGA PASKIN,34,Si Paulita ay nagsimula na ng pagkukuro kuro.
El Filibusterismo,32,MGA IBINUNGA NG MGA PASKIN,35,"Si Juanito ay matalas, maliksi, masaya, malikot, anak ng isang mayamang mangangalakal sa Maynila, at may dugong kastila pa, at kung paniniwalaan si D. Timoteo, ay tunay na tunay na dugong kastila; samantalang si Isagani ay indiong taga lalawigan na nangangarap sa kaniyang mga kagubatan na puno ng linta, ang kaanak ay malabo, may isang amaing klerigo na marahil ay kalaban ng pagmamagara at ng mga sayawan, na kaniyang kinalulugdan."
El Filibusterismo,32,MGA IBINUNGA NG MGA PASKIN,36,Isang maganda ngang umaga ay napaghulohulo niya na malaking kahangalan ang nagawa niyang napili pa si Isagani kay sa kaniyang kaagaw at mula na noon ay napuna ang pagdaragdag ng kakubaan ni Pelaez.
El Filibusterismo,32,MGA IBINUNGA NG MGA PASKIN,37,"Ang batas na natuklas ni Darwin ay ginaganap ni Paulita ng walang kamalaymalay, ngunit buongbuo; ang babai’y napaaari sa lalaking lalong may kasanayan, sa marunong makibagay sa kalagayang kinabubuhayan, at upang mamuhay sa Maynila ay walang makapapantay kay Pelaez, na sapol pagkabata ay nakatatalos na ng gawang palikawlikaw."
El Filibusterismo,32,MGA IBINUNGA NG MGA PASKIN,38,"Ang kurisma ay nakaraang kasama ang kaniyang mahal na araw, kasama ang kaakbay niyang mga prusisyon at mga ceremonias, na walang ibang kabaguhang nangyari kundi isang mahiwagang pagkakagulo ng mga artillero, na ang sanhi ay hindi sumapit na makalat."
El Filibusterismo,32,MGA IBINUNGA NG MGA PASKIN,39,"Iginiba na ang mga bahay na pawid, sa tulong ng isang pulutong na “caballeria” upang dumumog sa mga may ari, sakaling mangagsilaban: nagkaroon ng maraming iyakan at maraming paghihinagpis, ngunit hindi na naman lumalo pa roon."
El Filibusterismo,32,MGA IBINUNGA NG MGA PASKIN,40,"Ang mga mapag-usisa, na isa na sa kanila’y si Simoun, ay nangagsiparoong lalakadlakad na di pinahahalagahan ang nangyayari, na pinanonood ang mga nawalan ng tahanan at anila sa sarili’y makatutulog na nang payapa."
El Filibusterismo,32,MGA IBINUNGA NG MGA PASKIN,41,"Nang magtatapos ang Abril, nang nalimot na ang lahat ng pangamba, ay walang pinaghuhunhunan sa Maynila kundi iisang bagay."
El Filibusterismo,32,MGA IBINUNGA NG MGA PASKIN,42,"Ang pistang gagawin ni D. Timoteo Pelaez, dahil sa pag-aasawa ng kaniyang anak na ang humandog na mag-aanak, malugod at mapagbigay loob, ay ang General."
El Filibusterismo,32,MGA IBINUNGA NG MGA PASKIN,43,Sinasabing si Simoun ang may kagagawan noon.
El Filibusterismo,32,MGA IBINUNGA NG MGA PASKIN,44,Ang kasal ay idadaos nang dalawang araw muna bago umalis ang General; papupurihan nitong dumalo sa bahay at maghahandog sa novio.
El Filibusterismo,32,MGA IBINUNGA NG MGA PASKIN,45,"Kumakalat ang alingawngaw na ang mag-aalahas ay magpapabaha ng brillante, magtatapon ng dakotdakot na perlas, alang-alang sa anak ng kaniyang kasama, at sa dahilang hindi siya makapagpista dahil sa wala siyang bahay na sarili at dahil sa siya’y matandang bagong-tao, ay sasamantalahin ang pagkakataon upang biglain ang bayang pilipino ng isang daramdaming pagpapaalam."
El Filibusterismo,32,MGA IBINUNGA NG MGA PASKIN,46,Ang buong Maynila ay humahanda nang mapapaanyayahan: Kailan ma’y hindi pumasok ang pagkagulumihanan sa mga budhi ng gayon kabagsik na gaya ng hinalang baka di maanyayahan.
El Filibusterismo,32,MGA IBINUNGA NG MGA PASKIN,47,"Nangag-uunahan sa pakikipag-ibigang mabuti kay Simoun, at maraming lalaki, ang sa pilit ng kanilang mga asawa, ang bumili ng mga tanak at mga zinc upang maging kaibigan ni D. Timoteo Pelaez."
El Filibusterismo,33,ANG HULING MATUWID,1,Sumapit din ang araw.
El Filibusterismo,33,ANG HULING MATUWID,2,"Si Simoun, magmula sa umaga, ay hindi umalis sa kaniyang bahay, dahil sa pag-aayos ng kaniyang mga sandata at mga hiyas."
El Filibusterismo,33,ANG HULING MATUWID,3,"Ang kaniyang malaking kayamanan, ay nasa sa loob na ng malaking takbang patalim na may sapot na lona."
El Filibusterismo,33,ANG HULING MATUWID,4,"Kakaunting sisidlan na lamang na may mga galang at mga panusok ang nalalabi, marahil ay mga panghandog na kaniyang ipamimigay."
El Filibusterismo,33,ANG HULING MATUWID,5,"Aalis na nga siyang kasama ng Capitan General, na ayaw na ayaw palawigin ang panghahawak sa katungkulan, dahil sa pangingilag sa sasabihin ng tao."
El Filibusterismo,33,ANG HULING MATUWID,6,"Ibinubulong ng mga malabiga na si Simoun ay ayaw mangahas na maiwang mag-isa, na, kung mawalan ng pinanananganan, ay ayaw na mapaghigantihan ng maraming pinagtubuan at mga nasawi, at ang lalo pa manding malaking sanhi ay ang pangyayaring ang General na darating, ay kilala sa pagka may matuwid na hilig, at marahil-dahil ay ipasauli sa kaniya ang lahat ng kinita."
El Filibusterismo,33,ANG HULING MATUWID,7,Sa isang dako naman ay sinasapantaha ng mga mapamahiing indio na si Simoun ay isang diablo na ayaw malayo sa kaniyang huli.
El Filibusterismo,33,ANG HULING MATUWID,8,Ang mga mapaghaka ng masama ay kumikindat ng may pakahulugan at nagsasabing:
El Filibusterismo,33,ANG HULING MATUWID,9,—Kung pudpod na ang parang ay lilipat na sa ibang dako ang balang.
El Filibusterismo,33,ANG HULING MATUWID,10,"Ang ilan lamang, kakaunti, ang nangagsisingiti’t hindi umiimik."
El Filibusterismo,33,ANG HULING MATUWID,11,"Nang kinahapunan ay iniutos ni Simoun sa kaniyang alila na kung darating ang isang binatang nagngangalang Basilio, ay papasuking agad."
El Filibusterismo,33,ANG HULING MATUWID,12,Pagkatapos ay nagkulong sa kaniyang silid at waring nasadlak sa isang malalim na pagkukurokuro.
El Filibusterismo,33,ANG HULING MATUWID,13,"Mula’t sapul noong magkasakit, ang mukha ng mag-aalahas ay lalo pa manding tumigas at lalong pumanglaw, lumalim na mabuti ang guhit niya sa pag-itan ng dalawang kilay."
El Filibusterismo,33,ANG HULING MATUWID,14,"Waring nahukot ng kaunti; ang ulo’y hindi na tayongtayo, nayuyuko."
El Filibusterismo,33,ANG HULING MATUWID,15,Lubhang nalululong sa kaniyang pag-iisip na hindi tuloy nadingig na may tumatawag sa pintuan.
El Filibusterismo,33,ANG HULING MATUWID,16,Kinailangang ulitin ang katog.
El Filibusterismo,33,ANG HULING MATUWID,17,Si Simoun ay nangilabot:
El Filibusterismo,33,ANG HULING MATUWID,18,—¡Tuloy!
El Filibusterismo,33,ANG HULING MATUWID,19,—aniya.
El Filibusterismo,33,ANG HULING MATUWID,20,"Ang dumating ay si Basilio, ngunit quantum mutatus!"
El Filibusterismo,33,ANG HULING MATUWID,21,"Kung ang pagkakabago ng anyo ni Simoun sa loob ng dalawang buwan ay malaki, ang sa binata’y kakilakilabot."
El Filibusterismo,33,ANG HULING MATUWID,22,"Ang kaniyang mga pisngi’y hukay, walang ayos ang bihis, gusot ang buhok."
El Filibusterismo,33,ANG HULING MATUWID,23,Nawala ang matamis na kalamlaman sa kaniyang mga paningin at ang nagniningning ay ang madilim na lagablab; masasabing siya’y namatay at ang kaniyang bangkay ay muling nabuhay sa pagkasindak sa mga bagay na nakita sa kabilang buhay.
El Filibusterismo,33,ANG HULING MATUWID,24,"Kundi man ang gawang linsil, ay ang kakilakilabot na anino noon ang nakakalat sa boo niyang tikas."
El Filibusterismo,33,ANG HULING MATUWID,25,Si Simoun na ay nagulat pa at nagdamdam habag sa sawing palad na iyon.
El Filibusterismo,33,ANG HULING MATUWID,26,"Si Basilio ay lumapit na dahandahan, na hindi na bumati, at nagwikang ang tingig ay nakapagpakilabot sa mag-aalahas, na:"
El Filibusterismo,33,ANG HULING MATUWID,27,"—Ginoong Simoun, ako’y naging masamang anak at masamang kapatid; linimot ko ang pagkakapatay sa huli at ang pagpapahirap sa una, at pinarusahan ako ng Dios!"
El Filibusterismo,33,ANG HULING MATUWID,28,"Ngayo’y wala na ako kungdi isang nasa upang gantihin ng sama ang sama, ng linsil ang linsil, ng dagok ang dagok."
El Filibusterismo,33,ANG HULING MATUWID,29,Tahimik siyang pinakikinggan ni Simoun.
El Filibusterismo,33,ANG HULING MATUWID,30,"—May apat na buwan na,—ang dugtong ni Basilio—na kinausap ninyo ako nang ukol sa inyong mga balak; tumanggi akong makilahok, at masama ang nagawa ko; may katwiran kayo."
El Filibusterismo,33,ANG HULING MATUWID,31,"May tatlong buwan na at kalahating kamuntik nang bumuga ang panghihimagsik; hindi ko rin inibig ang makilahok, at ang galawan ay nabako."
El Filibusterismo,33,ANG HULING MATUWID,32,Ang kapalit ng aking inasal ay ang mabilanggo at utang ko sa inyong pagsusumakit ang aking paglaya.
El Filibusterismo,33,ANG HULING MATUWID,33,"May katwiran kayo, at naparito ako ngayon upang sabihin sa inyo, na: bigyan ng sandata ang aking kamay at bumuga na ang himagsikan!"
El Filibusterismo,33,ANG HULING MATUWID,34,Laan akong paglinkuran kayong kasama ang tanang sawi!
El Filibusterismo,33,ANG HULING MATUWID,35,"Ang ulap na nagpapadilim sa noo ni Simoun ay biglang napawi, isang sinag ng pagtatagumpay ang kuminang sa kaniyang paningin, at waring natagpuan ang hinahanap, ay bumulalas nang:"
El Filibusterismo,33,ANG HULING MATUWID,36,"—¡May katwiran ako, oo, may katwiran ako!"
El Filibusterismo,33,ANG HULING MATUWID,37,"ang karapatan ay taglay ko, ang matuwid ay nasa sa aking piling, sapagka’t ang itinatanggol ko’y ang mga sawi...."
El Filibusterismo,33,ANG HULING MATUWID,38,"¡Salamat, binata, salamat!"
El Filibusterismo,33,ANG HULING MATUWID,39,"Dumating kayo upang pawiin ang aking mga pagaalinlangan, upang bakahin ang aking pag-uurongsulong...."
El Filibusterismo,33,ANG HULING MATUWID,40,"Si Simoun ay tumindig at ang kaniyang mukha’y galak na galak: ang silakbong nag-uudyok sa kaniya nang, may apat na buwan na, ipinahahayag kay Basilio ang kaniyang mga balak sa gubat ng kaniyang mga ninuno, ay muling namakas sa kaniyang mukha na wari’y isang mapulang pagtatakipsilim, matapos ang isang maghapong malamlam."
El Filibusterismo,33,ANG HULING MATUWID,41,"—Oo,—ang patuloy,—ang kilusan ay nabako at marami ang lumayo sa akin sapagka’t nakita akong lupaypay na uurongsulong nang sandaling kikilos na: may itinago pa ako sa aking puso, hindi ko supil ang lahat ng aking damdamin at umiibig pa ako noon!...."
El Filibusterismo,33,ANG HULING MATUWID,42,"Patay na ang lahat sa akin, at wala ng bangkay na dapat kong igalang ang kaniyang paghimlay!"
El Filibusterismo,33,ANG HULING MATUWID,43,"Hindi na magkakaroon ng pag-uurongsulong; kayong kayo na, binatang huwaran, kalapating walang apdo, ay nakakakilala ng pangangailangan, pumarito sa akin at inuudyukan ako sa pagkilos!"
El Filibusterismo,33,ANG HULING MATUWID,44,May kagabihan na nang buksan ninyo ang inyong mga mata!
El Filibusterismo,33,ANG HULING MATUWID,45,"Tayong dalawa sana’y nakapagbalangkas at nakagawa ng mga kahangahangang balak: ako’y sa itaas, sa mataas na lipunan, magsasabog ako ng kamatayan sa gitna ng mga bango at ginto, gawing asal hayop ang may masasamang hilig, at pasamain o huwag pakilusin ang ilang mabuti, at kayo naman ay sa dakong ibaba, sa bayan, sa gitna ng kabinataan, na gisingin ang buhay sa gitna ng dugo at mga luha!"
El Filibusterismo,33,ANG HULING MATUWID,46,"Ang ating gawa, sa lugal na maging madugo at ganid, ay naging kahabagan sana, ayos, anyong anyo, at ang tagumpay sana ay siyang naging dulo ng ating pagsusumikap!"
El Filibusterismo,33,ANG HULING MATUWID,47,"Ngunit walang katalinuhang tumulong sa akin; takot at kahinaang loob ang natagpuan ko sa mga may kabihasnan, pagkamapagsarili sa mayayaman, pagkamapaniwala sa kabataan, at sa mga bundok lamang, sa mga kaparangan, sa mga may mahihirap na kabuhayan lamang natagpuan ko ang aking mga tao!"
El Filibusterismo,33,ANG HULING MATUWID,48,Datapwa’y walang kailangan!
El Filibusterismo,33,ANG HULING MATUWID,49,"kung hindi tayo makatapos ng isang ayos na larawan, na makinis ang lahat ng kaniyang anyo, sa batong magaspang na ating tatapyasin, ay ang mga susunod na ang siyang magsisiganap."
El Filibusterismo,33,ANG HULING MATUWID,50,"At pinigilan sa bisig si Basilio, na nakikingig nang hindi nawawatasan ang kaniyang sinasabi, at dinala siya sa gawaan na pinagtataguan ng kaniyang mga yaring ukol sa kimika."
El Filibusterismo,33,ANG HULING MATUWID,51,"Sa ibabaw ng isang mesa ay may isang kahang maitim na chagrin, na nahahawig sa mga pinagsisidlan ng mga kasangkapang pilak na inihahandog sa kapwa ng mga mayayaman at mga hari."
El Filibusterismo,33,ANG HULING MATUWID,52,"Binuksan ni Simoun at inilantad, sa ibabaw ng rasong pula, ang isang lampara na katangitangi ang ayos."
El Filibusterismo,33,ANG HULING MATUWID,53,"Ang sisidlan ay anyong isang granada, kasinglaki ng ulo ng tao, may kaunting bitak, na kinakakikitaan ng mga butil sa loob, na ginayahan ng malalaking cornalina."
El Filibusterismo,33,ANG HULING MATUWID,54,Ang balat ay gintong nangitim at kuhang kuha sampu ang mga kilabot ng bungang kahoy.
El Filibusterismo,33,ANG HULING MATUWID,55,"Dahandahang kinuha ni Simoun, at matapos na maalis ang ilawan, ay inilantad ang loob ng sisidlan: ang bao ay patalim, na ang kapal ay mga dalawang dali, at maaaring maglaman ng higit sa dalawang litro."
El Filibusterismo,33,ANG HULING MATUWID,56,Tinatanong siya sa tingin ni Basilio: walang mawawaan sa bagay na iyon.
El Filibusterismo,33,ANG HULING MATUWID,57,Hindi na nagsalisalita ay maingat na kinuha sa isang tinggalan ang isang prasko at ipinakita sa binata ang nasusulat sa ibabaw.
El Filibusterismo,33,ANG HULING MATUWID,58,—¡Nitro-glicerina!
El Filibusterismo,33,ANG HULING MATUWID,59,—ang bulong ni Basilio na napaurong at inilayong bigla ang kamay.
El Filibusterismo,33,ANG HULING MATUWID,60,—¡Nitro-glicerina!
El Filibusterismo,33,ANG HULING MATUWID,61,Dinamita!
El Filibusterismo,33,ANG HULING MATUWID,62,At nang maunawa na mandin ay nangalisag ang kaniyang mga buhok.
El Filibusterismo,33,ANG HULING MATUWID,63,"—Oo, nitro-glicerina!"
El Filibusterismo,33,ANG HULING MATUWID,64,—ang dahandahang ulit ni Simoun na taglay ang kaniyang malamlam na ngiti at malugod na tinitingnan ang prasko;—ito’y higit pa kay sa nitro-glicerina!
El Filibusterismo,33,ANG HULING MATUWID,65,"Ito’y mga luhang naipon, mga pagtatanim na tinimpi, mga kagagawang wala sa katwiran, at mga pag-api!"
El Filibusterismo,33,ANG HULING MATUWID,66,"Ito ang dakilang katwiran ng mahina, lakas laban sa lakas, bayong laban sa bayo...."
El Filibusterismo,33,ANG HULING MATUWID,67,"Di pa nalalaong ako’y nag-aalinlangan, ngunit kayo’y dumating at ako’y napapanibulos!"
El Filibusterismo,33,ANG HULING MATUWID,68,"Sa gabing ito’y mangagsisiilandang ang mga lalong mapanganib na maniniil, ang mga maniniil na walang muwang, ang mga nagkakanlong sa likod ng Dios at ng Pamahalaan, na ang kanilang mga pamamaslang ay hindi napaparusahan sapagka’t walang makausig sa kanila!"
El Filibusterismo,33,ANG HULING MATUWID,69,Sa gabing ito madidingig ng Pilipinas ang putok na dudurog sa walang wastong monumento na pinadali ko ang pagkabulok!
El Filibusterismo,33,ANG HULING MATUWID,70,"Si Basilio ay uulig-ulig: ang kaniyang mga labi’y gumagalaw nang walang mapalabas na tunog, nararamdaman niyang hindi maikilos ang kaniyang dila, nanunuyo ang kaniyang ngalangala."
El Filibusterismo,33,ANG HULING MATUWID,71,"Noon lamang niya nakita ang marahas na tubig na napagdidingig niyang sinasabi, na wari’y tinigis sa dilim ng mga mapapanglaw na tao, na lantad na kalaban ng kalipunan."
El Filibusterismo,33,ANG HULING MATUWID,72,"Ngayo’y nasa sa harap niya, malinaw at naninilawnilaw, na ibinubuhos ng buong pag-iingat sa loob ng mapanutong granada."
El Filibusterismo,33,ANG HULING MATUWID,73,"Sa ganang malas niya, waring si Simoun ay yaong genio sa Sanglibo’t isang gabi na lumalabas sa gitna ng dagat: nag-aanyong malakingmalaki, ang ulo’y abot sa langit, pinasabog ang bahay at niyanig ang buong siyudad sa isang galaw ng kaniyang likod."
El Filibusterismo,33,ANG HULING MATUWID,74,"Ang granada ay nag-aanyong isang malaking esfera, at ang bitak ay isang kakilakilabot na ngisi, na nilalabasan ng apoy at lagablab."
El Filibusterismo,33,ANG HULING MATUWID,75,Noon lamang napadala si Basilio sa katakutan at nawalang lubos ang kaniyang kalamigang loob.
El Filibusterismo,33,ANG HULING MATUWID,76,"Samantala nama’y itinotornilyo ni Simoun ang isang katangitangi at pasalisalimuot na kasangkapan, inilagay ang tubong bubog, ang bomba, at ang lahat ng iyon ay pinutungan ng isang magarang pantalya."
El Filibusterismo,33,ANG HULING MATUWID,77,"Pagkatapos ay lumayo nang kaunti upang tanawin ang anyo, pinakilingkiling ang ulo sa magkabikabilang tagiliran upang lalong mataya ang ayos at kainaman."
El Filibusterismo,33,ANG HULING MATUWID,78,"At nang makitang tinititigan siya ni Basilio ng tinging nagtatanong at nanganganib, ay nagsabing:"
El Filibusterismo,33,ANG HULING MATUWID,79,—Mamayang gabi’y magkakaroon ng isang pista at ang lamparang ito’y ilalagay sa gitna ng isang kioskong kakainan na sadya kong ipinagawa.
El Filibusterismo,33,ANG HULING MATUWID,80,"Ang lampara ay magbibigay ng isang maningning na ilaw na sukat na siyang mag-isa upang magpaliwanag sa lahat: ngunit pagkaraan ng dalawang pung minuto ay lalamlam ang ilaw, at sa gayon, kapag tinangkang itaas ang lambal ay puputok ang isang kapsulang fulminato de mercurio, ang granada ay sasabog at kasabay niya ang kakainan na sa bubong at sahig ay kinanlungan ko ng mga bayong ng pulbura upang walang makaligtas na sino man......"
El Filibusterismo,33,ANG HULING MATUWID,81,Nagkaroon ng sandaling pananahimik: pinagmamasdan ni Simoun ang kaniyang aparato at si Basilio ay bahagya nang humihinga.
El Filibusterismo,33,ANG HULING MATUWID,82,"—Kung gayon ay hindi na kailangan ang aking tulong,—ang pakli ng binata."
El Filibusterismo,33,ANG HULING MATUWID,83,"—Hindi, kayo’y may ibang katungkulang gaganapin,—ang sagot ni Simoung nagkukurokuro,—sa ika siyam ay nakaputok na marahil ang makina at ang tunog ay nadingig na sa mga kanugnog na bayan, sa mga bundukin, sa mga yungib."
El Filibusterismo,33,ANG HULING MATUWID,84,Ang kilusang aking minunakala na kasabwat ang mga artillero ay hindi nangyari sa kakulangan ng pamamahala at pagsasabaysabay.
El Filibusterismo,33,ANG HULING MATUWID,85,Sa ngayo’y hindi na magkakagayon.
El Filibusterismo,33,ANG HULING MATUWID,86,"Pagkadingig ng putok, ang mga mahihirap, ang mga sinisiil, ang mga naglalagalag na inuusig ng kapangyarihan, ay mangagsisilabas na may sandata at makikisama kay kabisang Tales sa Santamesa upang lusubin ang siyudad; sa isang dako naman, ang mga militar na pinaniwala kong ang General ay nagpakana ng isang wari’y panghihimagsik upang huwag umalis, ay lalabas sa kanilang mga kuartel upang paputukan ang sino mang ituro ko."
El Filibusterismo,33,ANG HULING MATUWID,87,"Samantala namang ang bayan, sindak, at sa pag-aakalang dumating na ang oras na sila’y pagpupupugutan, ay magbabangong handa sa pagpapakamatay, at sa dahilang walang sandata at hindi sila ayos, kayo, na kasama ang ilan pa, ay siyang mangulo sa kaniya at itungo ninyo sa tindahan ni insik Quiroga na pinagtaguan ko ng aking mga baril."
El Filibusterismo,33,ANG HULING MATUWID,88,"Kami ni kabisang Tales ay magtatagpo sa siyudad at ito’y aming kukunin, at kayo sa mga arabal ay tatayo kayo sa mga tulay, magmumuog kayo roon, hahandang sumaklolo sa amin at patayin ninyo, hindi lamang ang laban sa panghihimagsik, kungdi ang lahat ng lalaking ayaw sumamang manandata!"
El Filibusterismo,33,ANG HULING MATUWID,89,—¿Ang lahat?
El Filibusterismo,33,ANG HULING MATUWID,90,—ang bulong ni Basilio na ang boses ay mahina.
El Filibusterismo,33,ANG HULING MATUWID,91,—¡Ang lahat!
El Filibusterismo,33,ANG HULING MATUWID,92,"—ang ulit ni Simoun na ang boses ay kasindaksindak,—ang lahat, indio, mestiso, insik, kastila, ang lahat ng matagpuang walang tapang at lakas ng loob.... kailangang baguhin ang lipi!"
El Filibusterismo,33,ANG HULING MATUWID,93,"Ang mga amang duwag ay walang iaanak kundi mga alipin, at walang kabuluhan ang maggiba kung magtatayo rin, na, ang gagamitin ay mga bulok na sangkap!"
El Filibusterismo,33,ANG HULING MATUWID,94,¿Ano?
El Filibusterismo,33,ANG HULING MATUWID,95,nangingilabot kayo?
El Filibusterismo,33,ANG HULING MATUWID,96,"¿Nanginginig, natatakot kayong magsabog ng kamatayan?"
El Filibusterismo,33,ANG HULING MATUWID,97,¿Ano ang kamatayan?
El Filibusterismo,33,ANG HULING MATUWID,98,¿Ano ang kabuluhan ng pagkamatay ng dalawang pung libong sawi?
El Filibusterismo,33,ANG HULING MATUWID,99,¡Dalawangpung libong paghihirap na mababawas at mga angawangaw na dahop ang maililigtas sapol sa pinanggalingan!
El Filibusterismo,33,ANG HULING MATUWID,100,"Ang lalong matatakuting namamahala ay hindi nag-aalinlangan sa paglalagda ng isang kautusan, na nagiging sanhi ng pagdadahop at ng untiunting paghihingalo ng libo at libong nasasakop, na masasagwa, masisipag, marahil ay maliligaya, upang masunod lamang ang isang nasa, ang isang naiisip, ang pagmamataas: at ¿kayo’y nangingilabot sapagka’t sa iisang gabi ay matatapos na ang paghihirap ng budhi ng maraming duwag, sapagka’t ang isang bayang hindi kumikilos at nahilig sa masama ay mamamatay upang paraanin ang isang bago, bata, masipag, puno ng lakas?"
El Filibusterismo,33,ANG HULING MATUWID,101,¿Ano ang kamatayan?
El Filibusterismo,33,ANG HULING MATUWID,102,Isang bagay na walang kabuluhan o isang paghimbing!
El Filibusterismo,33,ANG HULING MATUWID,103,¿Ang kaniyang mga panagimpan baga ay maipapantay sa katunayan ng paghihirap ng lahat ng dustang anak sa isang kapanahunan?
El Filibusterismo,33,ANG HULING MATUWID,104,"Kailangang lipulin ang kasamaan, patayin ang dragon upang ipaligo ang kaniyang dugo sa bayang bago upang gawin itong malusog at di madadaig!"
El Filibusterismo,33,ANG HULING MATUWID,105,"¿Ano pa ang di mababaling batas ng kalikasan, batas ng pagtutunggali na ang mahina’y sapilitang madadaig upang huwag mamalagi ang liping masama at ang mga lumikha ay pumaurong?"
El Filibusterismo,33,ANG HULING MATUWID,106,¡Iwaksi nga ang mga pagninilay babai!
El Filibusterismo,33,ANG HULING MATUWID,107,"Maganap ang mga batas na walang paglipas, tulungan natin siya, at yayamang ang lupa ay lalo pang tumataba kapag siya’y dinidilig ng dugo, at ang mga trono ay lalong nagtitibay kapag pinatitibayan ng mga pagkakasala at ng mga bangkay, ay hindi dapat mag-urong sulong, hindi dapat mag-alinlangan!"
El Filibusterismo,33,ANG HULING MATUWID,108,¿Ano ang sakit ng kamatayan?
El Filibusterismo,33,ANG HULING MATUWID,109,"Ang sandaling pagkakaramdam, marahil ay walang linaw, marahil ay masarap gaya ng sandaling pag-itan ng pag-aantok at nang paghimbing...."
El Filibusterismo,33,ANG HULING MATUWID,110,¿Ano ang mapapawi?
El Filibusterismo,33,ANG HULING MATUWID,111,"Isang kasamaan, isang pagtitiis, mga damong unsiyami upang sa kanila’y ipalit na itanim ang ibang sariwa!"
El Filibusterismo,33,ANG HULING MATUWID,112,¿Tatawagin baga ninyong pag-utas ang gayon?
El Filibusterismo,33,ANG HULING MATUWID,113,"Sa ganang akin ay tatawagin kong paglikha, pagyari, pagpapaunlad, pagbibigay buhay...."
El Filibusterismo,33,ANG HULING MATUWID,114,"Ang gayong mga marurugong paghuhulohulo na sinabi sa loob ng buong pananalig at kalamigang loob, ay nakapanglupaypay sa binata, na ang pag-iisip ay ngalay na dahil sa mahigit na tatlong buwang pagkakabilanggo at bulag sa hangad na makapaghiganti, ay hindi na laan sa pagsuri nang tinutungo ng mga bagaybagay."
El Filibusterismo,33,ANG HULING MATUWID,115,"Sa lugal na isagot na ang taong lalong masama o matatakutin ay mahigit magpakailan man sa damo, sapagka’t may isang kaluluwa at isang pag-iisip, na, kahi’t mapakasama-sama at magpakaasal hayop, ay mangyayaring mapabuti; sa lugal na itugong ang tao ay walang karapatang mamahala sa buhay ng sino man sa kapakinabangan ng kahi’t sino, at na ang karapatan sa buhay ay taglay ng bawa’t isa, gaya rin naman ng karapatan sa kalayaan at sa kaliwanagan; sa lugal na ipinakling kung kapaslangan man ng mga pamahalaan ang pagpaparusa sa mga pagkukulang o kasamaanggawa, na kanilang pinag-abuyan dahil sa kakulangan sa pag-iingat o kamalian, gaano pa kaya ang isang tao, kahi’t na napakalaki at napakasawi, na magpaparusa sa kaawaawang bayan ng pagkukulang ng kaniyang mga pamahalaan at mga ninuno; sa lugal na sabihing ang Dios lamang ang tanging makagagawa ng mga gayong paraan, na, ang Dios ay maaaring lumikha, ang Dios ang may hawak ng gantingpala, ng walang katapusan at ng kinabukasan upang mabigyang katwiran ang kaniyang mga gawa, ngunit ang tao’y hindi, magpakailan man!"
El Filibusterismo,33,ANG HULING MATUWID,116,"Sa lugal ng mga pangangatwirang ito, ay walang inilaban si Basilio kundi isang karaniwang puna:"
El Filibusterismo,33,ANG HULING MATUWID,117,—¡Ano ang sasabihin ng buong mundo sa harap ng gayong pagpapapatay!
El Filibusterismo,33,ANG HULING MATUWID,118,"—Gaya ng karaniwan, ang mundo’y papagakpak, at bibigyang katuwiran ang lalong malakas, ang lalong mabangis!"
El Filibusterismo,33,ANG HULING MATUWID,119,—ang pangiting sagot ni Simoun.
El Filibusterismo,33,ANG HULING MATUWID,120,"—Ang Europa ay pumagakpak nang ang mga bansa sa kanluran ay pumatay ng angaw angaw na indio sa Amerika, at hindi pa upang makapagtatag ng mga bansang lalong may mabubuting hilig ni lalong matahimik; nariyan ang Hilaga, na may taglay na kalayaang sinasarili, may batas ni Lynch, may mga daya sa politika; naiyan ang Timog na may mga walang katahimikang republika, may mga himagsikan ng magkababayan, mga pagbabangon, gaya ng nangyari sa kaniyang inang España!"
El Filibusterismo,33,ANG HULING MATUWID,121,"Ang Europa ay pumagakpak ng hubaran ng Portugal ang mga pulong Molukas, pumagakpak ng pugnawin ng makapangyarihang Inglaterra ang mga liping likas sa Pasipiko upang ilagay ang sa kaniyang mga taong naglilipat bayan."
El Filibusterismo,33,ANG HULING MATUWID,122,"Ang Europa ay papagakpak nang gaya ng pagakpak sa pagtatapos ng isang drama, sa pagkatapos ng isang tragedia: hindi lubhang pinapansin ng madla ang pinakalayon, ang tinitignan lamang ay ang ipinamamalas na mainam sa mata!"
El Filibusterismo,33,ANG HULING MATUWID,123,"Gawing maayos ang kabuktutan at hahangaan at magkakaroon pa nang higit na kampi kay sa mga gawang kabutihan, na ginanap sa paraang mabanayad at kimi."
El Filibusterismo,33,ANG HULING MATUWID,124,"—Siya nga,—ang pakli ng binata,—¿at saka anong mayroon sa akin ang pumagakpak man o pumula, kung ang mundong iyan ay hindi nababalino ng dahil sa mga sinisiil, sa mga maralita’t sa mga babai?"
El Filibusterismo,33,ANG HULING MATUWID,125,¿Anong ipagpipitagan ko sa kalipunan sa siya’y hindi nagtataglay ng gayon sa akin?
El Filibusterismo,33,ANG HULING MATUWID,126,"—Ganiyan ang ibig ko,—ang sabing matagumpay ng nag-uudyok."
El Filibusterismo,33,ANG HULING MATUWID,127,"At kumuha ng isang rebolber sa isang kahon, at iniabot sa kaniyang ang sabi’y:"
El Filibusterismo,33,ANG HULING MATUWID,128,—Sa ika sampu ay antabayanan ninyo ako sa tapat ng simbahan ng S. Sebastian upang tanggapin ang aking mga huling bilin na dapat gawin.
El Filibusterismo,33,ANG HULING MATUWID,129,¡Ah!
El Filibusterismo,33,ANG HULING MATUWID,130,"Sa ika siyam ay nararapat kayong malayo, lubhang malayo, sa daang Anloague!"
El Filibusterismo,33,ANG HULING MATUWID,131,"Siniyasat ni Basilio ang armas, linagyan ng punglo at itinago sa kaniyang bulsang pangloob ng amerikana."
El Filibusterismo,33,ANG HULING MATUWID,132,Nagpaalam sa pamagitan ng isang putol na:—¡Hanggang mamaya!
El Filibusterismo,34,ANG KASAL,1,Nang nasa sa daan na si Basilio ay iniisip kung ano ang kaniyang magagawa hanggang sa sumapit ang kalagim lagim na sandali; mag-iika pito pa lamang.
El Filibusterismo,34,ANG KASAL,2,Panahon niyon nang pamamahinga sa pag-aaral at ang mga nag-aaral ay nasa sa kanikanilang bayan.
El Filibusterismo,34,ANG KASAL,3,"Si Isagani ang tanging hindi umuuwi, ngunit nawala mula ng umagang iyon at hindi maalaman kung saan naroroon."
El Filibusterismo,34,ANG KASAL,4,"Ito ang sinabi kay Basilio, ng makapanggaling sa bilangguan at dinalaw ang kaniyang kaibigan upang makituloy."
El Filibusterismo,34,ANG KASAL,5,"Hindi maalaman ni Basilio kung saan siya paparoon, wala siyang kualta, wala siyang anoman, liban na lamang sa rebolber."
El Filibusterismo,34,ANG KASAL,6,"Ang pagkaalaala sa lampara ang siyang gumiit sa kaniyang pag-iisip: sa loob ng dalawang oras mangyayari ang malaking sakuna at, kung maalaala ang gayon, sa wari niya’y pawang walang ulo ang mga lalaking nagdadaan sa kaniyang harapan: nagdamdam siya ng isang mabangis na katuwaan sa pagsasabi sa sarili, na kahi’t gayong dayukdok sa gabing iyon ay magiging siyang kakilakilabot, na kahi’t galing sa pagka nag-aaral at alila marahil ay makita siya ng araw na kasindaksindak at kalagimlagim, na nakatayo sa ibabaw ng bunton ng mga bangkay, naglalagda ng mga kautusan doon sa mga nagdadaang nakalulan sa kanilang maiinam na sasakyan."
El Filibusterismo,34,ANG KASAL,7,"Humalakhak na wari’y isang napakasama, at kinapa ang puluhan ng rebolber: ang mga kaha ng punglo ay nasa sa kaniyang mga bulsa."
El Filibusterismo,34,ANG KASAL,8,Bumuko sa kaniyang loob ang isang katanungan ¿saan magsisimula ang patayan?
El Filibusterismo,34,ANG KASAL,9,"Sa kaniyang kalituhan ay hindi niya naisip ang itanong kay Simoun, ngunit sinabi sa kaniya ni Simoun na lumayo sa daang Anloague."
El Filibusterismo,34,ANG KASAL,10,"Nang magkagayo’y nagkaroon siya ng isang hinala; nang kinahapunang iyon, ng siya’y lumabas sa bilangguan, ay tumungo siya sa dating bahay ni kapitang Tiago, upang hanapin ang kaniyang kaunting kasangkapan, at natagpuan niyang iba ang anyo at laan sa isang pista; yaon ang kasal ni Juanito Pelaez!"
El Filibusterismo,34,ANG KASAL,11,May sinabing isang pista si Simoun.
El Filibusterismo,34,ANG KASAL,12,"Nakitang nagdaan sa harapan niya ang isang mahabang hanay ng mga sasakyan na puno ng babai’t lalaking kaginoohan na nangagsasalitaan; waring nakakita siya sa loob ng malalaking kumpol ng bulaklak, ngunit hindi niya pinuna ang bagay na iyon."
El Filibusterismo,34,ANG KASAL,13,"Ang mga karuahe ay patungo sa daang Rosario, at sa dahilang nasagupa sa mga nanggagaling naman sa tulay ng España, ay nangahihintong madalas at dahandahan ang lakad."
El Filibusterismo,34,ANG KASAL,14,Sa isang sasakyan ay nakita si Juanito Pelaez sa piling ng isang babai na puti ang bihis at may talukbong na madalang; nakilala niyang iyon ay si Paulita Gomez.
El Filibusterismo,34,ANG KASAL,15,—¡Si Paulita!
El Filibusterismo,34,ANG KASAL,16,—ang bulalas na pamangha.
El Filibusterismo,34,ANG KASAL,17,"At nang makitang tunay ngang siya, gayak ikinasal, na kasama si Juanito Pelaez, na waring nangagsipanggaling sa simbahan."
El Filibusterismo,34,ANG KASAL,18,—¡Kaawaawang Isagani!
El Filibusterismo,34,ANG KASAL,19,—ang bulong—¿ano kaya ang nangyari sa kaniya?
El Filibusterismo,34,ANG KASAL,20,"Inalalang ilang sumandali ang kaniyang kaibigan, kaluluwang dakila, mahabagin, at itinanong sa sarili niya kung hindi kaya mabuting balitaan ng balak, ngunit sinagot din niya ang sarili, na si Isagani ay hindi makikialam magpakailan man sa gayong patayan...."
El Filibusterismo,34,ANG KASAL,21,Hindi inasal kay Isagani ang ginawa sa kaniya.
El Filibusterismo,34,ANG KASAL,22,"Pagkatapos ay naisip na kung hindi sa pagkakabilanggo, sa mga oras na iyon, siya’y ikinakasal o may asawa na, licenciado sa Medicina, namumuhay at nanggagamot sa isang sulok ng kaniyang lalawigan."
El Filibusterismo,34,ANG KASAL,23,"Ang larawan ni Huli, na lurayluray dahil sa pagkakalagpak, ay nagdaan sa kaniyang pag-iisip; mga maitim na lagablab ng pagtatanim ang nag-apoy sa kaniyang balintataw, at muling hinimas ang puluhan ng rebolber na dinaramdam ang hindi pa pagsapit ng kakilakilabot na sandali."
El Filibusterismo,34,ANG KASAL,24,"Sa gayo’y nakita si Simoun na lumabas sa pinto ng kaniyang bahay na taglay ang sisidlan ng lampara, na nababalot nang buong ingat, lumulan sa isang sasakyang nakisunod sa hanay ng mga umaabay sa mga bagong kasal."
El Filibusterismo,34,ANG KASAL,25,"Upang huwag maligtaan ni Basilio si Simoun ay kinilala ang kotsero, at namangha siya ng makilala na iyon ay ang kaawaawang naghatid sa kaniya sa S. Diego, si Sinong, ang binugbog ng Guardia Civil, iyon ding nagbabalita sa kaniya sa bilangguan ng lahat ng nangyayari sa Tiani."
El Filibusterismo,34,ANG KASAL,26,"Sa pagkukurokuro niya na ang daang Anloague ay siyang pangyayarihan, ay doon tumungo ang binata, na nagmadali’t nagpauna sa mga karuahe."
El Filibusterismo,34,ANG KASAL,27,"Tunay nga, ang lahat ay tungo sa dating bahay ni kapitang Tiago: doon nagkakatipong ang hanap ay isang sayawan upang magsiikot sa hangin!"
El Filibusterismo,34,ANG KASAL,28,Natawa si Basilio nang makita ang mga Guardia Veterana na nangag-aayos doon.
El Filibusterismo,34,ANG KASAL,29,Dahil sa kanilang dami ay mahuhulaan ang kahalagahan ng pista at ng mga panaohin.
El Filibusterismo,34,ANG KASAL,30,"Siksikan ang tao sa bahay, ang liwanag ay tumatapon sa kaniyang mga durungawan; ang silong ay nakakalatan ng alpombra at puno ng bulaklak; sa itaas, marahil ay sa kaniyang ulila at dating silid, tumutugtog ang orkesta ng masasayang tugtugin, na hindi naman nakatatakip na lubos sa magusot na alingawngaw ng tawanan, salitaan at halakhakan."
El Filibusterismo,34,ANG KASAL,31,"Si D. Timoteo Pelaez ay umaabot sa tugatog ng kapalaran, ngunit ang mga nakikitang iyon ay higit sa kaniyang mga pinangarap."
El Filibusterismo,34,ANG KASAL,32,"Naipakasal din ang kaniyang anak sa isang binibining magmamana sa mga Gomez, at salamat sa salaping ipinautang sa kaniya ni Simoun, ay nabili niya ang bahay na iyon sa kalahati ng halaga, doon niya ginawa ang pista, at ang mga pinakamalalaking diosdiosan ng Olimpo sa Maynila ay kaniyang magiging panaohin, upang sapuhin siya sa kinang ng kanilang mga karangalan."
El Filibusterismo,34,ANG KASAL,33,"Sapol sa umaga ay masidhing pumapasok sa kaniyang kalooban, na wari’y isang karaniwang awit, ang isang malabong sambit na nabasa sa kaniyang mga pakikinabang: “¡Sumapit na ang oras na mapalad!"
El Filibusterismo,34,ANG KASAL,34,Lumapit na ang sandaling maligaya!
El Filibusterismo,34,ANG KASAL,35,"Matutupad nang madali sa iyo ang mga kahangahangang salita ni Simoun: Buhay ako, ngunit hindi ako kundi ang Capitan General ang nabubuhay sa akin, at ibp."
El Filibusterismo,34,ANG KASAL,36,” Ang Capitan General ay inaama ng kaniyang anak!
El Filibusterismo,34,ANG KASAL,37,"Tunay nga’t hindi kaharap sa kasal, kinatawan siya ni D. Custodio, ngunit paparoong hahapon, at magdadala ng isang handog sa ikinasal, isang lampara na kahi’t ang kay Aladin ay hindi makapapantay...."
El Filibusterismo,34,ANG KASAL,38,—sa lihim—si Simoun ang nagbigay ng lampara.
El Filibusterismo,34,ANG KASAL,39,Timoteo ¿ano pa ang ibig mo?
El Filibusterismo,34,ANG KASAL,40,Ang pagkakabago ng bahay ni kapitang Tiago ay lubhang malaki; diniktan ng mga bagong papel na maiinam; ang usok at amoy ng apian ay nawala.
El Filibusterismo,34,ANG KASAL,41,"Ang malaking salas na lalong pinaluluwang ng malalaking salamin na nakapagpaparami pa sa mga ilaw ng mga araña, ay nalalatagan ng alpombra: may alpombra ang mga salon sa Europa, at kahi’t ang daling ay makintab na makintab at malalapad ang tabla, ay dapat ding magkaroon ng alpombra ang kaniyang salas, sapagka’t ¡hindi mangyayaring hindi magkagayon!"
El Filibusterismo,34,ANG KASAL,42,"Ang maiinam na silleria ni kapitang Tiago ay nawala, siya’y napalitan ng ayos Luis XV, malalaking tabing na tersiopelong pula na may burdang ginto, may letra ng pangalan ng mga ikinasal, at napipiglan ng tinuhog na bulaklak ng suhang huwad, ang nangakasabit sa mga portiers at nagwawasiwas sa sahig ng kanilang malapad na laylayang ginto rin."
El Filibusterismo,34,ANG KASAL,43,"Sa mga sulok ay may malalaking pasong yari sa Japon na nasasalit sa mga gawa sa Sevres, na kulay bughaw na malinis, na nangalalagay sa mga pedestal na kahoy na may lilok."
El Filibusterismo,34,ANG KASAL,44,Ang tanging wala sa ayos ay ang mga matitingkad na cromo na ipinalit ni D. Timoteo sa mga dating grabado at mga larawan ng santo ni kapitang Tiago.
El Filibusterismo,34,ANG KASAL,45,"Hindi siya nahikayat ni Simoun; ayaw ng mga cuadrong oleo ang mangangalakal, baka may maghinalang gawa ng mga artistang pilipino...."
El Filibusterismo,34,ANG KASAL,46,"¡siya ay magbigay buhay sa mga artistang pilipino, iyan ang hindi mangyayari kailan man!"
El Filibusterismo,34,ANG KASAL,47,"sa gayo’y mahahalo ang kaniyang katiwasayan at marahil ay sampu ng buhay, at alam niya kung papano ang pamamangka sa Pilipinas!"
El Filibusterismo,34,ANG KASAL,48,"Tunay nga’t nakadingig siya ng pag-uusap na ukol sa mga artistang taga ibang lupa na gaya nina Rafael, Murillo, Velazquez, ngunit hindi niya maisip kung papano ang gagawing pakikipagalam sa mga taong yaon, at saka ang isa pa’y baka mangagsilabas na may laban sa pamahalaan....."
El Filibusterismo,34,ANG KASAL,49,"Sa cromo ay wala siyang inaalaalang anoman, hindi gawang pilipino, mura pa, gayon din ang anyo, kundi lalong mabuti, ang mga kulay ay lalong makikinang at mabuti ang pagkakayari!"
El Filibusterismo,34,ANG KASAL,50,Alam ni D. Timoteo kung papano ang dapat ugaliin sa Pilipinas!
El Filibusterismo,34,ANG KASAL,51,"Ang malaking caida, na nahiyasan ng mga bulaklak, ay siyang naging kakainan, isang malaking dulang na sukat sa tatlong pu katao ang nasa gitna, at sa mga paligid, natatabi sa mga pader, ay may ilang maliliit na sukat sa dalawa o tatlo katao."
El Filibusterismo,34,ANG KASAL,52,"Mga kumpol na bulaklak, mga bunton ng bungang kahoy na kahalo ng mga sintas at ilaw ang siyang namumuno sa gitna ng mga dulang."
El Filibusterismo,34,ANG KASAL,53,"Ang pinggan ng ikinasal na lalaki ay may tandang isang kumpol na alehandria, ang sa babai ay isa namang kumpol na bulaklak ng suha at asusena."
El Filibusterismo,34,ANG KASAL,54,"Sa harap nang gayong karingalan at karaming bulaklak ay papasok sa guniguni ng kahi’t sino, na mga ninfa na madalang ang damit at mga kupidong maliliit, na ang pakpak ay makulay, ang siyang magdudulot ng mga alak at pagkain ng mga dioses sa mga panaohing taga alapaap, na sinasaliwan ng mga kudyapi at alpa ng mga taga Eolia."
El Filibusterismo,34,ANG KASAL,55,"Gayon man, ang dulang na ukol sa malalaking dioses, ay wala roon, nalalagay sa gitna ng malapad na asotea, sa isang magandang kiosko, na sadyang niyaring ukol doon."
El Filibusterismo,34,ANG KASAL,56,"Isang persianang kahoy na ginintuan, na kinakapitan ng mga punong gumagapang, ang nagkakanlong ng pinakaloob sa malas ng madla, ngunit hindi nakapipigil sa paglalabas pumasok ng hangin, upang mapalagi ang masarap na simoy na kailangan."
El Filibusterismo,34,ANG KASAL,57,"Isang mataas na tuntungan ang pinagpatungan ng mesa upang tumaas kay sa ibang dulang na kakanan ng mga tao lamang, at isang bubong, na pinalamutihan ng lalong mabubuting artista, ang magsasanggalang sa mga tuktok hari sa mga may inggit na tanaw ng mga bituin."
El Filibusterismo,34,ANG KASAL,58,"Doo’y wala kun di pipitong cubiertos; ang mga kagamitan ay pawang pilak, ang mga mantel at serbilyeta ay manipis na lino, ang mga alak ay yaong lalong pinakamahal at masarap."
El Filibusterismo,34,ANG KASAL,59,Hinanap ni D. Timoteo ang lalong bibihira at mahalaga at hindi siya marahil nag-alinlangang gumawa ng isang kabuktutan kung nasabi sa kaniyang ang General ay maibiging kumain ng laman ng tao.
El Filibusterismo,35,ANG PISTA,1,“Danzar sobre un volcan.
El Filibusterismo,35,ANG PISTA,2,”
El Filibusterismo,35,ANG PISTA,3,"Nang ika pito ng gabi’y nagdatingdatingan na ang mga inangyayahan: una, ang mga mumunting diosdiosan, mga kawaning may mababang katungkulan, mga pangulo sa kagawaran, mga mangangalakal, at ibp."
El Filibusterismo,35,ANG PISTA,4,", na taglay ang mga pagbating lubos na magalang at ang mga kilos na tuwid na tuwid, sa mga unang sandali, na waring noon lamang natutuhan: ang gayong karaming ilaw, tabing at mga kristal ay nakapagpapanganingani ng kaunti."
El Filibusterismo,35,ANG PISTA,5,"Pagkatapos ay nawawala na ang gayong ayos at palihim na nagtutumbukan, tampalan sa tiyan at ang ilan ay umabot sa pagkukutusan."
El Filibusterismo,35,ANG PISTA,6,"Tunay ngang ang ilan ay umaayos ng anyong pagwawalang bahala upang ipakilala na sila’y dagi sa mga bagay na higit pa sa roon, ¡at sadya ngang gayon!"
El Filibusterismo,35,ANG PISTA,7,"May diosa na naghikab dahil sa ang lahat nang iyon, sa palagay niya, ay tiwali at sinabing may gazuza; isa pa’y nagalit sa kaniyang dios, ikinumpay ang kamay upang tampalin."
El Filibusterismo,35,ANG PISTA,8,"Si D. Timoteo ay payukoyuko sa lahat ng pook; nagtatapon ng isang ngiti, igagalaw ang baywang, uurong, bibigay ng kalahating ikit, buong ikit, ibp."
El Filibusterismo,35,ANG PISTA,9,", kaya’t ang isa pang diosa ay nakapagsabi tuloy sa kaniyang kalapit, sa tulong ng pagkakanlong sa pamaypay, na:"
El Filibusterismo,35,ANG PISTA,10,"—¡Chica, que filadelfio esta el tio!"
El Filibusterismo,35,ANG PISTA,11,Mia que paese un fantoche.
El Filibusterismo,35,ANG PISTA,12,"Pagkatapos ay dumating ang mga bagong kasal, na kaakbay si aling Victorina at ang lahat ng kaangay."
El Filibusterismo,35,ANG PISTA,13,"Mga maligayang bati, kamayan, mga tapik na waring pag-aampon sa lalaking bagong kasal, mga tinging patitig, malansa, masuri ng mga lalaki sa binibining bagong kasal; sa dako ng mga babai ay pagsisiyasat ng kagayakan, ng hiyas, pag taya ng lakas, ng buti ng katawan, ibp."
El Filibusterismo,35,ANG PISTA,14,—¡Si Psiquis at si Cupido na dumating sa Olimpo!
El Filibusterismo,35,ANG PISTA,15,—ang binuko sa sarili ni Ben-Zayb at itinala niyang mabuti sa pag-iisip ang pag-aanyo upang bitiwan sa lalong katampatang sandali.
El Filibusterismo,35,ANG PISTA,16,"Ang lalaking bagong kasal nga’y may taglay ng mukhang palabiro ng dios ng pag-ibig, at kung ipagpapaumanhin ng kaunti ay mapagkakamalang lalagyan ng pana ang kaniyang kakubaang napakaumbok, na hindi maikanlong sa suot niyang frac."
El Filibusterismo,35,ANG PISTA,17,"Si D. Timoteo ay nagdaramdam na ng pananakit ng baywang, ang mga kalyo ng kaniyang paa ay untiunting nananakit, ang kaniyang liig ay nangangawit at ¡wala pa ang Capitan General!"
El Filibusterismo,35,ANG PISTA,18,"Ang mga malalaking dioses, na sa kanila’y kabilang si P. Irene at si P. Salvi, ay nangagsidating na nga ngunit wala pa ang malaking kulog."
El Filibusterismo,35,ANG PISTA,19,"Hindi siya mapalagay, nanganganib, ang kaniyang puso’y tumitibok nang malakas, sinusumpong siya ng isang kailangan, ngunit dapat munang unahin ang pagbati, pagngiti, at pagkatapos ay paparoon, ngunit hindi mangyari, uupo’t titindig, hindi nadidingig ang sa kaniya’y sinasabi, hindi masabi ang ibig sabihin."
El Filibusterismo,35,ANG PISTA,20,"At samantala’y isang malulugding dios ang nagsabi sa kaniya ng ilang punang ukol sa mga cromo, na tinutuligsa’t sinasabing nakadudungis sa mga dingding."
El Filibusterismo,35,ANG PISTA,21,—¡Nakadudungis sa mga dingding!
El Filibusterismo,35,ANG PISTA,22,—ang ulit ni D. Timoteo na nakangiti ngunit ngalingaling labnutin ang nagsasalita:—datapuwa’y yari iyan sa Europa at siyang mga pinakamahal na natagpuan ko sa Maynila!
El Filibusterismo,35,ANG PISTA,23,¡Nakadudungis sa mga dingding!
El Filibusterismo,35,ANG PISTA,24,At isinusumpa sa sarili ni D. Timoteo na kinabukasan ay ipasisingil ang lahat ng utang ng manunuligsa sa tindahan niya.
El Filibusterismo,35,ANG PISTA,25,"Nakadingig ng mga pasuwit, takbuhan ng mga kabayo, dumating din!"
El Filibusterismo,35,ANG PISTA,26,—¡Ang General!
El Filibusterismo,35,ANG PISTA,27,—¡Ang Capitan General!
El Filibusterismo,35,ANG PISTA,28,"Namumutla sa pagkagulumihanan, ay tumindig si D. Timoteo na di ipinahahalata ang sakit ng kaniyang mga kalyo, at kasama ng kaniyang anak at ilang malalaking dios, ay pumanaog upang salubungin ang Magnum Jovem."
El Filibusterismo,35,ANG PISTA,29,Nawala ang sakit ng kaniyang baywang dahil sa pag-aalinlangang pumasok sa kaniyang kalooban ¿dapat siyang ngumiti o magpakita ng mukhang walang katawatawa?
El Filibusterismo,35,ANG PISTA,30,¿dapat niyang iabot ang kaniyang kamay o antabayanang iabot sa kaniya ang sa General?
El Filibusterismo,35,ANG PISTA,31,¡Putris!
El Filibusterismo,35,ANG PISTA,32,¿bakit kaya hindi niya naalaala ang ukol sa bagay na iyon at nang naitanong sana sa kaibigan niyang si Simoun?
El Filibusterismo,35,ANG PISTA,33,Upang huwag mapuna ang kaniyang pagkagulumihanan ay itinanong nang marahan at sira ang boses sa kaniyang anak:
El Filibusterismo,35,ANG PISTA,34,—¿Naghanda ka ba ng talumpati?
El Filibusterismo,35,ANG PISTA,35,"—Hindi na ginagamit ang mga talumpati, tatay, at dito ay lalo pa!"
El Filibusterismo,35,ANG PISTA,36,"Dumating si Jupiter na kasama si Juno, na wari’y isang kastilyong sususuhan: may brillante sa ulo, may brillante sa liig, sa mga bisig, mga balikat, sa buong katawan!"
El Filibusterismo,35,ANG PISTA,37,"Ang suot ay isang mainam na kagayakang sutla; mahaba ang cola, na may burdang bulaklak na namumukod sa ibabaw."
El Filibusterismo,35,ANG PISTA,38,"Tunay ngang inari ng General ang kaniyang bahay, gaya ng ipinamanhik na bubulongbulong ni D. Timoteo."
El Filibusterismo,35,ANG PISTA,39,Ang orkesta ay tumugtog ng marcha real at ang mag-asawang Dios ay tuwid na tuwid na umakyat sa hagdanang may saping alpombra.
El Filibusterismo,35,ANG PISTA,40,"Ang katigasan ng anyo ng General ay hindi gawa-gawa lamang; marahil noon lamang siya nagdamdam lungkot, sapol nang dumating sa Pilipinas; munting pighati ang namamahay sa kaniyang dilidili."
El Filibusterismo,35,ANG PISTA,41,"Yaon ang huling tagumpay, sa kaniyang tatlong taong paghahari, at sa loob ng dalawang araw, ay iiwan na niya ang gayong kataas na kalagayan."
El Filibusterismo,35,ANG PISTA,42,¿Ano ang iiwan sa kaniyang likuran?
El Filibusterismo,35,ANG PISTA,43,"Hindi ibinabaling ng General ang kaniyang ulo at ibig pa niya ang tumanaw sa hinaharap, sa darating!"
El Filibusterismo,35,ANG PISTA,44,"Dadalhin niya ang isang kayamanan, malalaking halagang nalalagay sa mga Banko sa Europa ang nag-aantay sa kaniya, mayroon siyang mga hotel, ngunit marami siyang sinaktan, marami siyang kalaban sa Corte, inaantay siya roon ng mataas na kawani!"
El Filibusterismo,35,ANG PISTA,45,Ang ibang general ay yumamang madali na gaya niya at ngayo’y mga hirap na hirap.
El Filibusterismo,35,ANG PISTA,46,¿Bakit hindi siya magpalumagak ng kaunti pang panahon na gaya ng payo ni Simoun?
El Filibusterismo,35,ANG PISTA,47,"Hindi, bago ang lahat ay ang kahihiyan muna."
El Filibusterismo,35,ANG PISTA,48,"Sa isang dako’y hindi na lubhang payuko ang mga bati sa kaniya na gaya ng dati; nakapupuna siya ng mga tinging patitig, at pagkainip; at sinasagot niyang magiliw at tinatangka niyang ngumiti."
El Filibusterismo,35,ANG PISTA,49,—¡Napagkikilalang papalubog na ang araw!
El Filibusterismo,35,ANG PISTA,50,"—ang bulong ni P. Irene, sa tainga ni Ben-Zayb,—¡marami na ang tumititig sa kaniya ng harap harapan!"
El Filibusterismo,35,ANG PISTA,51,¡Putris na kura!
El Filibusterismo,35,ANG PISTA,52,yaon pa naman sana ang kaniyang sasabihin.
El Filibusterismo,35,ANG PISTA,53,—Ineng—ang bulong sa tainga ng kalapit ng babaing nagpanganlang fantoche kay D. Timoteo—¿Nakita mo ba kung ano ang saya?
El Filibusterismo,35,ANG PISTA,54,—Uy!
El Filibusterismo,35,ANG PISTA,55,ang mga tabing sa palasyo!
El Filibusterismo,35,ANG PISTA,56,—¡Hantay!
El Filibusterismo,35,ANG PISTA,57,at siya nga pala!
El Filibusterismo,35,ANG PISTA,58,Dadalhing lahat kung gayon.
El Filibusterismo,35,ANG PISTA,59,Tingnan mo’t pag hindi ginawang abrigo ang mga alpombra!
El Filibusterismo,35,ANG PISTA,60,—¡Ang gayo’y walang ibang ipinakikilala kundi may katalinuhan at mabuting mamili!
El Filibusterismo,35,ANG PISTA,61,"—ang pakli ng asawa na kinagalitan ang kabiyak niya sa pamag-itan ng isang tingin,—ang mga babai’y dapat maging masinop!"
El Filibusterismo,35,ANG PISTA,62,Dinaramdam pa ng kaawaawang dios ang siningil ng modista.
El Filibusterismo,35,ANG PISTA,63,—¡Anak ko!
El Filibusterismo,35,ANG PISTA,64,di bigyan mo ako ng mga panabing na tig lalabing dalawang piso ang isang bara at tingnan mo kung isusuot ko ang mga basahang ito!
El Filibusterismo,35,ANG PISTA,65,—ang pakli ng namuhing diosa;—¡Jesus!
El Filibusterismo,35,ANG PISTA,66,saka ka na magsalita kapag nagkaroon ka nang magarang sinundan!
El Filibusterismo,35,ANG PISTA,67,"Samantala’y si Basilio, na nasa tapat ng bahay, ay kahalobilo ng mga nanonood, at binibilang ang mga taong pumapanaog sa mga karuahe."
El Filibusterismo,35,ANG PISTA,68,"Nang makita ang gayong karaming taong masasaya at tiwala, nang makita ang dalawang bagong kasal, na sinusundan ng mga kaangay niyang mga dalaginding na mga walang malay at walang agam-agam, at naisip na matatagpuan doon ang kakilakilabot na kamatayan, ay naawa siya at naramdamang nagbawa ang kaniyang galit."
El Filibusterismo,35,ANG PISTA,69,"Nagtaglay siya ng nasang iligtas ang gayong karaming mga walang sala, inisip na sumulat at magbigay alam sa mga may kapangyarihan; ngunit dumating ang isang karuahe at nagsibaba si P. Salvi at si P. Irene, na kapuwa may kasiyahang loob, at waring ulap na dumaan, ay napawi ang kaniyang mabubuting hangad."
El Filibusterismo,35,ANG PISTA,70,—Ano ang mayroon sa akin?
El Filibusterismo,35,ANG PISTA,71,—aniya sa sarili—¡magbayad ang mabubuti na kasama ng masasama!
El Filibusterismo,35,ANG PISTA,72,At idinagdag pagkatapos upang panahimikin ang kaniyang mga pagkabalisa:
El Filibusterismo,35,ANG PISTA,73,"—Hindi ako manunuplong, hindi ko dapat pangahasan ang pagtitiwala sa akin."
El Filibusterismo,35,ANG PISTA,74,Ang utang ko sa kaniya ay higit kay sa lahat nang iyan; siya ang humukay ng pinaglibingan sa aking ina; ang mga taong iyan ang pumatay!
El Filibusterismo,35,ANG PISTA,75,¿Ano ang mayroon nila sa akin?
El Filibusterismo,35,ANG PISTA,76,"Ginawa ko ang lahat upang maging mabuti, magkaroon ng halaga; pinagsikapan ko ang lumimot at magpatawad; tiniis ko ang lahat ng pataw at wala akong hiningi kundi ang bayaan lamang akong matiwasay!"
El Filibusterismo,35,ANG PISTA,77,Ako’y hindi nakasasagabal sa kanino man....
El Filibusterismo,35,ANG PISTA,78,¿Ano ang ginawa sa akin?
El Filibusterismo,35,ANG PISTA,79,¡Umilandang sa hangin ang kanilang luray na katawan!
El Filibusterismo,35,ANG PISTA,80,Labis na ang tiniis namin!
El Filibusterismo,35,ANG PISTA,81,"Pagkatapos ay nakitang pumasok si Simoun na dala sa kamay ang kakilakilabot na lampara, nakitang binagtas na dahandahan ang silong, ang ulo’y nakatungo at waring nag-iisip."
El Filibusterismo,35,ANG PISTA,82,"Naramdaman ni Basilio na ang kaniyang puso’y tumitibok ng mahinangmahina, na ang kaniyang mga paa’t kamay ay nanglalamig at ang maitim na anino ng mag-aalahas ay nagkakaroon ng anyong nakapangingilabot na nalilibid ng lagablab."
El Filibusterismo,35,ANG PISTA,83,Sa tabi ng hagdan ay tumigil si Simoun na wari’y nag-aalinlangan; si Basilio’y hindi humihinga.
El Filibusterismo,35,ANG PISTA,84,"Ang pag-aalinlangan ay hindi nagluwat: itinaas ni Simoun ang kaniyang ulo, patuloy na umakyat sa hagdanan at nawala."
El Filibusterismo,35,ANG PISTA,85,"Sa wari ng nag-aaral ay sasabog na ang bahay at ang mga dingding, mga lampara, mga panaohin, bubungan, mga durungawan, orkesta, ay umiilandang sa hangin na waring isang dakot na baga sa gitna ng isang kasindaksindak na putok; tumingin sa kaniyang paligid at inakalang ang mga nanonood na naroon ay pawang bangkay; nakikita niyang lurayluray, sa wari niya’y napupuno ng apoy ang hangin, ngunit ang kalamigang loob ng kaniyang pagkukuro ay nanagumpay sa pag-uulap na iyong dumaan na tinulungan ng gutom, at aniya sa sarili:"
El Filibusterismo,35,ANG PISTA,86,"—Samantalang hindi pumapanaog, ay walang panganib."
El Filibusterismo,35,ANG PISTA,87,Hindi pa dumarating ang Capitan General!
El Filibusterismo,35,ANG PISTA,88,"At pinilit na mag-anyo siyang panatag at pinipigil ang pangangaykay ng kaniyang mga paa, at tinangkang malibang sa pag-iisip ng ukol sa ibang bagay."
El Filibusterismo,35,ANG PISTA,89,Mayroong wari’y kumukutya sa kaniya sa sariling kalooban at sinasabi sa kaniyang:
El Filibusterismo,35,ANG PISTA,90,"—Kung nanginginig ka ngayong hindi pa sumasapit ang sandaling takda ¿ano ang aasalin mo kapag iyong nakitang bumabaha ang dugo, nag-aalab ang mga bahay at sumasagitsit ang mga punlo!"
El Filibusterismo,35,ANG PISTA,91,"Dumating ang General, ngunit hindi siya napuna ng binata; minamataan ang mukha ni Simoun na isa sa mga pumanaog upang sumalubong, at nakilala niya sa walang awang anyong iyon ang hatol na kamatayan sa lahat ng taong naroon, at sa gayon ay pumasok sa kaniya ang muling pagkasindak."
El Filibusterismo,35,ANG PISTA,92,"Siya’y nanglamig, sumandig sa pader ng bahay, at nakatitig sa mga durungawan at tinalasan ang mga pangdingig, tinangkang hulaan ang mangyayari."
El Filibusterismo,35,ANG PISTA,93,"Nakita sa salas ang maraming taong nakaligid kay Simoun at pinagmamasdan ang lampara; nakadingig ng mga maliligayang bati, mga bulalas na paghanga; ang mga salitang “comedor estreno” ay naulit-ulit; nakitang ngumiti ang General at kinurokuro niyang sa gabing iyon gagawin ang unang paggamit, alinsunod sa itinakda ng mag-aalahas, at tunay ngang sa dulang na hahapunan ng General."
El Filibusterismo,35,ANG PISTA,94,Si Simoun ay nawalang sinusundan ng maraming humahanga.
El Filibusterismo,35,ANG PISTA,95,"Nang mga katangitanging sandaling iyon ay nagtagumpay ang kaniyang magandang puso, linimot ang lahat ng kaniyang pagtatanim, linimot si Huli, tinangkang iligtas ang mga walang sala, at humanda, mangyari na ang mangyayari, tinawid ang daan at nagtangkang pumasok."
El Filibusterismo,35,ANG PISTA,96,"Ngunit nalimot ni Basilio na napakadukha ang kaniyang suot; pinigil siya ng bantay-pinto, at nang makita ang kaniyang pagpupumilit ay binantaan siyang tatawag ng dalawang Veterana."
El Filibusterismo,35,ANG PISTA,97,Nang mga sandaling iyon ay pumapanaog si Simoun na namumutla nang kaunti.
El Filibusterismo,35,ANG PISTA,98,Binayaan ng bantay si Basilio upang yumuko sa mag-aalahas na wari’y nagdaan ang isang santo.
El Filibusterismo,35,ANG PISTA,99,Nahalata ni Basilio sa anyo ng mukha na lilisanin nang patuluyan ang sawing bahay na iyon at ang lampara ay may ilaw na.
El Filibusterismo,35,ANG PISTA,100,Alea jacta est.
El Filibusterismo,35,ANG PISTA,101,"Dala ng pag-iingat sa sarili, ay naisip ang lumigtas."
El Filibusterismo,35,ANG PISTA,102,"Maaaring masumpungan ng kahi’t sino na galawin ang ilawan, alisin ang timtim at sa gayon ay puputok at ang lahat ay matatabunan."
El Filibusterismo,35,ANG PISTA,103,Nadingig pa si Simoun na nagsabi sa kotsero na:
El Filibusterismo,35,ANG PISTA,104,"—¡Sa Escolta, tulinan mo!"
El Filibusterismo,35,ANG PISTA,105,"Gulilat at sa takot na madingig ang kakilakilabot na putok, ay lumayo si Basilio nang buong tulin sa sawing pook na iyon: sa wari niya’y wala ang liksing kailangan ng kaniyang mga hita, ang kaniyang mga paa’y nadudulas sa mga bangketa na waring lumalakad at hindi kumikilos, ang mga taong nakakasalubong ay humahadlang sa kaniyang lakad, at bago makadalawang pung hakbang ay waring hindi lamang limang minuto na ang nakaraan."
El Filibusterismo,35,ANG PISTA,106,"Sa malayo layo’y natagpuan ang isang binatang nakatayo, na ang ulo’y nakataas, nakatitig sa bahay."
El Filibusterismo,35,ANG PISTA,107,Nakilala ni Basilio si Isagani.
El Filibusterismo,35,ANG PISTA,108,—¿Ano ang ginagawa mo rito?
El Filibusterismo,35,ANG PISTA,109,—ang tanong.
El Filibusterismo,35,ANG PISTA,110,—¡Halika!
El Filibusterismo,35,ANG PISTA,111,"Tiningnan siya ng malamlam na tingin ni Isagani, ngumiti nang malungkot at muling tumingin sa mga bukas na durungawan, na sa puwang nila’y natatanaw ang maputing anyo ng binibining ikinasal, na nakapigil sa bisig ng naging asawa, na dahandahang lumalayo."
El Filibusterismo,35,ANG PISTA,112,"—Halika, Isagani!"
El Filibusterismo,35,ANG PISTA,113,"Lumayo tayo sa bahay na iyan, halika!"
El Filibusterismo,35,ANG PISTA,114,—ang sabi ni Basilio na ang boses ay paos at piniglan sa bisig ang kausap.
El Filibusterismo,35,ANG PISTA,115,Inilalayo siyang banayad ni Isagani at patuloy ding nakatanaw na taglay sa labi ang malungkot na ngiti.
El Filibusterismo,35,ANG PISTA,116,—¡Alang-alang sa Dios lumayo tayo!
El Filibusterismo,35,ANG PISTA,117,—¿Bakit ako lalayo?
El Filibusterismo,35,ANG PISTA,118,Bukas ay hindi na siya!
El Filibusterismo,35,ANG PISTA,119,"Napakalaking lungkot ang taglay ng mga pangungusap na iyon, na, nalimot sandali ni Basilio ang kaniyang sindak."
El Filibusterismo,35,ANG PISTA,120,—¿Ibig mo bang mamatay?
El Filibusterismo,35,ANG PISTA,121,—ang tanong.
El Filibusterismo,35,ANG PISTA,122,Ikinibit ni Isagani ang balikat at nagpatuloy sa pagtingin.
El Filibusterismo,35,ANG PISTA,123,Muling tinangka ni Basilio ang siya’y kaladkarin.
El Filibusterismo,35,ANG PISTA,124,"—¡Isagani, Isagani, pakingan mo ako, huwag tayong mag-aksaya ng panahon!"
El Filibusterismo,35,ANG PISTA,125,"Ang bahay na iyan ay puno ng pulbura, sasabog na, dahil sa isang kapangahasan, sa isang pagsisiyasat......"
El Filibusterismo,35,ANG PISTA,126,Isagani ang lahat ay mamamatay sa ilalim ng kaniyang durog na labi.
El Filibusterismo,35,ANG PISTA,127,—¿Sa kaniyang labi?
El Filibusterismo,35,ANG PISTA,128,"—ang ulit ni Isagani na inuunawa mandin ang ibig turan, ngunit hindi rin inilalayo sa durungawan ang tingin."
El Filibusterismo,35,ANG PISTA,129,"—Oo, sa ilalim ng kaniyang labi, oo, Isagani!"
El Filibusterismo,35,ANG PISTA,130,"alang-alang sa Dios, halika!"
El Filibusterismo,35,ANG PISTA,131,"saka ko na isasalaysay sa iyo, halika!"
El Filibusterismo,35,ANG PISTA,132,isang lalo pang sawi kay sa ating dalawa ang humatol sa kanila....
El Filibusterismo,35,ANG PISTA,133,"¿Nakikita mo ang ilaw na puting iyan, maliwanag, na waring ilaw elektriko, na nanggagaling sa azotea?"
El Filibusterismo,35,ANG PISTA,134,Iyan ang ilaw ng kamatayan!
El Filibusterismo,35,ANG PISTA,135,"Isang lampara na may lamang dinamita, sa isang kakainang may baong pulbura.... puputok at walang makaliligtas na buhay ni isang daga man lamang, halika!"
El Filibusterismo,35,ANG PISTA,136,—¡Huwag!
El Filibusterismo,35,ANG PISTA,137,"—ang sagot ni Isagani na iniiling na malungkot ang ulo—ibig kong lumagi rito, ibig ko siyang makita pang muli na bilang pahimakas.... bukas ay iba na!"
El Filibusterismo,35,ANG PISTA,138,—¡Masunod ang natatakda!
El Filibusterismo,35,ANG PISTA,139,—ang bulalas ni Basilio nang makita ang gayon at matuling lumayo.
El Filibusterismo,35,ANG PISTA,140,"Nakita ni Isagani na ang kaniyang kaibigan ay matuling lumalayo na taglay ang pagmamadaling nagpapakilala ng tunay na takot at nagpatuloy din nang pagtingin sa nakaaakit na mga bintana, gaya ng caballero de Toggenburg na nag-aantay na dumungaw ang iniibig, na sinabi ni Schiller."
El Filibusterismo,35,ANG PISTA,141,Nang mga sandaling yaon ay walang tao sa salas; ang lahat ay tumungo sa mga kakainan.
El Filibusterismo,35,ANG PISTA,142,Naisip ni Isagani na mangyayaring may katunayan ang ikinatatakot ni Basilio.
El Filibusterismo,35,ANG PISTA,143,"Naalaala ang mukha niyang gulilat, siya na hindi napapawian ng kalamigang loob, at nagsimula na sa paghuhulohulo."
El Filibusterismo,35,ANG PISTA,144,"Isang bagay ang maliwanag na bumabakas sa kaniyang pag-iisip: ang bahay ay sasabog at si Paulita ay naroroon, si Paulita’y mamamatay sa isang kakilakilabot na pagkamatay...."
El Filibusterismo,35,ANG PISTA,145,"Sa harap ng pagkabatid na ito ay nalimot ang lahat: panibugho, pagtitiis, mga sama ng loob; ang maawaing binata’y walang naalaala kun di ang kaniyang pag-ibig."
El Filibusterismo,35,ANG PISTA,146,"Hindi na inalala ang sarili, walang kagatol-gatol, tinungo ang bahay, at salamat sa kaniyang makisig na kagayakan at kaniyang anyong walang alinlangan, ay madaling nakaraan sa pintuan."
El Filibusterismo,35,ANG PISTA,147,"Samantalang ang mga bagay na ito’y nangyayari sa daan, sa kakainan ng mga malalaking dios, ay nagpatawidtawid sa mga kamay ang isang pergamino na kinababasahan ng mga salitang ito, na tintang pula ang ipinangsulat:"
El Filibusterismo,35,ANG PISTA,148,Mane Thecel Phares.
El Filibusterismo,35,ANG PISTA,149,Juan Crisostomo Ibarra.
El Filibusterismo,35,ANG PISTA,150,—Juan Crisostomo Ibarra?
El Filibusterismo,35,ANG PISTA,151,¿Sino iyan?
El Filibusterismo,35,ANG PISTA,152,—ang tanong ng General na iniabot sa kalapit ang papel.
El Filibusterismo,35,ANG PISTA,153,—¡Isang masamang biro!
El Filibusterismo,35,ANG PISTA,154,"—ang tugon ni D. Custodio;—lagdaan ang papel ng pangalan ng isang filibusterillo, na may sampung taon nang patay."
El Filibusterismo,35,ANG PISTA,155,—¡Filibusterillo!
El Filibusterismo,35,ANG PISTA,156,—¡Iya’y isang birong magigiging sanhi ng kaguluhan!
El Filibusterismo,35,ANG PISTA,157,—May mga babai pa naman....
El Filibusterismo,35,ANG PISTA,158,"Hinahanap ni P. Irene ang nagbiro at ang nakita ay si P. Salvi, na nakaupo sa kanan ng kondesa, na namutla nang kasingputi ng kaniyang servilleta samantalang minamasdang nangdididilat ang mata ang mga mahiwagang pangungusap."
El Filibusterismo,35,ANG PISTA,159,Ang nangyari sa espinghe ay kaniyang naalaala!
El Filibusterismo,35,ANG PISTA,160,"—¿Ano, P. Salvi?"
El Filibusterismo,35,ANG PISTA,161,—ang tanong—¿nakikilala baga ninyo ang lagda ng inyong kaibigan?
El Filibusterismo,35,ANG PISTA,162,"Si P. Salvi ay hindi sumagot; umanyong mangungusap, at hindi alumana ang ginagawa’y ipinahid sa noo ang serbilyeta."
El Filibusterismo,35,ANG PISTA,163,—¿Ano ang nangyari sa inyo?
El Filibusterismo,35,ANG PISTA,164,—¡Iyan ang kaniyang sulat!
El Filibusterismo,35,ANG PISTA,165,"—ang mahinang sagot, na halos hindi madingig;—iyan ang tunay na sulat ni Ibarra!"
El Filibusterismo,35,ANG PISTA,166,At matapos makasandig sa sandalan ng luklukan ay binayaang mabitin ang kaniyang mga kamay na waring kinulang ng lakas.
El Filibusterismo,35,ANG PISTA,167,Ang di kapalagayang loob ay naging sindak; nangagkatinginan silasila nang walang kahumahuma.
El Filibusterismo,35,ANG PISTA,168,"Tinangka ng General ang tumindig, ngunit sa pangingilag na baka ipalagay na pagkatakot ang gayon, ay nagpigil at lumingap sa kaniyang paligid."
El Filibusterismo,35,ANG PISTA,169,Walang mga sundalo: ang mga alilang naglilinkod ay hindi niya nakikilala.
El Filibusterismo,35,ANG PISTA,170,"—Magpatuloy tayo ng pagkain, mga ginoo,—aniya—at huwag natin bigyang halaga ang isang biro!"
El Filibusterismo,35,ANG PISTA,171,Ngunit ang kaniyang boses ay hindi nakapagbigay katiwasayan kundi bagkus pa ngang nagpalalo nang di kapalagayang loob.
El Filibusterismo,35,ANG PISTA,172,Ang boses ay nanginginig.
El Filibusterismo,35,ANG PISTA,173,"—Ipinalalagay kong hindi ibig sabihin ng Mane thecel phares na iyan, na tayo’y papatayin ngayong gabi?"
El Filibusterismo,35,ANG PISTA,174,—ani D. Custodio.
El Filibusterismo,35,ANG PISTA,175,Ang lahat ay napahinto.
El Filibusterismo,35,ANG PISTA,176,—Ngunit mangyayaring tayo’y malason....
El Filibusterismo,35,ANG PISTA,177,Binitiwan ang kanilang mga cubiertos.
El Filibusterismo,35,ANG PISTA,178,Samantala’y untiunti nang nagkukulimlim ang ilaw.
El Filibusterismo,35,ANG PISTA,179,"—Ang lampara ay nangungulimlim,—ang sabi ng General na hindi mapalagay;—ibig baga ninyong itaas ang timtim, P. Irene?"
El Filibusterismo,35,ANG PISTA,180,"Nang sandaling yaon, matuling wari’y lintik, ay pumasok ang isang anino na nagbuwal ng isang uupan at sinagasa ang isang alila, at sa gitna ng pagkakagitla ng lahat, ay sinunggaban ang lampara, tumakbo sa asotea at inihagis sa ilog."
El Filibusterismo,35,ANG PISTA,181,"Ang lahat nang ito’y nangyari sa isang kisap-mata, ang kakainan ay nagdilim."
El Filibusterismo,35,ANG PISTA,182,"Ang lampara ay lumagpak na sa ilog nang ang mga utusan ay nakasigaw nang:—¡magnanakaw, magnanakaw!"
El Filibusterismo,35,ANG PISTA,183,at patakbo ring tumungo sa asotea.
El Filibusterismo,35,ANG PISTA,184,—¡Isang rebolber!
El Filibusterismo,35,ANG PISTA,185,—ang sigaw ng isa;—¡madali ang isang rebolber!
El Filibusterismo,35,ANG PISTA,186,Habulin ang magnanakaw!
El Filibusterismo,35,ANG PISTA,187,"Ngunit ang anino, lalo pang maliksi ay nakapangibabaw na sa babahang ladrilyo, at bago dumating ang isang ilaw ay nakalundag na sa ilog at nagpadingig ng isang alaguwak sa pagbagsak sa tubig."
El Filibusterismo,36,MGA KAGIPITAN NI BEN-ZAYB,1,"Agad-agad na mabatid ang pangyayari, nang makakuha ng mga ilaw, at makita ang di ayos na anyo ng mga nabiglang mga dios, si Ben-Zayb, lipus kamuhian at taglay na ang pagsang-ayon ng sumisiyasat ng mga inililimbag, ay nagtatakbong tungo sa kaniyang bahay (isang entresuelo na tinitirahan niyang may ibang kasama), upang sulatin ang lalong malamang salaysay na nabasa sa silong ng langit ng Pilipinas; ang General ay aalis na masama ang loob kung hindi mababasa muna ang kaniyang mga pasaring, at ang gayo’y hindi mapahihintulutang mangyari ni Ben-Zayb, na may magandang puso."
El Filibusterismo,36,MGA KAGIPITAN NI BEN-ZAYB,2,Nagtiis na ngang iwan ang hapunan at ang sayawan at hindi natulog ng gabing yaon.
El Filibusterismo,36,MGA KAGIPITAN NI BEN-ZAYB,3,"¡Mauugong na bulalas sa pagkagulat, pagkamuhi, ipalagay na wari’y gumuho ang mundo at ang mga bituin, ang mga walang lipas na bituin ay nangagkakaumpugan!"
El Filibusterismo,36,MGA KAGIPITAN NI BEN-ZAYB,4,"Pagkatapos ay isang mahiwagang pangbungad, puno ng mga banggit, mga pasaring.... makaraan ito’y ang salaysay ng pangyayari at ang panghuling pati."
El Filibusterismo,36,MGA KAGIPITAN NI BEN-ZAYB,5,"Dinamihan ang mga paligoy, inubos ang mga pasapyaw na salita sa pag-lalarawan ng pagkakatiwangwang at nang napakahuling pagkakabinyag ng sabaw na tinanggap ng General sa kaniyang noong tagalangit; pinuri ang kaliksihang ginamit sa pagtayo, na inilagay ang ulo sa dating kinalagyan ng paa at tiwarik; bumigkas ng isang pagpupuri sa Lumikha dahil sa mairog na pagkakalinga sa mga kabanalbanalang mga butong yaon, at ang pagkakasalaysay ay lumabas na napakainam, na ang General ay lumabas na wari’y isang magiting at lalo pang mataas ang kinahulugan, gaya ng sabi ni Victor Hugo."
El Filibusterismo,36,MGA KAGIPITAN NI BEN-ZAYB,6,"Nagsulat, kumatkat, nagdagdag at nagbanhay upang lumabas na dakila ang salaysay nang walang pagkakalisya sa katotohanan—ito ang kaniyang tanging karapatan sa pagkamamamahayag,—maging kalakhan ang ukol sa pitong dioses at karuagan at aba sa hindi kilalang magnanakaw, “na nagparusa sa sarili, sindak at nakakilala sa kalakhan ng kaniyang pagkakasala nang sandali ring iyon."
El Filibusterismo,36,MGA KAGIPITAN NI BEN-ZAYB,7,"” Ipinalagay ang ginawa ni P. Irene na pagpasok sa ilalim ng dulang na “biglang udyok ng likas na katapangan, na hindi napaglubag ng habito ng isang Dios ng kapayapaan na isinuot buong buhay”, tinangka ni P. Irene na habulin ang nagkasala at sa pagbagtas niya nang patuwid ay dumaan sa silong ng dulang."
El Filibusterismo,36,MGA KAGIPITAN NI BEN-ZAYB,8,"Sa pagsasalaysay noon ay bumanggit ng mga lungga sa ilalim ng dagat, tinukoy ang isang balak ni D. Custodio, inalala ang katalinuhan at mga mahahabang paglalakbay ng pari."
El Filibusterismo,36,MGA KAGIPITAN NI BEN-ZAYB,9,"Ang pagkawala ng diwa ni P. Salvi ay isang malaking dalamhati na dinamdam ng mabait na pransiskano, sa pagkakitang kakaunti ang napapala ng mga indio sa kaniyang mga banal na pangaral; ang pagkakatigagal at sindak ng ibang kasalo, na ang isa sa kanila’y ang kondesa na “pumigil” (nangunyapit) kay P. Salvi, ay dili iba kundi katiwasayan at kalamigang loob ng mga magigiting, na sanay sa mga panganib sa gitna nang pagtupad sa kanilang mga kautangan, na, sa piling nila, ang mga senador romano, na nabigla ng mga dumagsang galo, ay pawang mga binibining masindakin lamang na nangagugulat sa harap ng larawan ng mga ipis."
El Filibusterismo,36,MGA KAGIPITAN NI BEN-ZAYB,10,"Pagkatapos at upang maging kaibayo, ay ang larawan ng magnanakaw: takot, kabaliwan, di pagkakangtututo, tinging mabalasik, anyong gulat at ¡lakas ng kataasan ng uri sa kabaitan ng lipi!"
El Filibusterismo,36,MGA KAGIPITAN NI BEN-ZAYB,11,ang kaniyang paggalang nang makita roong nangakalimpi ang gayong katataas na tao!
El Filibusterismo,36,MGA KAGIPITAN NI BEN-ZAYB,12,"At kapit na kapit ngang isunod doon ang isang mahabang parirala, isa ng paghikayat, isang talumpating laban sa pagkasira ng mga mabubuting kaugalian, at yaon ang sanhi ng pangangailangan ng isang laging hukumang kawal, “ang pagtatatag ng estado de sitio sa loob ng tatag nang estado de sitio, isang tanging kautusan, na makapipigil, matindi, sapagka’t lubhang kailangang dalidaliin ang pagpapakita sa mga masasama at mga salarin, na kung sakali mang ang puso’y mahabagin at malingap sa mga mapangayupapa’t masunurin sa kautusan, ay malakas naman ang kamay, matatag, walang pagmamaliw, matuwid at matindi sa mga lumalabag sa kaniya ng walang kakatuwikatuwiran at humahalay sa mga banal na kapalakaran ng Inangbayan!"
El Filibusterismo,36,MGA KAGIPITAN NI BEN-ZAYB,13,"Oo, mga ginoo, ito’y kailangan nang di lamang ng ikabubuti ng kapuluang ito, hindi lamang ng ikabubuti ng buong sangkatauhan, kundi ikabuti ng pangalan ng España, ng karangalan ng pangalang kastila, ng karangalan ng bayang ibero, sapagka’t sa ibabaw ng lahat ng bagay ay mga kastila tayo at ang bandila ng España” ibp."
El Filibusterismo,36,MGA KAGIPITAN NI BEN-ZAYB,14,At dinuluhan ang sulatin sa ganitong pangtapos:
El Filibusterismo,36,MGA KAGIPITAN NI BEN-ZAYB,15,"“Matahimik na yumao ang matapang na bayani, na humawak sa kapalaran ng bayang ito sa kapanahunang lubhang maligalig!"
El Filibusterismo,36,MGA KAGIPITAN NI BEN-ZAYB,16,Matahimik na yumao upang lumangap ng malunas na simuy ng Manzanares!
El Filibusterismo,36,MGA KAGIPITAN NI BEN-ZAYB,17,"Kami rito’y maiiwan na wari’y matatapat na taliba upang dalanginan ang kaniyang ala-ala, hangaan ang kaniyang matatalinong kapasiyahan, at iganti ang kataksilang ginawa sa kaniyang mainam na handog, na makukuha rin namin sukdang kailanganing patuyuin ang mga dagat!"
El Filibusterismo,36,MGA KAGIPITAN NI BEN-ZAYB,18,"Ang gayong maalindog na relikia ay magiging isang walang pagkapawing tanda sa bayang ito ng kaniyang karilagan, kalamigang loob at katapangan."
El Filibusterismo,36,MGA KAGIPITAN NI BEN-ZAYB,19,”
El Filibusterismo,36,MGA KAGIPITAN NI BEN-ZAYB,20,"Ganiyan niya tinapos ang sinulat na may kaunting kadiliman, at bago mag-umaga ay ipinadala sa pasulatan, na may taglay nang kapahintulutan ng tagasuri."
El Filibusterismo,36,MGA KAGIPITAN NI BEN-ZAYB,21,At natulog na wari’y si Napoleon nang matapos maitakda ang paraan ng labanan sa Jena.
El Filibusterismo,36,MGA KAGIPITAN NI BEN-ZAYB,22,"Ginising siya nang nag-uumaga, na ang mga cuartilla ay ibinabalik at may isang sulat ng namamahala, na sinasabing ipinagbawal na mahigpit ng General na pag-usapan ang nangyari at ipinagbilin na pabulaanan ang kahi’t anong sabisabihan at usap-usapang kumalat, na, ang lahat ay ipalagay na salisalita lamang, mga palangha at mga pakapakana."
El Filibusterismo,36,MGA KAGIPITAN NI BEN-ZAYB,23,"Sa ganang kay Ben-Zayb, ang gayon, ay pagpatay sa isa niyang anak na napakaganda’t napakatapang, na inianak at inalagaan nang lubhang malaki ang paghihirap at pagpapagal at ¿saan niya iuukol ngayon ang mainam na pagtatatakap, ang magandang paghahayag ng mga paghahandang may katapangan at pagpaparusa?"
El Filibusterismo,36,MGA KAGIPITAN NI BEN-ZAYB,24,"At alalahanin, na sa loob ng isa o dalawang buwan ay iiwan niya ang Pilipinas, at ang sinulat na iyon ay hindi mangyayaring lumabas sa España, sapagka’t ¿papano ang pagsasabi noon sa mga salarin sa Madrid, sa ang naghahari doon ay ibang pagkukuro, humahanap ng mga pangyayaring nakapagpapagaan ng sala, tinitimbang ang mga pangyayari, may mga jurado, ibp.?"
El Filibusterismo,36,MGA KAGIPITAN NI BEN-ZAYB,25,"Ang mga sulat na gaya ng kaniya ay kawangis ng ilang aguardienteng may lason na ginagawa sa Europa, na mabuting ipagbili lamang sa mga taong itim, good for negroes, na ang kaibhan lamang ay ang kung hindi mainom ng mga maiitim ay hindi nangasisira, samantalang ang mga sulat ni Ben-Zayb, basahin man o hindi ng mga pilipino, ay nagkakaroon din ng bisa."
El Filibusterismo,36,MGA KAGIPITAN NI BEN-ZAYB,26,—¡Kung bukas o makalawa man lamang sana ay may mangyayaring ibang pagkakasala!
El Filibusterismo,36,MGA KAGIPITAN NI BEN-ZAYB,27,—aniya.
El Filibusterismo,36,MGA KAGIPITAN NI BEN-ZAYB,28,"At sa harap ng pag-aalala doon sa anak niyang namatay bago malimbag, mga bukong nababad sa lamig, at sa pagkakaramdam na ang kaniyang mga mata’y nababasa ng luha, ay nagbihis upang makipagkita sa namamahala."
El Filibusterismo,36,MGA KAGIPITAN NI BEN-ZAYB,29,"Kinibit ng namamahala ang balikat: ipinagbawal ng General, sapagka’t kung mapag-alaman na pitong malalaking mga dioses ay nagpabayang mapagnakawan ng isang bala na, samantalang ikinukumpay ang mga tenedor at cuchillo, ay mapapanganib ang tibay ng Inang-bayan!"
El Filibusterismo,36,MGA KAGIPITAN NI BEN-ZAYB,30,At gayon ding ipinagbiling huwag paghanapin ni ang lampara ni ang magnanakaw at ipinagbibilin sa mga susunod sa kaniya na huwag mangahas na kumain sa alin mang bahay ng ibang tao nang hindi nalilibid ng mga alabardero at mga bantay.
El Filibusterismo,36,MGA KAGIPITAN NI BEN-ZAYB,31,"At sa dahilang ang mga nakaalam ng kaunti, sa mga nangyari sa bahay ni D. Timoteo ng gabing iyon, ay mga kawani at mga kawal ay hindi maliwag ang pabulaanan ang pangyayari sa harap ng madla: natutukoy sa katibayan ng inang-bayan."
El Filibusterismo,36,MGA KAGIPITAN NI BEN-ZAYB,32,"Sa harap ng pangalang ito’y itinungo na puno ng kagitingan ni Ben-Zayb ang kaniyang ulo, na iniisip si Abraham, si Guzman el Bueno o, si Brutus man lamang at ang iba pang matatandang magiting na nasa kasaysayan."
El Filibusterismo,36,MGA KAGIPITAN NI BEN-ZAYB,33,Ang gayong karaming paghihirap ay hindi mangyayaring hindi magkakaroon ng ganting pala.
El Filibusterismo,36,MGA KAGIPITAN NI BEN-ZAYB,34,Ang Dios ng mga mamamahayag ay nasiyahan kay Abraham-Ben-Zayb.
El Filibusterismo,36,MGA KAGIPITAN NI BEN-ZAYB,35,"Halos kasabay noon ay dumating ang anghel na taga-balita na taglay ang tupa, na, anyong isang pangloloob sa isang bahay liwaliwan sa baybay ng ilog Pasig, bahay na tinitirahan ng ilang prayle kung tag-init!"
El Filibusterismo,36,MGA KAGIPITAN NI BEN-ZAYB,36,"¡Yaon ang panahon, at si Abraham-Ben-Zayb ay nagpuri sa kaniyang dios!"
El Filibusterismo,36,MGA KAGIPITAN NI BEN-ZAYB,37,"—Ang mga tulisan ay nakakuha ng mahigit sa dalawang libong piso, sinugatan nang malubha ang isang pari at dalawang alila...."
El Filibusterismo,36,MGA KAGIPITAN NI BEN-ZAYB,38,"Ang kura ay nagtanggol sa likuran ng isang silla, na nagkasirasira sa kaniyang mga kamay......"
El Filibusterismo,36,MGA KAGIPITAN NI BEN-ZAYB,39,"—¡Hintay, hintay!"
El Filibusterismo,36,MGA KAGIPITAN NI BEN-ZAYB,40,"—ani Ben-Zayb na nagtatala;—apat o limangpung tulisang sa paraang taksil.... mga rebolber, itak, escopeta, pistola.... leong nananandata, silla.... putolputol.... sinugatan nang walang kaawa-awa... sampung libong piso......"
El Filibusterismo,36,MGA KAGIPITAN NI BEN-ZAYB,41,"At sa kagalakan, at dahil sa hindi pa lubos na nasisiyahan sa mga balita, ay tumungo sa pook na pinangyarihan, na, sa daan ay binabalak ang salaysay ng paglalaban."
El Filibusterismo,36,MGA KAGIPITAN NI BEN-ZAYB,42,¿Isang munting bigkas na tinuran ng namumuno?
El Filibusterismo,36,MGA KAGIPITAN NI BEN-ZAYB,43,¿Isang salitang paalipustang galing sa bibig ng pari?
El Filibusterismo,36,MGA KAGIPITAN NI BEN-ZAYB,44,"Lahat ng pagpaparis at talinghaga, na iniukol sa General, kay P. Irene at kay P. Salvi ay makakapit sa paring nasugatan, at ang salaysay na ukol sa magnanakaw ay sa bawa’t isang tulisan."
El Filibusterismo,36,MGA KAGIPITAN NI BEN-ZAYB,45,"Sa pagmumura ay maaaring lumawig pa, maaaring banggitin ang pananampalataya, ang pananalig, ang kaawaan, ang tugtog ng mga kampana, ang utang ng mga indio sa mga prayle, malungkot sa sarili at gumamit ng maraming banggit at mga himig na ayos Castelar."
El Filibusterismo,36,MGA KAGIPITAN NI BEN-ZAYB,46,Babasin yaon ng mga dalaga sa siyudad at sasabihing:
El Filibusterismo,36,MGA KAGIPITAN NI BEN-ZAYB,47,—Si Ben-Zayb ay mabangis na gaya ng leon at masuyo na gaya ng isang tupa!
El Filibusterismo,36,MGA KAGIPITAN NI BEN-ZAYB,48,"Nang dumating sa pook na pinangyarihan, ay napamangha siya nang makita na ang nasugatan, ay dili iba’t si P. Camorra, na tinakdaan ng kaniyang provincial na magdusa sa bahay liwaliwan, sa baybay ng ilog Pasig, dahil sa kaniyang pinaggagawa sa Tiani."
El Filibusterismo,36,MGA KAGIPITAN NI BEN-ZAYB,49,"May isang munting sugat sa kamay, isang bukol sa ulo dahil sa kaniyang pagkakatiwangwang; ang mga tulisan ay tatlo at ang mga sandata’y pawang itak; ang halagang nanakaw ay limang pung piso."
El Filibusterismo,36,MGA KAGIPITAN NI BEN-ZAYB,50,—¡Hindi mangyayari!
El Filibusterismo,36,MGA KAGIPITAN NI BEN-ZAYB,51,—ani Ben-Zayb;—magtigil kayo.... hindi ninyo alam ang inyong sinasabi!
El Filibusterismo,36,MGA KAGIPITAN NI BEN-ZAYB,52,"—¡Hindi ko malalaman, puñales!"
El Filibusterismo,36,MGA KAGIPITAN NI BEN-ZAYB,53,—¡Huwag kayong hangal!.... ang mga tulisan ay mahigit kay sa sinabi ninyo....
El Filibusterismo,36,MGA KAGIPITAN NI BEN-ZAYB,54,—¡Aba!
El Filibusterismo,36,MGA KAGIPITAN NI BEN-ZAYB,55,ang manghihitit na ito ng tinta....
El Filibusterismo,36,MGA KAGIPITAN NI BEN-ZAYB,56,Nagkaroon sila ng isang malaking pagtatalo.
El Filibusterismo,36,MGA KAGIPITAN NI BEN-ZAYB,57,"Ang mahalaga kay Ben-Zayb ay ang huwag masira ang isinulat, palakihin ang mga pangyayari upang kumapit ang kaniyang mga pinagturan."
El Filibusterismo,36,MGA KAGIPITAN NI BEN-ZAYB,58,Isang alingawngaw ang pumutol sa pagtatalo.
El Filibusterismo,36,MGA KAGIPITAN NI BEN-ZAYB,59,Ang mga tulisang nangahuli ay nangagpahayag ng malalaking bagay.
El Filibusterismo,36,MGA KAGIPITAN NI BEN-ZAYB,60,Isa sa mga tulisan ni Matanglawin (si kabisang Tales) ay tinipan sila sa Santamesa upang makisama sa kaniyang pulutong at looban ang mga kombento at ang mga bahay ng mga mayayaman....
El Filibusterismo,36,MGA KAGIPITAN NI BEN-ZAYB,61,"Ang mangungulo sa kanila’y isang kastilang mataas, kayumanggi, maputi ang buhok, na ang sabi’y gagawa nang gayon sa utos ng General na matalik niyang kaibigan, pinatibayan pa rin sa kanila na ang artilleria at ilang regimiento ay makikisama sa kanila, kaya’t wala silang dapat ikatakot."
El Filibusterismo,36,MGA KAGIPITAN NI BEN-ZAYB,62,Ang mga tulisan ay patatawarin at ang isang katlong bahagi ng masamsam ay ibibigay sa kanila.
El Filibusterismo,36,MGA KAGIPITAN NI BEN-ZAYB,63,"Ang palatandaan ay isang putok ng kanyon, at sa dahilang hindi dumatingdating ang kanilang inaantay na hudyat, ay inakala ng mga tulisan na sila’y biniro, ang ila’y nangagsiuwi, ang ilan ay nangagsibalik sa kanikanilang bundok at nangakong paghigantihan ang kastila, na makalawa nang nagkulang sa kaniyang salita."
El Filibusterismo,36,MGA KAGIPITAN NI BEN-ZAYB,64,"Sa gayon, silang mga nahuli ay nagnasang gumawa, kahi’t sa kanilang sarili, at linooban ang isang bahay liwaliwan na nasumpungan, at ipinangangakong ibigay na walang kakulangkulang ang dalawang katlong bahagi ng nasamsam kung paghahabulin ng kastilang maputi ang buhok."
El Filibusterismo,36,MGA KAGIPITAN NI BEN-ZAYB,65,"Sa pagkakawangki sa anyo ni Simoun ng mga tinurang ayos ay ipinalagay na hindi katotohanan ang mga pahayag na iyon, kaya’t binigyan ng katakottakot na pahirap ang magnanakaw, sampu ng makina electrica, dahil sa gayong kahalayhalay na tungayaw."
El Filibusterismo,36,MGA KAGIPITAN NI BEN-ZAYB,66,"Datapwa’t ang balitang pagkawala ng mag-aalahas na napuna ng lahat ng taga Escolta, at dahil sa pagkakatagpo ng mga bayong ng pulbura at maraming punlo sa kaniyang bahay, ay nagkaroon ng wari’y katotohanan ang pahayag ng tulisan at untiunting kumalat ang lihim, na nababalot ng ulap, nangagbulong-bulungan, umuubo, na ang tingi’y nanganganib, mga puntos suspensivos at maraming salitang pinalalaki na ukol sa mga gayong mga pangyayari."
El Filibusterismo,36,MGA KAGIPITAN NI BEN-ZAYB,67,"Ang mga nakabatid ng lihim ay hindi matapos tapos sa pagkakamangha, inihahaba ang mga mukha, nangamumutla at kunti nang nasiraan ng isip ang marami nang mapag-alaman ang ilang bagaybagay na hindi napuna."
El Filibusterismo,36,MGA KAGIPITAN NI BEN-ZAYB,68,—Mabuti’t nakaligtas tayo!
El Filibusterismo,36,MGA KAGIPITAN NI BEN-ZAYB,69,¿Sino ang makapagsasabi....?
El Filibusterismo,36,MGA KAGIPITAN NI BEN-ZAYB,70,"Nang kinahapunan, si Ben-Zayb, na punong puno ng mga rebolber at bala ang mga bulsa, ay dumalaw kay D. Custodio, na natagpuang masigasig na gumagawa ng isang panukala na laban sa mga mag-aalahas na amerikano."
El Filibusterismo,36,MGA KAGIPITAN NI BEN-ZAYB,71,Bumulong na marahang marahan sa tainga ng mamamahayag ng mga mahiwagang salita sa pag-itan ng dalawang palad na pinagtaklop.
El Filibusterismo,36,MGA KAGIPITAN NI BEN-ZAYB,72,—¿Tunay ba?
El Filibusterismo,36,MGA KAGIPITAN NI BEN-ZAYB,73,"—ang tanong ni Ben-Zayb na idinukot ang kamay sa bulsa, samantalang namumutla ng bahagya."
El Filibusterismo,36,MGA KAGIPITAN NI BEN-ZAYB,74,—At kahi’t saan matagpuan....
El Filibusterismo,36,MGA KAGIPITAN NI BEN-ZAYB,75,Tinapos ang salita sa isang galaw na makahulugan.
El Filibusterismo,36,MGA KAGIPITAN NI BEN-ZAYB,76,"Itinaas ang dalawang kamay hanggang pantay mukha, na ang kanan ay lalo pang baluktot kay sa kaliwa, ang mga palad ay tungo sa ibaba, ipinikit ang isang mata at makalawang gumalaw ng papasulong."
El Filibusterismo,36,MGA KAGIPITAN NI BEN-ZAYB,77,"—¡Psst, psst!"
El Filibusterismo,36,MGA KAGIPITAN NI BEN-ZAYB,78,—ang kaniyang sipol.
El Filibusterismo,36,MGA KAGIPITAN NI BEN-ZAYB,79,—¿At ang mga brillante?
El Filibusterismo,36,MGA KAGIPITAN NI BEN-ZAYB,80,—ang tanong ni Ben-Zayb.
El Filibusterismo,36,MGA KAGIPITAN NI BEN-ZAYB,81,—Kung matatagpuan....
El Filibusterismo,36,MGA KAGIPITAN NI BEN-ZAYB,82,"At gumawa ng isa pang kilos sa pamagitan ng mga daliri ng kanang kamay, na pinaikit-ikit mula sa harap hanggang sa likod at mula sa labas na papaloob, na wari kilos ng pamaypay na natitiklop, waring may iniipon, mga labayang umiikit na pumapalis nang patungo sa kaniya, na malinis ang pagkakapangdukot."
El Filibusterismo,36,MGA KAGIPITAN NI BEN-ZAYB,83,"Sinagot ni Ben-Zayb ng isa ring kilos, na pinapangdilat na mabuti ang mga mata, binalantok ang mga kilay at malakas na lumangap ng hangin, na waring ang hanging nakabubusog ay natuklasan na."
El Filibusterismo,36,MGA KAGIPITAN NI BEN-ZAYB,84,—Jhs!!!
El Filibusterismo,37,ANG HIWAGA,1,Todo se sabe.
El Filibusterismo,37,ANG HIWAGA,2,"Kahi’t na pinagkaingatan ng labis ay nakarating din sa kabatiran ng madla ang alingawngaw, subalit malaki na ang kaibhan at marami na ang kulang."
El Filibusterismo,37,ANG HIWAGA,3,"Yaon ang sanhi ng mga sang-usapan ng sumunod na kagabihan sa bahay ng isang mayamang mag-aanak na sina Orenda, na nangangalakal ng hiyas sa masipag na bayang Sta. Cruz."
El Filibusterismo,37,ANG HIWAGA,4,Siya na lamang naaatupag ng marami nilang kaibigan.
El Filibusterismo,37,ANG HIWAGA,5,"Hindi nangaglalaro ng tres-siete, ni nagtutugtugan ng piano, at ang munting si Tinay, ang pinakabata sa lahat ng dalaga, ay nayayamot sa paglalarong mag-isa ng sungka, na hindi mapag-unawa kung ano’t pinag-uusapan ang mga pangloloob, panghihimagsik, ang mga bayong ng pulbura, gayong may maraming magagandang sigay sa pitong bahay, na waring kinikindatan siya at nginingitian ng kanilang mga mumunting bibig, na nakabuka, upang isubi sa ina."
El Filibusterismo,37,ANG HIWAGA,6,"Si Isagani, na kung pumaparoon, ay laging nakikipaglaro sa kaniya at napadadayang matikabo, ay ayaw makingig sa kaniyang katatawag; pinakikinggang tahimik at malamlam ni Isagani ang isinasaysay ng platerong si Chichoy."
El Filibusterismo,37,ANG HIWAGA,7,"Si Momoy, ang katipan ni Sensia, ang pinakamatanda sa mga Orenda, maliksi at magandang dalaga kahi’t may kaunting pagka mapalabiro, ay umalis sa durungawang sa gabigabi’y laging pook ng pag-uusap nilang magsing-ibig."
El Filibusterismo,37,ANG HIWAGA,8,"Ang bagay na ito’y nakamumuhi sa loro na ang kulungan ay nakasabit sa pairap ng bahay, lorong minamahal ng lahat ng taga bahay sapagka’t marunong bumati sa lahat kung umaga sa pamagitan ng maiinam na salitang ukol sa pag-ibig."
El Filibusterismo,37,ANG HIWAGA,9,"Si kapitana Loleng, ang masipag at matalinong si kapitana Loleng, ay pigil na nakabukas ang kaniyang aklat talaan, ngunit hindi makuhang basahin ni masulatan; hindi minamasdan ang mga pinggan, na puno ng mga perlas na lagas, ni ang mga brillante; noon ay nakakalimot at ang pakikingig lamang ang ginagawa."
El Filibusterismo,37,ANG HIWAGA,10,"Ang kaniya nang asawa, ang dakilang si kapitang Toringoy, galing sa pangalang Domingo, ang lalong maligaya sa buong arabal, na walang gawa liban sa magbihis ng mainam, kumain, dumaldal, samantalang ang lahat ng kaanak ay gumagawa at nagsusumakit, ay hindi tumungo sa dati niyang pinaparoonang pinakikipaglipunan, at pinakikinggang natatakottakot at nangangamba ang mga kakilakilabot na ibinabalita ng payagot na si Chichoy."
El Filibusterismo,37,ANG HIWAGA,11,At hindi mangyayaring hindi magkagayon.
El Filibusterismo,37,ANG HIWAGA,12,"Si Chichoy ay naghatid ng ilang gawa kay D. Timoteo Pelaez, isang pares na hikaw ng bagong kasal, nang iginigiba pa naman ang kiosko na ginamit na kakainan ng mga may lalong mataas na kapangyarihan."
El Filibusterismo,37,ANG HIWAGA,13,Sa dakong ito’y namumutla si Chichoy at naninindig ang buhok.
El Filibusterismo,37,ANG HIWAGA,14,—Naku!
El Filibusterismo,37,ANG HIWAGA,15,"—aniya,—mga bayong ng pulbura sa ilalim ng tungtungan, sa bubungan, sa ilalim ng dulang, sa loob ng mga uupan, sa lahat ng sulok!"
El Filibusterismo,37,ANG HIWAGA,16,Mabuti na lamang at wala isa mang manggagawang humihitit!
El Filibusterismo,37,ANG HIWAGA,17,—At ¿sino ang naglagay ng mga bayong na iyon ng pulbura?
El Filibusterismo,37,ANG HIWAGA,18,"—ang tanong ni kapitana Loleng, na may katapangan at hindi namumutla na gaya ng mangingibig na si Momoy."
El Filibusterismo,37,ANG HIWAGA,19,"Si Momoy ay dumalo sa kasalan, kaya’t may katuwiran ang kaniyang nahuling pangingilabot."
El Filibusterismo,37,ANG HIWAGA,20,Si Momoy ay napalapit sa kiosko.
El Filibusterismo,37,ANG HIWAGA,21,"—Iyan ang walang makapagsabi,—ang sagot ni Chichoy:—¿sino ang dapat magkaroon ng hangad na guluhin ang kapistahan?"
El Filibusterismo,37,ANG HIWAGA,22,"Wala kundi iisa lamang, ang sabi ng bantog na abogadong si G. Pasta na naroong dumalaw, o isang kagalit ni D. Timoteo o isang kaagaw ni Juanito...."
El Filibusterismo,37,ANG HIWAGA,23,Ang mga dalagang Orenda ay biglang napalingon kay Isagani: si Isagani’y tahimik na ngumiti.
El Filibusterismo,37,ANG HIWAGA,24,"—Magtago kayo,—ang sabi sa kaniya ni kapitana Loleng;—baka kayo pagbintangan.... magtago kayo!"
El Filibusterismo,37,ANG HIWAGA,25,Muling ngumiti si Isagani at hindi sumagot nang anoman.
El Filibusterismo,37,ANG HIWAGA,26,"—Hindi maalaman ni D. Timoteo—ang patuloy ni Chichoy,—kung sino ang may kagagawan; siya ang namahala sa pagpapagawa, siya at ang kaibigan niyang si Simoun, at wala na."
El Filibusterismo,37,ANG HIWAGA,27,"Sa bahay ay nagkagulo, dumating ang teniente ng Veterana, at matapos na ipagbilin sa lahat ang paglilihim ay pinaalis ako."
El Filibusterismo,37,ANG HIWAGA,28,Ngunit....
El Filibusterismo,37,ANG HIWAGA,29,—Ngunit.... ngunit....
El Filibusterismo,37,ANG HIWAGA,30,—ang bulong na nanginginig ni Momoy.
El Filibusterismo,37,ANG HIWAGA,31,—Naku!
El Filibusterismo,37,ANG HIWAGA,32,—ang sabi ni Sencia na tiningnan ang kaniyang nobio at nanginginig din dahil sa pagka-alaalang naparoon sa pista:—ang señoritong ito.... kung sakaling pumutok....
El Filibusterismo,37,ANG HIWAGA,33,At tiningnan ng matang galit ang kaniyang iniibig at hinahangaan ang kaniyang katapangan.
El Filibusterismo,37,ANG HIWAGA,34,—Kung sakaling pumutok....
El Filibusterismo,37,ANG HIWAGA,35,—Walang matitirang buhay sa daang Anloague!
El Filibusterismo,37,ANG HIWAGA,36,—ang dagdag ni kapitang Toringoy na nagpatanaw ng katapangan at pagwawalang bahala sa kaniyang anak.
El Filibusterismo,37,ANG HIWAGA,37,"—Ako’y umuuwing litong lito,—ang patuloy ni Chichoy,—na iniisip na kahi’t isang titis lamang, isang sigarilyo, ay nagkataong nahulog o may sumabog na isang lampara, sa mga sandaling ito’y wala tayong General, ni Arsobispo, ni anoman, ni mga kawani man lamang!"
El Filibusterismo,37,ANG HIWAGA,38,Abo ang lahat ng napatungo sa pista kagabi!
El Filibusterismo,37,ANG HIWAGA,39,—¡Virgen Santisima!
El Filibusterismo,37,ANG HIWAGA,40,ang maginoong ito....
El Filibusterismo,37,ANG HIWAGA,41,—¡Susmariosep!
El Filibusterismo,37,ANG HIWAGA,42,—ang bulalas ni kapitana Loleng;—ang lahat ng may utang sa atin ay naroroon; susmariosep!
El Filibusterismo,37,ANG HIWAGA,43,At mayroon kaming isang bahay na malapit doon.
El Filibusterismo,37,ANG HIWAGA,44,¿Sino kaya ang?...
El Filibusterismo,37,ANG HIWAGA,45,"—Ngayon ninyo malalaman,—ang patuloy ni Chichoy na mahina ang boses,—ngunit kailangan ninyong ipaglihim."
El Filibusterismo,37,ANG HIWAGA,46,"Ngayong hapon ay aking natagpuan ang isa kong kaibigang manunulat sa isang kawanihan, at sa pag-uusap namin ng ukol sa bagay na iyan ay sinabi sa akin ang lihim: nabatid niya sa ilang kawani...."
El Filibusterismo,37,ANG HIWAGA,47,¿Sino sa akala ninyo ang naglagay ng mga bayong ng pulbura?
El Filibusterismo,37,ANG HIWAGA,48,Ikinibit ng marami ang kanilang balikat; si kapitang Toringoy lamang ang tumingin nang pasulyap kay Isagani.
El Filibusterismo,37,ANG HIWAGA,49,—¿Ang mga prayle?
El Filibusterismo,37,ANG HIWAGA,50,—¿Ang insik na si Quiroga?
El Filibusterismo,37,ANG HIWAGA,51,—¿Isang nag-aaral?
El Filibusterismo,37,ANG HIWAGA,52,—¿Si Makaraig?
El Filibusterismo,37,ANG HIWAGA,53,Si kapitang Toringoy ay umuubo at tinitingnan si Isagani.
El Filibusterismo,37,ANG HIWAGA,54,Si Chichoy ay nakangiting umiling.
El Filibusterismo,37,ANG HIWAGA,55,—¡Ang mag-aalahas na si Simoun!
El Filibusterismo,37,ANG HIWAGA,56,—Si Simoun!!!
El Filibusterismo,37,ANG HIWAGA,57,Isang katahimikang anak ng pagkakamangha ang sumunod sa mga salitang iyon.
El Filibusterismo,37,ANG HIWAGA,58,"Si Simoun, ang nag-uudyok ng kasamaan sa General, ang mayamang mangangalakal na pinaparoonan nila sa kaniyang bahay upang bilhan ng mga batong kalas, si Simoun na tumatanggap sa mga Orenda nang lubhang magalang at pinagsasabihan sila ng mga maiinam na pangungusap!"
El Filibusterismo,37,ANG HIWAGA,59,"Dahil nga sa ang balita’y waring hindi mangyayari, kung kaya’t pinaniwalaan."
El Filibusterismo,37,ANG HIWAGA,60,"Credo quia absurdum, ang sabi ni San Agustin."
El Filibusterismo,37,ANG HIWAGA,61,—Ngunit ¿wala ba si Simoun sa pista kagabi?
El Filibusterismo,37,ANG HIWAGA,62,—ang tanong ni Sensia.
El Filibusterismo,37,ANG HIWAGA,63,"—Naroroon,—ang sabi ni Momoy,—ngunit naalaala ko nga pala!"
El Filibusterismo,37,ANG HIWAGA,64,Umalis nang kami’y maghahapunan.
El Filibusterismo,37,ANG HIWAGA,65,Umalis upang kunin ang kaniyang handog sa kasal.
El Filibusterismo,37,ANG HIWAGA,66,—¿Ngunit hindi ba kaibigan ng General?
El Filibusterismo,37,ANG HIWAGA,67,¿hindi ba kasama ni D. Timoteo?
El Filibusterismo,37,ANG HIWAGA,68,"—Opo, nakipagsama upang magawa ang pakay at nang mapatay ang lahat ng kastila."
El Filibusterismo,37,ANG HIWAGA,69,—¡Ah!
El Filibusterismo,37,ANG HIWAGA,70,"—ani Sensia,—ngayon ko nalinawan!"
El Filibusterismo,37,ANG HIWAGA,71,—¿Ang alin?
El Filibusterismo,37,ANG HIWAGA,72,—Ayaw ninyong paniwalaan si tia Tentay.
El Filibusterismo,37,ANG HIWAGA,73,Si Simoun ay siyang diablo na nakabili sa kaluluwa ng lahat ng kastila.... sinasabi na ni tia Tentay!
El Filibusterismo,37,ANG HIWAGA,74,"Si kapitana Loleng ay nag-antanda, hindi mapalagay na tiningnan ang mga bato na nanganganib siyang makitang maging baga; hinubad ni kapitang Toringoy ang sinsing na galing kay Simoun."
El Filibusterismo,37,ANG HIWAGA,75,"—Si Simoun ay nawala nang hindi nag-iwan ng bakas,—ang dagdag ni Chichoy;—hinahanap siya ng guardia sibil."
El Filibusterismo,37,ANG HIWAGA,76,—Oo!
El Filibusterismo,37,ANG HIWAGA,77,"—ang sabi ni Sensia,—hanapin nila ang demonio!"
El Filibusterismo,37,ANG HIWAGA,78,At nag-antanda.
El Filibusterismo,37,ANG HIWAGA,79,"Ngayon nila nalinawan ang maraming bagay, ang malaking kayamanan ni Simoun, ang katangitanging amoy ng kaniyang bahay, amoy asupre."
El Filibusterismo,37,ANG HIWAGA,80,"Si Binday, isa sa mga dalagang Orenda, mapaniwalain at kaigaigayang binibini, ay nakaalaalang nakakita ng mga apoy na bughaw sa bahay ng mag-aalahas, nang isang hapon na kasama ang ina’y naparoon sila upang mamili ng bato."
El Filibusterismo,37,ANG HIWAGA,81,"Si Isagani’y taimtim na nakikingig, na walang kaimik-imik."
El Filibusterismo,37,ANG HIWAGA,82,"—¡Kaya pala, kagabi....!"
El Filibusterismo,37,ANG HIWAGA,83,—ang pabulong ni Momoy.
El Filibusterismo,37,ANG HIWAGA,84,—¿Kagabi?
El Filibusterismo,37,ANG HIWAGA,85,—ang ulit ni Sensia na may panibugho’t nasang makaalam.
El Filibusterismo,37,ANG HIWAGA,86,"Hindi makapangahas na makapagpatuloy si Momoy, ngunit nawala ang kaniyang takot dahil sa mukhang ipinatanaw sa kaniya ni Sensia."
El Filibusterismo,37,ANG HIWAGA,87,"—Kagabi, samantalang kami’y humahapon, ay nagkaroon ng isang gulo; ang ilaw sa kinakainan ng General ay namatay."
El Filibusterismo,37,ANG HIWAGA,88,Sinasabing ninakaw ng isang hindi nakilala kung sino ang lamparang handog ni Simoun.
El Filibusterismo,37,ANG HIWAGA,89,—¿Isang magnanakaw?
El Filibusterismo,37,ANG HIWAGA,90,¿Isa sa mga Mano Negra?
El Filibusterismo,37,ANG HIWAGA,91,Si Isagani ay tumindig at nagpalakadlakad.
El Filibusterismo,37,ANG HIWAGA,92,—¿At hindi nahuli?
El Filibusterismo,37,ANG HIWAGA,93,—Lumundag sa ilog; walang nakakita sa kaniya.
El Filibusterismo,37,ANG HIWAGA,94,May nagsasabing kastila raw; anang iba’y insik; ang iba’y indio....
El Filibusterismo,37,ANG HIWAGA,95,"—Inaakalang sa pamagitan ng lamparang iyon,—ang tugon ni Chichoy;—ay pag-aalabin ang buong bahay, ang pulbura...."
El Filibusterismo,37,ANG HIWAGA,96,"Muling nanginig si Momoy, ngunit nang makitang naramdaman ni Sensia ang kaniyang katakutan, ay tinangkang iayos."
El Filibusterismo,37,ANG HIWAGA,97,—¡Sayang!
El Filibusterismo,37,ANG HIWAGA,98,"—ang bulalas na nilakasan ang loob,—¡masama ang nagawa ng magnanakaw!"
El Filibusterismo,37,ANG HIWAGA,99,Nangamatay sanang lahat....
El Filibusterismo,37,ANG HIWAGA,100,Tiningnan siyang gulilat ni Sensia; ang mga babai’y nangag-angtanda.
El Filibusterismo,37,ANG HIWAGA,101,Si kapitang Toringoy na natatakot sa politika ay umanyong lalayo.
El Filibusterismo,37,ANG HIWAGA,102,Si Isagani ang tinungo ni Momoy.
El Filibusterismo,37,ANG HIWAGA,103,"—Kailan ma’y hindi mabuti ang kumuha ng hindi sariling ari,—ang sagot ni Isagani na may matalinghagang ngiti;—kung nalalaman lamang ng magnanakaw na iyon kung ano ang pinapakay at nakapag-isip sana, ay tunay na hindi gagawin ang gayon!"
El Filibusterismo,37,ANG HIWAGA,104,At idinagdag matapos ang munting hinto:
El Filibusterismo,37,ANG HIWAGA,105,—Pantayan man ng kahi’t gaano’y hindi ako lalagay sa kalagayan niya.
El Filibusterismo,37,ANG HIWAGA,106,At nagpatuloy sila sa pagkukurokuro at pagpapalapalagay.
El Filibusterismo,37,ANG HIWAGA,107,"Makaraan ang isang oras, ay nagpaalam na si Isagani sa mag-aanak upang manirahan na sa habang buhay sa piling ng kaniyang amain."
El Filibusterismo,38,KASAWIAN,1,Si Matanglawin ay siyang kilabot sa Luson.
El Filibusterismo,38,KASAWIAN,2,Ang kaniyang pangkat ay sisipot kung minsan sa isang lalawigang hindi inaakalang kaniyang lulusubin at kung minsan ay biglang susulpot sa isang lalawigang humahandang maglaban sa kaniya.
El Filibusterismo,38,KASAWIAN,3,"Susunugin ang isang kabyawan sa Batangan, sisirain ang mga pananim; kinabukasan ay papatayin ang hukom pamayapa sa Tiani, sa isa pa’y lolooban ang isang bayan sa Kabite at kukunin ang lahat ng armas sa tribunal."
El Filibusterismo,38,KASAWIAN,4,"Ang mga lalawigang panggitna, mula sa Tayabas hanggang Pangasinan, ay inaabot ng kaniyang mga kabangisan at ang kaniyang madugong pangalan ay umaabot hanggang Albay, sa timog, at sa hilaga’y hanggang Kagayan."
El Filibusterismo,38,KASAWIAN,5,"Sapagka’t inalisan ng sandata ang mga bayanbayan dahil sa pagkukulang ng tiwala ng isang mahinang pamahalaan ay nahuhulog sa kaniyang mga kamay na waring walang kabuluhang bihag; paglapit niya, ay iniiwan ng mga manananim ang kanilang mga bukid, ang mga hayop ay napupuksa at isang bakas na dugo at apoy ang nagiging tanda ng kaniyang pagdaraan."
El Filibusterismo,38,KASAWIAN,6,"Hinahalay ni Matanglawin ang lahat ng mga mahihigpit na kautusang laban sa mga tulisan: walang napapahirapan sa mga kautusang yaon kundi ang mga naninirahan sa mga nayon, na kaniyang binibihag o sinasalanta kung naglalaban, o kung nakikipagkasundo sa kaniya ay ipinalalamog o ipinatatapon ng pamahalaan, kung sakaling dumarating sa pagtatapunan at hindi abutin ng malubhang sakuna sa paglalakbay."
El Filibusterismo,38,KASAWIAN,7,Dahil sa gayong kalagayan ay marami sa mga taga bukid ang sumasailalim sa kaniyang kapangyarihan.
El Filibusterismo,38,KASAWIAN,8,"Sanhi sa kakilakilabot na kaparaanang ito, ang naghihingalo nang pangangalakal ng mga bayan ay nagpatuloy na namatay ng lubusan."
El Filibusterismo,38,KASAWIAN,9,"Ang mayaman ay hindi makapangahas na makapaglakbay, at ang mahihirap ay natatakot na mahuli ng guardia sibil, na, dahil sa nauutusang umusig sa mga tulisan ay madalas na hinuhuli ang unang masumpungan at pinahihirapan ng katakot-takot."
El Filibusterismo,38,KASAWIAN,10,"Sa kaniyang di karapatan, ang pamahalaan ay nagpapakita ng kalakasan sa mga taong kaniyang pinaghihinalaan, upang, sa kapapahirap, ay huwag mahalata ng mga bayan ang kaniyang kahinaan, ang takot na nagtatakda ng mga gayong kautusan."
El Filibusterismo,38,KASAWIAN,11,"Isang hanay ng mga kaawaawang ito na pinaghihinalaan, mga anim o pito, na nangakabaliti ng abot siko at nangatataling wari’y piling nang tao, ay nangaglalakad isang tanghaling tapat sa isang daang namamaybay sa isang bundok, na dala ng sampu o labing dalawang guardia na nangakabaril."
El Filibusterismo,38,KASAWIAN,12,Lubhang matindi ang init.
El Filibusterismo,38,KASAWIAN,13,"Ang mga bayoneta ay nagkikintaban sa araw, ang kanyon ng mga baril ay nag-iinit, at ang mga dahon ng sambong na nalalagay sa mga kapasete ay halos hindi makapagpahina sa tindi ng nakasusunog na araw sa buwan ng Mayo."
El Filibusterismo,38,KASAWIAN,14,"Dahil sa hindi maikilos ang mga bisig at nangagkakadikitan, upang huwag gumamit ng maraming lubid, ay lumalakad ang mga huli na halos lahat ay walang takip sa ulo at mga walang sapin ang paa: mabuti na ang may isang panyong nakatali sa ulo."
El Filibusterismo,38,KASAWIAN,15,"Hingal na hingal, hirap, punong puno ng alikabok na nagiging putik dahil sa pawis, ay nararamdamang natutunaw ang kanilang utak, may lumilipanang ilaw sa kaitaasan, mga badhang pula sa himpapawid."
El Filibusterismo,38,KASAWIAN,16,"Ang kapataan at ang panghihina ay nalalarawan sa kanilang pagmumukha, ang paghihinagpis, ang pagkagalit, isang bagay na hindi mawari, tinging mamamatay na sumusumpa, taong naiinip sa buhay, sa sarili, na nagtutungayaw sa Dios...."
El Filibusterismo,38,KASAWIAN,17,"Ang mga lalong nakapagtatagal ay itinutungo ang ulo, ikinukuskos ang mukha sa maruming likuran ng sinusundan upang mapahid ang pawis na tumatakip sa kanilang mga mata; ang marami’y pipilay-pilay."
El Filibusterismo,38,KASAWIAN,18,"Kapag may nakaabala sa lakad dahil sa pagkadapa ay madidingig ang isang tungayaw at lalapit ang isang sundalo na iniwawasiwas ang isang sanga, na kinuha sa isang puno, at pinipilit na pinatitindig sa palo dito’t palo doon."
El Filibusterismo,38,KASAWIAN,19,"Sa gayo’y tumatakbo ang hanay, na, kaladkad ang nadapa na nagugumon sa alabok at umuungal na hinihinging siya’y patayin: sa isang pagkakataon ay napapatindig, napapatayo, at saka ipinatutuloy ang kaniyang paglakad na umiiyak na wari’y bata at isinusumpa ang oras na siya’y naging tao."
El Filibusterismo,38,KASAWIAN,20,"Ang piling na tao ay maminsan minsang humihinto samantalang nangagsisiinom ang mga may dala sa kanila, at pagkatapos ay ipatutuloy ang lakad na ang bibig ay tuyo, ang pag-iisip ay madilim at ang puso’y puno ng paglait."
El Filibusterismo,38,KASAWIAN,21,Ang uhaw ay siyang pinakamunting bagay na inaalintana ng mga kaawaawang taong iyon.
El Filibusterismo,38,KASAWIAN,22,"—¡Lakad, mga anak ng p....!"
El Filibusterismo,38,KASAWIAN,23,"—ang sigaw ng sundalo, na nakapagpanibagong lakas, na ibinigkas ang karaniwang lait ng mga pilipinong pinakadukha."
El Filibusterismo,38,KASAWIAN,24,"At sumasagitsit ang sanga at tumatama sa likuran ng kahi’t sino, ng lalong nalalapit, kung minsan ay tumatama sa isang mukha, nag-iiwan muna ng isang bakas, pagkatapos ay mapula, at mayamaya’y marumi dahil sa alikabok ng lansangan."
El Filibusterismo,38,KASAWIAN,25,—¡Lakad mga duwag!
El Filibusterismo,38,KASAWIAN,26,—ang sigaw sa wikang kastila na pinalalaking mabuti ang boses.
El Filibusterismo,38,KASAWIAN,27,—¡Manga duwag!
El Filibusterismo,38,KASAWIAN,28,—ang ulit ng alingawngaw ng bundok.
El Filibusterismo,38,KASAWIAN,29,"At tinutulinan ang lakad ng mga duwag, sa silong ng langit na wari’y nagbabagang bakal, sa isang daang nakapapaso na iniaaboy ng mabukong sanga na naluluray sa malatay na balat."
El Filibusterismo,38,KASAWIAN,30,Ang lamig sa Siberia ay mabuti pa kay sa araw sa buwan ng Mayo sa Pilipinas!
El Filibusterismo,38,KASAWIAN,31,"Gayon man, sa mga sundalo ay may isang namumuhi sa gayong mga kabangisang walang kapararakan: lumalakad ng walang imik at kunot ang kilay na waring masama ang loob."
El Filibusterismo,38,KASAWIAN,32,"Sa kahulihulihan, nang makita na ang guardia ay hindi na nasisiyahan sa sanga kundi pinagsisipa pa ang mga huli na napaparapa, ay hindi na nakapagpigil at bugnot na sumigaw nang:"
El Filibusterismo,38,KASAWIAN,33,"—Hoy, Mautang, bayaan mo na silang lumakad na mapayapa!"
El Filibusterismo,38,KASAWIAN,34,Si Mautang ay lumingong napamangha.
El Filibusterismo,38,KASAWIAN,35,"—At ano ang mayroon sa iyo, Carolino?"
El Filibusterismo,38,KASAWIAN,36,—ang tanong.
El Filibusterismo,38,KASAWIAN,37,"—Sa ganang akin ay wala, ngunit naaawa ako!"
El Filibusterismo,38,KASAWIAN,38,—ang sagot ni Carolino;—mga tao rin iyang kagaya natin!
El Filibusterismo,38,KASAWIAN,39,—Napagkikilalang baguhan ka pa!
El Filibusterismo,38,KASAWIAN,40,"—ang pakli ni Mautang na tumawang may habag,—¿kung gayo’y ano ang inaasal ninyo sa mga mahuli sa labanan?"
El Filibusterismo,38,KASAWIAN,41,—Mabuting di sapala kay sa ganiyan!
El Filibusterismo,38,KASAWIAN,42,—ang sagot ni Carolino.
El Filibusterismo,38,KASAWIAN,43,"Napahintong sandali si Mautang, at pagkatapos, waring nakatagpo ng isasagot ay panatag na tumugon, na:"
El Filibusterismo,38,KASAWIAN,44,"—A, ang mga huli doon ay mga kaaway at lumalaban, samantalang ang mga ito ay.... ito’y mga kababayan natin!"
El Filibusterismo,38,KASAWIAN,45,At lumapit na ibinulong kay Carolino:
El Filibusterismo,38,KASAWIAN,46,—¡Napakahangal ka!
El Filibusterismo,38,KASAWIAN,47,"Ginagawa sa kanila ang ganiyan upang magtangkang lumaban o tumanan, at sa gayon ay.... pung!"
El Filibusterismo,38,KASAWIAN,48,Ang Carolino ay hindi sumagot.
El Filibusterismo,38,KASAWIAN,49,Ang isa sa mga huli ay namanhik na pahintulutan siyang tumigil sapagka’t mayroon lamang gagawing kailangan.
El Filibusterismo,38,KASAWIAN,50,—¡Ang pook na ito’y mapanganib!
El Filibusterismo,38,KASAWIAN,51,"—ang sagot ng kabo, na di mapalagay na tinitingnan ang bundok:—sulong!"
El Filibusterismo,38,KASAWIAN,52,—Sulong!
El Filibusterismo,38,KASAWIAN,53,—ang ulit ni Mautang.
El Filibusterismo,38,KASAWIAN,54,At humaging ang pamalo.
El Filibusterismo,38,KASAWIAN,55,Ang huli ay namilipit at tiningnan siya ng tinging may sumbat.
El Filibusterismo,38,KASAWIAN,56,—Mabangis ka pa kay sa tunay na kastila—ang sabi ng baliti.
El Filibusterismo,38,KASAWIAN,57,Tinugon siya ni Mautang ng ilang palo.
El Filibusterismo,38,KASAWIAN,58,"Halos sabay doo’y humaging ang isang punlo na sinundan ng isang putok: nabitiwan ni Mautang ang baril, bumitiw ng isang tungayaw at matapos madala sa dibdib ang dalawang kamay ay umikit at bumagsak."
El Filibusterismo,38,KASAWIAN,59,Nakita siya ng huli na kumikisay sa alikabok at linalabasan ng dugo sa bibig.
El Filibusterismo,38,KASAWIAN,60,—Tigil!
El Filibusterismo,38,KASAWIAN,61,—ang sigaw ng kabo na biglang namutla.
El Filibusterismo,38,KASAWIAN,62,Ang mga sundalo’y huminto at tumingin sa kanilang paligid.
El Filibusterismo,38,KASAWIAN,63,Isang munting buga ng aso ang lumalabas sa isang kasukalan sa dakong itaas.
El Filibusterismo,38,KASAWIAN,64,"Humaging ang isa pang punlo, nadingig ang isa pang putok at ang kabo’y namaluktot na nagtutungayaw at may sugat sa hita."
El Filibusterismo,38,KASAWIAN,65,Ang pulutong ay binabaka ng mga taong nangagkakanlong sa mga batong nasa kaitaasan.
El Filibusterismo,38,KASAWIAN,66,"Ang kabo, lipos kagalitan, ay tumuro sa dako ng kumpol ng mga baliti, at sumigaw nang:"
El Filibusterismo,38,KASAWIAN,67,—Fuego!
El Filibusterismo,38,KASAWIAN,68,"Ang mga huli ay nangapaluhod, na puno ng sindak."
El Filibusterismo,38,KASAWIAN,69,"Sa dahilang hindi maitaas ang mga kamay, ay nangagmamakaawang humahalik sa lupa at iniuuna ang ulo: may tumutukoy sa kanilang mga anak, may sa kaniyang ina na wala nang mag-aampon; ang isa’y nangangako ng salapi, binabanggit ng isa ang ngalan ng Dios, ngunit ang bunganga ng mga baril ay nakababa na at isang kakilakilabot na putok ang nagpapipi sa kanila."
El Filibusterismo,38,KASAWIAN,70,Sinimulan na ang pakikipagputukan sa mga nasa sa itaas na untiunting linaganapan ng aso.
El Filibusterismo,38,KASAWIAN,71,Dahil sa asong ito at sa kadalangan ng putok ay marahil hindi hihigit sa tatlo ang baril ng mga hindi nakikitang kalaban.
El Filibusterismo,38,KASAWIAN,72,"Samantala naman ay sumasagupa at nagpapaputok ang mga sundalo, nangagkakanlong sa mga puno ng kahoy, humihiga at nagpupumilit na makapaitaas."
El Filibusterismo,38,KASAWIAN,73,"Umiilandang ang mga putol-putol na bato, nababakli ang sanga ng mga puno, natutuklap ang lupa."
El Filibusterismo,38,KASAWIAN,74,Ang unang guardia na nagtangkang makapanhik ay gumulong na may tama ng punlo sa balikat.
El Filibusterismo,38,KASAWIAN,75,"Ang lihim na kalaban ay nakalalamang dahil sa kinalalagyan; ang mga matatapang na guardia na hindi marunong tumakbo ay kaunti nang umurong, sapagka’t nangahihinto at ayaw mangagsisulong."
El Filibusterismo,38,KASAWIAN,76,Ang pakikipaglabang iyon sa hindi nakikita ay nakasindak sa kanila.
El Filibusterismo,38,KASAWIAN,77,"Wala silang nakikita kundi pawang aso lamang at batuhan; walang boses ng tao, ni anino man lamang; mawiwikang nakipaglaban sila sa bundok."
El Filibusterismo,38,KASAWIAN,78,"—¡Hale, Carolino!"
El Filibusterismo,38,KASAWIAN,79,"Nasaan ang katalasan mong tumudla, p....!"
El Filibusterismo,38,KASAWIAN,80,—ang sigaw ng kabo.
El Filibusterismo,38,KASAWIAN,81,Nang mga sandaling iyon ay isang lalaki ang sumipot sa ibabaw ng isang bato at ikinukumpay ang baril na hawak.
El Filibusterismo,38,KASAWIAN,82,—¡Paputukan iyan!
El Filibusterismo,38,KASAWIAN,83,—ang sigaw ng kabo na bumitiw ng isang malaswang tungayaw.
El Filibusterismo,38,KASAWIAN,84,"Tatlong guardia ang sumunod, ngunit ang lalaki’y nakatayo rin; sumisigaw, ngunit hindi malinawan ang kaniyang sinasabi."
El Filibusterismo,38,KASAWIAN,85,"Ang Carolino ay napahinto, na waring nakikilala ang anyong iyon na nababalot ng liwanag ng araw."
El Filibusterismo,38,KASAWIAN,86,Ngunit binantaan siya ng kabo na tatarakan kung hindi magpapaputok.
El Filibusterismo,38,KASAWIAN,87,Tumudla ang Carolino at nadingig ang isang putok.
El Filibusterismo,38,KASAWIAN,88,Ang taong nasa bato ay umikit at nawalang kasabay ang sigaw na nakatulig sa Carolino.
El Filibusterismo,38,KASAWIAN,89,Isang kilusan ang nangyari sa kagubatan na waring nagpanakbuhan ang mga naroroon.
El Filibusterismo,38,KASAWIAN,90,"Sa gayo’y nangagsisalunga ang mga sundalo, na wala nang kalaban."
El Filibusterismo,38,KASAWIAN,91,"Isa pang lalaki na ikinukumpay ang isang sibat ang sumipot sa ibabaw ng mga bato; pinaputukan ng mga sundalo, at ang lalaki’y unti unting napayuko, pumigil sa isang sanga, isa pang putok at lumagpak na pasubasob sa bato."
El Filibusterismo,38,KASAWIAN,92,"Matuling nangagsipangunyapit ang mga sundalo, na inilagay sa dulo ng baril ang mga bayoneta at laan sa isang labanang subuan; ang Carolino’y siyang tanging dahandahan ang lakad, na ang tingin ay pasulingsuling, malamlam, na inaalala ang sigaw ng taong nabuwal dahil sa tama ng punlo."
El Filibusterismo,38,KASAWIAN,93,"Ang unang dumating sa kaitaasan ay nakatagpo ng isang matandang naghihingalo, na nakatimbuwang sa bato; sinaksak sa katawan ng bayoneta ngunit hindi man lamang kumisap ang matanda: ang mata’y nakatitig sa Carolino, isang titig na hindi mawari, at sa tulong ng mabutong kamay ay may itinuturo sa kaniyang nasa likod ng mga bato."
El Filibusterismo,38,KASAWIAN,94,"Ang mga sundalo’y nangapalingon at nakitang si Carolino ay maputlang maputla, nakanganga at sa paningin ay naglalarawan ng huling kislap ng pag-iisip."
El Filibusterismo,38,KASAWIAN,95,"Nakilala ng Carolino, na dili iba’t si Tano, ang anak ni kabisang Tales, na galing sa Carolinas, na ang naghihingalo ay ang kaniyang lelong, si matandang Selo, na, dahil sa hindi siya makausap ay naghahayag sa kaniya, sa tulong ng mga naghihingalong mata, ng isang kabuhayang lipus ng sakit."
El Filibusterismo,38,KASAWIAN,96,At nang bangkay na ay patuloy din sa pagtuturo ng isang bagay na nasa likod ng mga bato......
El Filibusterismo,39,KATAPUSAN,1,"Sa kaniyang ulilang tahanan, sa baybay ng dagat, na ang magalaw na ibabaw nito’y nakikita sa mga bukas na durungawan, na umaabot sa malayo, hanggang sa makiisa sa huling dako ng natatanaw, ay nililibang ni P. Florentino ang kaniyang pag-iisa sa pamag-itan ng pagtugtog sa armonium ng mga malulungkot at di masasayang tugtugin, na sinasaliwan ng maugong na alingawngaw ng mga alon at ng bulong ng mga sanga ng kagubatang kalapit."
El Filibusterismo,39,KATAPUSAN,2,"Manga tunog na mahahaba, malalakas, mahinagpis, na wari’y mga plegaria, kahi’t matitindi, ang lumalabas sa matandang panugtog; si P. Florentino, na isang tunay na musiko, ay tumutugtog ng alinsunod sa biglang udyok ng kalooban at sa dahilang siya’y nag-iisa, ay ibinubulalas ang mga kalungkutang taglay ng kaniyang puso."
El Filibusterismo,39,KATAPUSAN,3,Sadya ngang ang matanda’y malungkot.
El Filibusterismo,39,KATAPUSAN,4,Ang kaniyang mabuting kaibigan na si D. Tiburcio de Espadaña ay kaaalis pa lamang na umiilas sa pag-uusig ng asawa.
El Filibusterismo,39,KATAPUSAN,5,"Nang umagang iyon ay tumanggap ng isang sulat ng isang teniente ng guardia sibil, na ang sabi ay:"
El Filibusterismo,39,KATAPUSAN,6,“Minamahal kong Capellan: Katatanggap ko pa lamang ng isang telegrama ng komandante na ang sinasabi’y: español escondido casa Padre Florentino cojera remitira vivo muerto.
El Filibusterismo,39,KATAPUSAN,7,Sa dahilang ang telegrama ay lubhang maliwanag ay pagsabihan ninyo ang kaibigan upang huwag siyang matagpuan pagpariyan kong huhulihin siya sa ika walo ng gabi.
El Filibusterismo,39,KATAPUSAN,8,"Ang inyong tagisuyong,"
El Filibusterismo,39,KATAPUSAN,9,Perez.
El Filibusterismo,39,KATAPUSAN,10,”
El Filibusterismo,39,KATAPUSAN,11,Sunugin ninyo ang sulat.
El Filibusterismo,39,KATAPUSAN,12,"—A... a.... ang Victorinang ito, ang Victorinang ito!"
El Filibusterismo,39,KATAPUSAN,13,—ang pautal-utal na sabi ni D. Tiburcio;—a.... a.... ay mangyayaring umabot hanggang sa ako’y ipabaril.
El Filibusterismo,39,KATAPUSAN,14,"Hindi siya napigil ni P. Florentino: walang nahita sa pagpapaliwanag sa kaniya na ang ibig marahil sabihin ng salitang cojera ay cogera; na ang kastilang nagtatago ay hindi mangyayaring si D. Tiburcio kundi si Simoun, na may dalawang araw pa lamang na kararating, na sugatan at waring pinag-uusig, na huminging patuluyin."
El Filibusterismo,39,KATAPUSAN,15,"Si D. Tiburcio ay hindi napahinuhod; ang cojera ay ang kaniya ngang pagkapilay, ang tanda niya sa katawan: yaon ay pakana ni Victorina na ibig siyang matagpuang patay o buhay, gaya ng isinulat ni Isagani buhat sa Maynila."
El Filibusterismo,39,KATAPUSAN,16,At iniwan ng kaawaawang Ulises ang bahay ng pari upang magtago sa kubo ng isang mangangahoy.
El Filibusterismo,39,KATAPUSAN,17,Walang pag-aalinlangan si P. Florentino na ang kastilang hinahanap ay ang manghihiyas na si Simoun.
El Filibusterismo,39,KATAPUSAN,18,"Mahiwaga ang kaniyang pagdating, dugoduguan, mapanglaw at patangpata, na siya ang may pasan sa kaniyang takba."
El Filibusterismo,39,KATAPUSAN,19,"Sa tulong ng malaya’t masuyong pagpapatuloy ng mga pilipino ay tinanggap siya ng klerigo ng walang kaanoanomang kasiyasiyasat, at sa dahilang hindi pa umaabot sa kaniyang tainga ang mga nangyari sa Maynila ay hindi niya lubos na maisip ang gayong kalagayan."
El Filibusterismo,39,KATAPUSAN,20,"Ang tanging paghuhulong pumasok sa kaniyang pag-iisip ay ang pangyayari, na sa dahilang umalis na ang General, ang kaibigan at nag-aampon sa mag-aalahas, marahil ang mga kagalit nito, ang mga pinaslang, ang mga napinsalaan, ay nangagsipagbangon ngayon na sumisigaw ng higanti, at siya’y pinag-uusig ng samantalang General upang makuha sa kaniya ang kayamanang naipon."
El Filibusterismo,39,KATAPUSAN,21,Iyan ang sanhi ng pagtatanan!
El Filibusterismo,39,KATAPUSAN,22,Ngunit ang kaniyang mga sugat ay ¿saan nagbuhat?
El Filibusterismo,39,KATAPUSAN,23,¿Nagtangka kayang magpakamatay?
El Filibusterismo,39,KATAPUSAN,24,¿yaon kaya’y anak ng paghihiganti?
El Filibusterismo,39,KATAPUSAN,25,"¿anak kaya ng isang kapusukan, gaya ng ibig ipahiwatig ni Simoun?"
El Filibusterismo,39,KATAPUSAN,26,¿Tinanggap kaya niya yaon sa pag-ilas sa mga kawal na umuusig sa kaniya?
El Filibusterismo,39,KATAPUSAN,27,Ang huling paghuhulong ito ang siyang inaakala niyang siyang lalong nalalapit marahil sa katotohanan.
El Filibusterismo,39,KATAPUSAN,28,Nakatulong pa sa pagpapatibay sa gayong paghuhulo ang telegrama na katatanggap pa lamang niya at ang pagmamatigas ni Simoun sa mula’t mula pa na ayaw pagamot sa medikong nasa pangulong bayan ng lalawigan.
El Filibusterismo,39,KATAPUSAN,29,Ang tanging tinatanggap ng mag-aalahas ay ang pangangalaga ni D. Tiburcio at yaon pa man ay napaghahalatang wala siyang tiwala.
El Filibusterismo,39,KATAPUSAN,30,Sa pangyayaring ito’y itinatanong sa sarili ni P. Florentino ¿ano ang dapat niyang gawin pagdating ng guardia sibil na huhuli kay Simoun?
El Filibusterismo,39,KATAPUSAN,31,Sa kalagayan ng may sakit ay hindi mangyayari ang gumalaw at lalo pa manding hindi mangyayari ang maglakbay ng mahaba....
El Filibusterismo,39,KATAPUSAN,32,Ngunit sinasabi ng telegrama na patay o buhay......
El Filibusterismo,39,KATAPUSAN,33,Si P. Florentino ay huminto sa pagtugtog at lumapit sa durungawan upang tanawin ang dagat.
El Filibusterismo,39,KATAPUSAN,34,"Ang patag na ibabaw, na wala ni isa mang daong, ni isa mang layag, ay walang maiudyok sa kaniya."
El Filibusterismo,39,KATAPUSAN,35,"Ang pulong maliit na natatanaw na nag-iisa sa malayo, ay walang sinasabi sa kaniya kundi ang taglay na pag-iisa at lalo pa manding nagpapakilala nang pagkaulila ng tinatanaw na kalawakan."
El Filibusterismo,39,KATAPUSAN,36,Ang walang hanggang kalawakan kung minsan ay pipingpipi.
El Filibusterismo,39,KATAPUSAN,37,Tinangka ng matandang hulaan ang ngiting malungkot at pakutya na isinalubong ni Simoun sa balitang siya’y huhulihin.
El Filibusterismo,39,KATAPUSAN,38,¿Ano ang kahulugan ng ngiting iyon?
El Filibusterismo,39,KATAPUSAN,39,"¿At ang isa pang ngiti, na lalo pang malungkot at pakutya nang mabatid na sa ika walo pa ng gabi magsisidating?"
El Filibusterismo,39,KATAPUSAN,40,¿Ano ang ibig sabihin ng hiwagang iyon?
El Filibusterismo,39,KATAPUSAN,41,¿Bakit ayaw magtago si Simoun?
El Filibusterismo,39,KATAPUSAN,42,Sumaalaala niya yaong bantog na tinuran ni San Juan Crisostomo nang ipinagtanggol ang eunuco na si Eutropio: “¡Kailan man ay hindi naging lalong kapit na di gaya ngayon sabihing: Kapalaluan ng mga kapalaluan at ang lahat ay kapalaluan!
El Filibusterismo,39,KATAPUSAN,43,”
El Filibusterismo,39,KATAPUSAN,44,"—Oo, ang Simoung yaon na napakayaman, makapangyarihan, kinatatakutan, nang wala pang iisang linggo ang nakararaan, ngayon, ay sawing kapalaran pa kay Eutropio, humahanap ng matutuluyan, at hindi sa mga dambana ng isang simbahan, kundi sa dukhang bahay ng isang klerigong indio, na liblib sa kagubatan, sa ulilang baybay ng dagat!"
El Filibusterismo,39,KATAPUSAN,45,Kapalaluan ng mga kapalaluan at ang lahat ay kapalaluan!
El Filibusterismo,39,KATAPUSAN,46,"At ang taong yaon, sa loob ng ilang oras, ay huhulihin, aalisin sa hihigang kinahihiligan, na di igagalang ang kaniyang kalagayan, di bibigyang halaga ang kaniyang mga sugat, sa patay o buhay ay hinihingi siya ng kaniyang mga kaaway!"
El Filibusterismo,39,KATAPUSAN,47,¿Papano ang pagliligtas sa kaniya?
El Filibusterismo,39,KATAPUSAN,48,¿Saan matatagpo ang mga bigkas na nakaaakit ng obispo sa Constantinopla?
El Filibusterismo,39,KATAPUSAN,49,"Ano ang kapangyarihan ng kaniyang mga dukhang salita, ang salita ng isang klerigong indio, na ang kaniyang kaapihan ay waring ikinagagalak at iniuudyok pa nga ng Simoung iyon nang panahong siya’y nagtatagumpay."
El Filibusterismo,39,KATAPUSAN,50,"Hindi na naaalaala ni P. Florentino ang pawalang bahalang pagtanggap sa kaniya ng manghihiyas, na may dalawang buwan pa lamang ang nakararaan, nang siya’y pinakiusapan tungkol kay Isagani na nahuli dahil sa isang walang hunos diling sigabo ng kalooban; nalimot ang pagsusumakit ni Simoun upang madali ang pag-aasawa ni Paulita, pag-aasawang siyang nag-aboy kay Isagani sa isang matinding pag-ilag sa kapuwa tao, na siyang ikinababalino ng amain: nalimot ni P. Florentino ang lahat, at walang naaalaala kundi ang kalagayan ng may sakit, ang kaniyang katungkulan sa pagka may bahay, at sinasaliksik ang kaniyang pag-iisip, ¿Dapat niyang itago upang huwag masunod ang nasa ng may kapangyarihan?"
El Filibusterismo,39,KATAPUSAN,51,Ngunit ang may katawan ay walang kaligaligalig: ngumingiti....
El Filibusterismo,39,KATAPUSAN,52,Ito ang sumasaisip ng mabuting matanda nang dumating ang isang alila at sinabi sa kaniyang ibig siyang makausap ng may sakit.
El Filibusterismo,39,KATAPUSAN,53,"Tumungo sa kanugnog na silid, na malinis at maaliwalas na tahanan, na ang pinakasahig ay malalapad na tablang makikintab at makikinis, na may malalaki’t mabibigat na sillon, na may matandang ayos, walang barnis ni mga dibuho."
El Filibusterismo,39,KATAPUSAN,54,"Sa isang dako ay may isang katreng kamagong na may kaniyang apat na haliging pumipigil sa lalagyan ng kulambo, at sa siping ay may isang mesa na puno ng mga botella, hilatsa ng mga putol putol na kayo."
El Filibusterismo,39,KATAPUSAN,55,"Ang isang luhuran sa dakong ibaba ng isang Cristo at isang munting aklatan ang nagpapakilalang yaon ang silid ng pari, na ipinagamit sa tumuloy, alinsunod sa ugaling pagpapatuloy ng mga pilipino na ipagkaloob sa nanunuluyan ang lalong masarap na pagkain, ang lalong mabuting silid at ang lalong mabuting hihigan sa loob ng bahay."
El Filibusterismo,39,KATAPUSAN,56,"Nang makitang bukas na bukas ang lahat ng durungawan upang bayaang makapasok ang dalisay na hangin sa dagat at ang alingawngaw ng kaniyang walang patid na hinagpis, ay walang makapagsasabi sa Pilipinas na doo’y may isang may karamdaman, sapagka’t nakaugaliang ilapat ang mga bintana at sampu ng lalong maliliit na puang kailan pa ma’t may isang sinisipon o kaya’y nagdaramdam ng munting sakit ng ulo na walang kakabukabuluhan."
El Filibusterismo,39,KATAPUSAN,57,Tumingin si P. Florentino sa dako ng hihigan at namangha siya nang makitang wala na sa mukha ng may sakit ang anyong palagay at pakutya.
El Filibusterismo,39,KATAPUSAN,58,"Isang lihim na sakit ang wari’y nagpapakunot sa kaniyang kilay, sa kaniyang paningin ay namamalas ang di kapalagayang loob at ang kaniyang bibig ay napapangiwi dahil sa isang ngiting lipos ng sakit."
El Filibusterismo,39,KATAPUSAN,59,"—¿Nahihirapan baga kayo, ginoong Simoun?"
El Filibusterismo,39,KATAPUSAN,60,—ang masuyong tanong ng paring lumapit.
El Filibusterismo,39,KATAPUSAN,61,"—Kaunti, ngunit sa loob ng ilang sandali, ay matatapos na ang paghihirap ko—ang tugon na iginalaw ang ulo."
El Filibusterismo,39,KATAPUSAN,62,"Sindak na pinapagduop ni P. Florentino ang mga kamay, dahil sa waring nakilala ang kakilakilabot na katotohanan."
El Filibusterismo,39,KATAPUSAN,63,"—¿Ano ang ginawa ninyo, Dios ko?"
El Filibusterismo,39,KATAPUSAN,64,¿Ano ang inyong ininom?
El Filibusterismo,39,KATAPUSAN,65,—at iniunat ang kamay sa dakong kinalalagyan ng mga botella.
El Filibusterismo,39,KATAPUSAN,66,—Wala nang magagawa!
El Filibusterismo,39,KATAPUSAN,67,wala ng lunas!
El Filibusterismo,39,KATAPUSAN,68,—ang sagot sa tulong ng kasakitsakit na ngiti—¿ano ang ibig ninyong gawin ko?
El Filibusterismo,39,KATAPUSAN,69,bago tumugtog ang ika walo...
El Filibusterismo,39,KATAPUSAN,70,"Sa patay o sa buhay.... patay ay oo, ngunit buhay ay hindi."
El Filibusterismo,39,KATAPUSAN,71,"—¡Dios ko, Dios ko!"
El Filibusterismo,39,KATAPUSAN,72,¿ano ang ginawa ninyo?
El Filibusterismo,39,KATAPUSAN,73,—Huminahon kayo—ang putol ng may sakit sa tulong ng isang galaw ng mukha—ang nagawa’y nagawa na.
El Filibusterismo,39,KATAPUSAN,74,Hindi dapat na ako’y mahulog na buhay sa kamay ng sino man.... maaaring makuha ang aking lihim.
El Filibusterismo,39,KATAPUSAN,75,"Huwag kayong magambala, huwag kayong malito, wala nang magagawa...."
El Filibusterismo,39,KATAPUSAN,76,Pakinggan ninyo ako!
El Filibusterismo,39,KATAPUSAN,77,"Sasapit na ang gabi at kailangang huwag mag-aksaya ng panahon.... kailangan kong sabihin sa inyo ang aking lihim, kailangan kong ipagkatiwala sa inyo ang huli kong nasa.... kailangan kong makilala ninyo ang aking kabuhayan...."
El Filibusterismo,39,KATAPUSAN,78,"Sa mga sandaling ito na katangitangi ay ibig kong iibis sa akin ang isang pasanin, ibig kong paliwanagan ninyo sa akin ang isang pag-aalinlangan.... kayong may malaking pananalig sa Dios.... ibig kong sabihin ninyo sa akin kung may isang Dios!"
El Filibusterismo,39,KATAPUSAN,79,"—Ngunit isang panglunas sa lason, ginoong Simoun.... mayroon akong apomorfina.... mayroon akong eter, cloroformo...."
El Filibusterismo,39,KATAPUSAN,80,At humahanap ang pari ng isang botella hanggang si Simoun ay yamot na sumigaw.
El Filibusterismo,39,KATAPUSAN,81,—Wala nang mangyayari.... wala nang mangyayari!
El Filibusterismo,39,KATAPUSAN,82,Huwag kayong magaksaya ng panahon!
El Filibusterismo,39,KATAPUSAN,83,Yayaon akong dala ang aking lihim.
El Filibusterismo,39,KATAPUSAN,84,"Ang klerigo’y litong nagpatiluhod sa kaniyang reclinatorio, nanalangin sa paanan ng Cristo, isinubsob ang mukha sa dalawang kamay at pagkatapos ay tumindig na walang imik at kagalanggalang na waring tinanggap sa kaniyang Dios ang buong bagsik, ang buong sanghaya, ang buong kapangyarihan ng isang Hukom ng mga budhi."
El Filibusterismo,39,KATAPUSAN,85,Inilapit ang isang sillon sa dakong ulunan ng may sakit at humandang makingig.
El Filibusterismo,39,KATAPUSAN,86,"Sa mga unang salitang ibinulong sa kaniya ni Simoun, nang sabihin sa kaniya ang tunay na pangalan, ay napaurong ang matandang pari at tiningnang lipus sindak ang kaharap."
El Filibusterismo,39,KATAPUSAN,87,Ang may sakit ay malungkot na ngumiti.
El Filibusterismo,39,KATAPUSAN,88,"Dahil sa pagkakabigla ay hindi nasupil ang sarili, ngunit madaling nakapagpigil, at matapos na matakpan ng panyo ang mukha ay muling tumungo upang makingig."
El Filibusterismo,39,KATAPUSAN,89,"Isinalaysay ni Simoun ang kaniyang kasakitsakit na kabuhayan, ang pangyayaring may labing tatlong taon na, nang magbalik siyang galing sa Europa, na puno ng pag-asa at magagandang pangarap, ay umuwi siya upang makasal sa isang binibining iniirog, at laan sa paggawa ng kabutihan at magpatawad sa lahat nang gumagawa sa kaniya ng masama, bayaan lamang siyang mabuhay nang mapayapa."
El Filibusterismo,39,KATAPUSAN,90,Hindi nagkagayon.
El Filibusterismo,39,KATAPUSAN,91,"Isang mahiwagang kamay ang nag-aboy sa kaniya sa gitna ng isang kaguluhang gawagawa ng kaniyang kalaban; pangalan, yaman, pag-ibig, kinabukasan, kalayaan, nawala sa kaniya ang lahat at nakaligtas lamang sa kamatayan dahil sa kagitingan ng isang kaibigan."
El Filibusterismo,39,KATAPUSAN,92,Sa gayo’y isinumpa niyang maghihiganti.
El Filibusterismo,39,KATAPUSAN,93,"Nagtanan siyang dala ang kayamanan ng kaniyang kaanak, na nababaon sa isang gubat, nagtungo sa ibang lupain at inatupag niya ang pangangalakal."
El Filibusterismo,39,KATAPUSAN,94,"Nakilahok sa himagsikan sa Cuba, na tinulungan ang magkabilang pangkat, ngunit saan man, siya’y nakikinabang."
El Filibusterismo,39,KATAPUSAN,95,"Doon niya nakilala ang General, na noo’y komandante, na naging kakilala niya dahil sa pangungutang sa kaniya at pagkatapos ay naging kaibigan dahil sa ilang kataksilang ginawa na alam ng magaalahas ang lihim."
El Filibusterismo,39,KATAPUSAN,96,"Siya, sa tulong ng salapi ay nakuha niyang maparito ang General, at nang nasa Pilipinas na ay ginawa niyang isang bulag na kasangkapan at iniaboy niya sa paggawa ng lahat ng kasamaan na ang ginawa niyang pain ay ang walang habas na katakawan sa salapi."
El Filibusterismo,39,KATAPUSAN,97,"Ang pangungumpisal ay naging mahaba at mabigat, ngunit sa buong hinabahaba ay hindi nagpahalata ng anomang pagkakagulat ang nagpapakumpisal at bibihirang pinatlangan ang may sakit."
El Filibusterismo,39,KATAPUSAN,98,"Gabi na nang si P. Florentino, ay tumindig na pinapahid ang pawis sa mukha at nag-isip."
El Filibusterismo,39,KATAPUSAN,99,"Mahiwagang kadiliman ang naghahari sa loob ng silid, na pinupuno ng sinag ng buwan, na pumapasok sa mga durungawan, ng liwanag na malamlam at panganganinag na wari’y singaw."
El Filibusterismo,39,KATAPUSAN,100,"Sa gitna ng katahimikan, ang tingig ng pari ay nadingig na malungkot, banayad, ngunit mahimok:"
El Filibusterismo,39,KATAPUSAN,101,"—Patatawarin kayo ng Dios, ginoong...."
El Filibusterismo,39,KATAPUSAN,102,"Simoun,—ang sabi:—batid Niyang tayo’y anak sa pagkakamali, nakita Niya ang inyong tiniis, at sa pagpapahintulot na matagpuan ninyo ang kaparusahan ng inyong mga sala sa pagtatamo ng kamatayan sa kamay din ng mga iniaboy ninyo, ay nakikita natin ang Kaniyang walang hanggang awa!"
El Filibusterismo,39,KATAPUSAN,103,"Siya ang sumirang isa-isa sa inyong mga paraan, ang lalong mabubuti ang pagkakabalak, ang una sa pagkamatay ni Maria Clara, makaraan yaon ay dahil sa isang pagkakalingat, at pagkatapos ay sa isang paraang lubhang mahiwaga...."
El Filibusterismo,39,KATAPUSAN,104,¡sundin natin ang kaniyang kalooban at pasalamatan natin Siya!
El Filibusterismo,39,KATAPUSAN,105,"—Sa ganang inyo,—ang mahinang sagot ng maysakit,—ang kalooban niya ay, na, ang mga pulong ito’y...."
El Filibusterismo,39,KATAPUSAN,106,—Magpatuloy sa kalagayang kinasasadlakan?
El Filibusterismo,39,KATAPUSAN,107,—ang dugtong ng klerigo nang makitang ang isa’y huminto.
El Filibusterismo,39,KATAPUSAN,108,"—Hindi ko maalaman, ginoo; hindi ko mataho ang inaakala noong Hindi malirip!"
El Filibusterismo,39,KATAPUSAN,109,"Batid kong hindi pinabayaan sa mga mahihigpit na sandali ang mga bayang nananangan sa Kaniya at Siya ang ginawang hukom ng kanilang pagkasiil; alam ko na ang Kaniyang bisig ay hindi nawala kailan man kapag niyuyurakan na ang katwiran at ubos na ang lahat ng paraan, ay humawak na ng sandata ang sinisiil at nakipaglaban nang dahil sa kaniyang tahanan, dahil sa kaniyang asawa, dahil sa kaniyang mga anak, dahil sa kaniyang mga di maitatakwil na karapatan, na, gaya ng sabi ng makatang aleman, ay kumikinang ng walang pagkaagnas at matibay doon sa kaitaasan ng mga walang pagkapawing mga bituin!"
El Filibusterismo,39,KATAPUSAN,110,"Hindi, ang Dios na siyang katwiran, ay hindi mangyayaring magpabaya sa kaniyang layon, ang layong kalayaan na kung wala ay wala namang katwiran!"
El Filibusterismo,39,KATAPUSAN,111,—¿Kung gayon ay bakit ipinagkait sa akin ang kaniyang tulong?
El Filibusterismo,39,KATAPUSAN,112,"—ang tanong ng tingig ng maysakit, na lipus hinanakit."
El Filibusterismo,39,KATAPUSAN,113,—Sapagka’t pinili ninyo ang isang paraan na hindi Niya masasang-ayunan!
El Filibusterismo,39,KATAPUSAN,114,—ang sagot ng pari na matigas ang boses—ang kaluwalhatiang pagliligtas sa isang bayan ay hindi kakamtin ng isang nakatulong sa pagpapahirap sa kaniya!
El Filibusterismo,39,KATAPUSAN,115,Inakala ninyong ang dinungisan at sinira ng pagkakasala at kasamaan ay nangyayaring malinis at mailigtas ng isa ring pagkakasala at isa ring kasamaan!
El Filibusterismo,39,KATAPUSAN,116,Kamalian!
El Filibusterismo,39,KATAPUSAN,117,"Ang pagtatanim ay walang ibubunga kundi kakilakilabot na anyo; ang sala ay mga salarin; tanging ang pag-ibig ang nakagagawa ng mga bagay na kahangahanga, ang kabaitan lamang ang nakapagliligtas!"
El Filibusterismo,39,KATAPUSAN,118,"Hindi; kung balang araw, ang ating bayan ay magiging malaya ay hindi dahil sa masasamang hilig at pagkakasala, hindi sa paraang pasamain ang kaniyang mga anak, dayain ang ilan, bigyan ng salapi ang iba, hindi; ang kaligtasan ay may kahulugang kabanalan, ang kabanalan ay pagtitiis at pag-ibig."
El Filibusterismo,39,KATAPUSAN,119,—Siya!
El Filibusterismo,39,KATAPUSAN,120,"tinatanggap ko ang inyong sabi,—ang tugon ng maysakit, makaraan ang isang sandali;—ako’y namali; ngunit sa dahilang ako’y namali ¿ay ipagkakait na ba ng Dios na iyan ang kalayaan sa isang bayan at ililigtas ang maraming lalo pang salarin kay sa akin?"
El Filibusterismo,39,KATAPUSAN,121,¿ano na lamang ang kamalian ko sa piling ng mga pagkakasala ng mga namamahala?
El Filibusterismo,39,KATAPUSAN,122,¿Bakit pahahalagahan pa ng Dios na iyan ang aking kabuktutan kay sa mga daing ng napakaraming walang sala?
El Filibusterismo,39,KATAPUSAN,123,¿Bakit hindi ako sinugatan at pinagtagumpay pagkatapos ang bayan?
El Filibusterismo,39,KATAPUSAN,124,¿Bakit binabayaang magtiis ang gayong karaming mga karapatdapat at mga tapat na loob at nasisiyahang walang katigatigatig sa kanilang mga paghihirap?
El Filibusterismo,39,KATAPUSAN,125,—Ang mga tapat na loob at ang mga karapatdapat ay kailangang mangagtiis upang ang kanilang mga adhika’y makilala’t lumaganap!
El Filibusterismo,39,KATAPUSAN,126,"Kailangang iwaksi o basagin ang sisidlan upang halimuyak ang bango, kailangang pingkiin ang bato upang sumipot ang apoy!"
El Filibusterismo,39,KATAPUSAN,127,"Mayroon ding pasiya ng kalangitan sa mga paguusig ng mga maniniil, ginoong Simoun!"
El Filibusterismo,39,KATAPUSAN,128,"—Alam ko,—ang bulong ng may sakit—kaya nga’t inudyukan ko ang kabangisan...."
El Filibusterismo,39,KATAPUSAN,129,"—Tunay, kaibigan ko, ngunit ang lalong maraming sumabog ay ang may taglay na kabulukan!"
El Filibusterismo,39,KATAPUSAN,130,Pinalusog ninyo ang kabulukan sa kapamayanan nang hindi naghasik ng anomang adhikain.
El Filibusterismo,39,KATAPUSAN,131,"Sa pagtitiim na iyan ng mga masasamang hilig ay walang sisipot kundi ang pananawa, at kung mayroon mang biglang sumipot, ay hindi mangyayaring hindi kabuti lamang, sapagka’t sa biglabiglaan ay walang sisipot sa layak kundi ang kabuti."
El Filibusterismo,39,KATAPUSAN,132,"Tunay nga’t ang mga masasamang hilig ng isang pamahalaan ay makamamatay sa kaniya, ngunit pumapatay din naman sa kapisanang pinangyayarihan ng gayon."
El Filibusterismo,39,KATAPUSAN,133,"Sa isang pamahalaan na may masamang hilig ay bagay ang isang bayang walang tuus; sa pangasiwaang walang budhi ay mga mamamayang maninibad at mapangayupapa sa loob ng bayan, ngunit mga tulisan at magnanakaw sa mga kabundukan!"
El Filibusterismo,39,KATAPUSAN,134,"Kung ano ang panginoon, gayon ang alipin."
El Filibusterismo,39,KATAPUSAN,135,"Kung ano ang pamahalaan, gayon ang bayan."
El Filibusterismo,39,KATAPUSAN,136,Naghari ang sandaling pananahimik.
El Filibusterismo,39,KATAPUSAN,137,—Kung gayo’y ¿ano ang nararapat gawin?
El Filibusterismo,39,KATAPUSAN,138,—ang tanong ng tingig ng may sakit.
El Filibusterismo,39,KATAPUSAN,139,—¡Magtiis at gumawa!
El Filibusterismo,39,KATAPUSAN,140,—¡Magtiis.... gumawa!
El Filibusterismo,39,KATAPUSAN,141,—ang malungkot na ulit ng may sakit—¡ah!
El Filibusterismo,39,KATAPUSAN,142,madaling sabihin iyan kapag hindi nagtitiis.... kapag ang paggawa ay pinapagkakamit ng ganting-pala!....
El Filibusterismo,39,KATAPUSAN,143,"Kung hinihingan ng inyong Dios ang tao ng gayong karaming mga paghihirap, ang taong babahagya nang makapanangan sa kasalukuyan at nag-aalinlangan sa mangyayari sa kinabukasan; kung nakakita lamang kayo ng gaya ng mga napagkita kong mga maralita, mga kahabaghabag na nangagbata ng katakot-takot na pahirap dahil sa mga pagkakasalang hindi nila ginawa, mga pagpatay upang mapagtakpan ang sala ng iba o ang di kasapatan sa panunungkulan, mga kaawaawang ama na inagaw sa kanilang tahanan upang gumawa ng walang kapararakan sa mga lansangan na nasisira sa tuwing umaga at waring naglilibang lamang sa pagsusugba sa mga boo buong magkakaanak sa karalitaan...."
El Filibusterismo,39,KATAPUSAN,144,¡ah!
El Filibusterismo,39,KATAPUSAN,145,magtiis.... gumawa.... siyang kalooban ng Dios!
El Filibusterismo,39,KATAPUSAN,146,"Papanaligin ninyo sila na ang kanilang pagkamatay ay siya nilang kaligtasan, na ang kanilang paggawa ay siyang ikagiginhawa ng kanilang tahanan!"
El Filibusterismo,39,KATAPUSAN,147,Magtiis.... gumawa....
El Filibusterismo,39,KATAPUSAN,148,¿Anong Dios iyan?
El Filibusterismo,39,KATAPUSAN,149,"—Isang Dios na lubhang matapat, ginoong Simoun—ang sagot ng pari;—isang Dios na nagpaparusa sa kakulangan natin sa pananalig, sa ating masasamang hilig, sa munting pagpapahalaga natin sa karangalan, sa ating pagkamamamayan...."
El Filibusterismo,39,KATAPUSAN,150,"Pinababayaan natin at tayo’y nagiging katulong ng masamang hilig, kung minsan pa’y ating pinupuri ang gayon; kaya’t dapat, lubhang nararapat na batahin natin ang ibubunga at batahin din naman ng ating mga anak."
El Filibusterismo,39,KATAPUSAN,151,"Ang Dios ng kalayaan, ginoong Simoun, na siyang nag-uutos sa ating ibigin ito, at ginagawang maging mabigat sa atin ang pasanin; isang Dios ng kaawaan, ng pagpapantaypantay, na sabay sa pagpaparusa sa atin ay pinabubuti tayo, at ang binibigyan lamang ng mabuting kalagayan ay yaong nararapat bigyan dahil sa kaniyang pagsusumakit; ang paaralan ng pagtitiis ay nakapagpapatibay, ang kaparangan ng tunggalian ay nakapagpapalakas sa mga kaluluwa."
El Filibusterismo,39,KATAPUSAN,152,"Hindi ko ibig sabihin na ang ating kalayaan ay tuklasin sa talas ng sandata; ang espada ay di lubhang kagamitan sa mga bagong kabuhayan, ngunit, oo, ating tutuklasin sa pamagitan ng karapatan, sa pamagitan ng pagpapataas ng uri ng katwiran at ng karangalan ng tao, na ibigin ang tapat, ang mabuti, ang dakila, hanggang sa mamatay ng dahil dito, at kapag ang isang bayan ay nakasapit na sa gayong kalagayan, ang Dios ay nagbibigay ng sandata, at lumalagpak ang mga diosdiosan, lumalagpak ang mga maniniil na wari’y mga kastilyong baraha at kumikinang ang kalayaan na kasabay ng unang liwayway!"
El Filibusterismo,39,KATAPUSAN,153,"Ang ating kasamaan ay sa atin din buhat, huwag nating sisihin ang kahi’t sino."
El Filibusterismo,39,KATAPUSAN,154,"Kung nakikita ng España na tayo’y hindi lubhang masunurin sa pagpapahirap, at handa sa pakikipagtunggali at pagtitiis ng dahil sa ating mga karapatan, ang España ay siya nang unaunang magbibigay sa atin ng kalayaan, sapagka’t kapag ang bunga ng paglilihi ay dumating na sa pagkahinog ay ¡kahabaghabag ang inang magtangkang doo’y lumunod!"
El Filibusterismo,39,KATAPUSAN,155,"Subalit samantalang ang bayang pilipino ay wala pang sapat na katigasang loob upang ipahayag, na mataas ang noo at lantad ang dibdib, ang kaniyang karapatan sa pamamayan at patibayan ito sa pamagitan ng mga paghihirap, ng kaniyang sariling dugo; samantalang nakikita natin ang ating mga kababayan, sa kanilang sariling pamumuhay ay magdamdam hiya sa sariling kalooban, madingig ang sigaw ng kaniyang budhi na nagbabalikwas at tumututol, at sa lantarang pamumuhay ay hindi umimik, makisama sa pumapaslang upang kutyain ang pinaslang; samantalang nakikita nating naninirahan sa labis na paglingap sa sarili at pinupuri sa tulong ng pilit na ngiti ang lalong mahahalay na kagagawan, at nagmamakaawang hinihingi, sa pamagitan ng tingin, ang isang bahagi ng napala ¿ano’t bibigyan sila ng kalayaan?"
El Filibusterismo,39,KATAPUSAN,156,"Sa piling ng España o hiwalay sa España sila’y hindi mag-iiba, at marahil, marahil ay lalo pang sasama!"
El Filibusterismo,39,KATAPUSAN,157,¿Ano ang kailangan ng pag-sasarili kung ang mga alipin sa ngayon ay siyang magiging maniniil bukas?
El Filibusterismo,39,KATAPUSAN,158,At gayon nga ang kauuwian nila sapagka’t umiibig sa paniniil ang sumasailalim nito!
El Filibusterismo,39,KATAPUSAN,159,"Ginoong Simoun, samantalang ang ating bayan ay hindi pa nahahanda, samantalang tumutungo sa labanan nang nadadaya o naiaaboy, na walang lubos na kaalaman sa gagawin, ay masisira ang lalong matalinong pagtatangka at mabuti pa nga ang masira sapagka’t ¿ano’t ibibigay ang asawa sa lalaki kung hindi lubos na iniirog at hindi nalalaang magpakamatay nang dahil sa kaniya?"
El Filibusterismo,39,KATAPUSAN,160,"Naramdaman ni P. Florentino na pinigilan ng may sakit ang kaniyang kamay at pinisil; huminto na inantay na magsalita, ngunit ang tanging naramdaman niya ay ang dalawa pang pisil, nakadingig ng isang buntonghininga at mahabang katahimikan ang naghari sa loob ng silid."
El Filibusterismo,39,KATAPUSAN,161,"Ang dagat lamang, na ang mga alon ay nangagsilaki dahil sa hangin sa gabi na waring nagising sa init ng umaga, ang nagtatapon ng kaniyang paos na ungol, ng kaniyang walang katapusang awit, pag bayo sa mga nagtayong talampas."
El Filibusterismo,39,KATAPUSAN,162,"Ang buwan, na wala nang kalabang araw, ay payapang nagtatalik sa langit, at ang mga puno sa gubat na nangagyuyukuan ay nagsasalaysayan ng kanilang matatandang alamat sa pamag-itan ng mahiwagang bulungan na ipinaghahatidhatiran ng hangin."
El Filibusterismo,39,KATAPUSAN,163,"Nang makitang walang sinasabi sa kaniya ang may sakit, si Padre Florentino ay bumulong na wari’y natutubigan dahil sa isang iniisip:"
El Filibusterismo,39,KATAPUSAN,164,"—¿Nasaan ang kabataan na maglalaan ng kanilang mga magagandang sandali, mga pangarap at kasigabuhan sa ikabubuti ng kanilang bayan?"
El Filibusterismo,39,KATAPUSAN,165,"¿Nasaan ang malingap na magbububo ng kaniyang dugo upang hugasan ang ganiyang maraming kahihiyan, ang gayon karaming pagkakasala, ang gayon karaming bagay na kamuhimuhi?"
El Filibusterismo,39,KATAPUSAN,166,Malinis at walang bahid dungis ang kailangang maging buhay na alay upang ang handog ay maging karapatdapat!....
El Filibusterismo,39,KATAPUSAN,167,"¿Saan kayo nangaroon, mga kabinataan, na magtataglay ng lakas ng buhay na tumanan na sa aming mga ugat, ang kalinisan ng mga pagkukuro na nadungisan sa aming mga kaisipan at ang lagablab ng sigabo na namatay na sa aming mga puso?...."
El Filibusterismo,39,KATAPUSAN,168,"Inaantay namin kayo, oh mga binata, halikayo at kayo’y aming inaantay!"
El Filibusterismo,39,KATAPUSAN,169,"At sa dahilang naramdamang ang kaniyang mga mata’y pinangingiliran ng luha ay binitiwan ang kamay ng maysakit, tumindig at lumapit sa durungawan upang tanawin ang malawak na dagat."
El Filibusterismo,39,KATAPUSAN,170,Ilang mahinang katog sa pintuan ang pumukaw sa kaniya sa gayong pag-iisip.
El Filibusterismo,39,KATAPUSAN,171,Yaon ay ang alila na nagtatanong kung magsisindi ng ilaw.
El Filibusterismo,39,KATAPUSAN,172,"Nang ang pari’y lumapit sa may sakit at nakita ito, sa tulong ng liwanag ng lampara, na hindi kumikilos, nakapikit ang mga mata, ang kamay na pumigil sa kaniyang kamay ay nakabuka at nalalahad sa gilid ng hihigan, ay inakala niyang natutulog; ngunit nang maramdamang hindi humihinga, ay marahan niyang hinipo at saka pa lamang nahalatang patay: unti-unti nang lumalamig."
El Filibusterismo,39,KATAPUSAN,173,Nang magkagayo’y lumuhod at nanalangin.
El Filibusterismo,39,KATAPUSAN,174,"Nang tumindig at pinagmasdan ang bangkay na sa mukha’y nababakas ang isang matinding hapis, ang sakit ng isang buong buhay na walang kabuluhan, na tinaglay hanggang sa dako pa roon ng kamatayan, ay nangilabot ang matanda at bumulong na:"
El Filibusterismo,39,KATAPUSAN,175,—¡Kaawaan nawa ng Dios ang mga nagliko sa kaniya ng daan!
El Filibusterismo,39,KATAPUSAN,176,"At samantalang ang mga alilang tinawag niya ay nangagsisiluhod at nangagdadasal ng patungkol sa namatay, mga alilang maurira at nangalilibang sa pagtingin sa hihigan at inuulit-ulit ang mga sunod sunod na requiem, ay kinuha ni P. Florentino sa tataguan ang bantog na takbang bakal na kinalalagyan ng malaking kayamanan ni Simoun."
El Filibusterismo,39,KATAPUSAN,177,"Ilang sandaling nag-alinlangan, datapwa’y biglang pumanaog sa hagdanang dala ang takba, na may tangka nang gagawin, tinungo ang batong laging inuupan ni Isagani upang siyasatin ang kailaliman ng dagat."
El Filibusterismo,39,KATAPUSAN,178,Tumingin si P. Florentino sa dako ng kaniyang paanan.
El Filibusterismo,39,KATAPUSAN,179,"Sa ibaba’y nakikita ang paghampas sa mga ukab ng bato ng mga maiitim na alon ng Pasipiko, na lumilikha ng mauugong na kulog, na sabay sa pagniningning na wari’y apoy ng mga alon at mga bula, dahil sa tama ng sinag ng buwan, na wari’y dakotdakot na brillante na inihahagis sa hangin ng isang gawi ng kailaliman."
El Filibusterismo,39,KATAPUSAN,180,Tumanaw sa boo niyang paligid.
El Filibusterismo,39,KATAPUSAN,181,Nag-iisa siya.
El Filibusterismo,39,KATAPUSAN,182,"Ang ulilang baybayin ay nagtatapos sa malayo na wari’y isang paguulap, na pinapawi unti-unti ng buwan hanggang sa makiisa sa lalong malayong dako na abot ng tanaw."
El Filibusterismo,39,KATAPUSAN,183,Ang kagubatan ay bumubulong ng mga tingig na walang linaw.
El Filibusterismo,39,KATAPUSAN,184,"Sa gayo’y inihagis ng matanda na itinapon sa dagat ang takba, sa tulong ng kaniyang malalakas na bisig."
El Filibusterismo,39,KATAPUSAN,185,Umikit na makailan at matuling tumungo sa kailaliman na gumuhit ng pabalantok at naglarawan sa kaniyang makinis na ibabaw ng ilang malamlam na sinag ng buwan.
El Filibusterismo,39,KATAPUSAN,186,"Nakita ng matanda ang pagtilampon ng mga patak, nakadingig ng isang buluwak at naghilom ang tubig matapos malamon ang kayamanan."
El Filibusterismo,39,KATAPUSAN,187,"Nag-antabay ng ilang sandali upang tingnan kung may isasauli ang kailaliman, ngunit muling naghilom ang mga alon na mahiwagang gaya ng dati, at hindi naragdagan ng isa mang kuton ang kaniyang kulot na ibabaw, na waring sa nilapadlapad ng dagat ay walang nahulog kundi isang munting bato lamang."
El Filibusterismo,39,KATAPUSAN,188,—¡Itago ka ng Kalikasan sa kailaliman na kasama ng mga korales at mga perlas ng kaniyang walang pagkapawing mga dagat!
El Filibusterismo,39,KATAPUSAN,189,—ang sabi ng klerigo na iniunat ang kamay.
El Filibusterismo,39,KATAPUSAN,190,"—Kapag sa isang banal at mataas na layon ay kakailanganin ka ng mga tao, ay matututuhan kang kunin ng Dios sa sinapupunan ng mga alon...."
El Filibusterismo,39,KATAPUSAN,191,"Samantala, diyan ay hindi ka makagagawa ng kasamaan, hindi mo ililiko ang katwiran, hindi ka mag-uudyok sa kasakiman!...."
